sta7 2010 1 1 1 1.2 5.8 3.8 0.7 0 -999.9 -999.9 365
sta7 2010 1 2 2 -4.4 5.6 6 0.8 0.2 -999.9 -999.9 365
sta7 2010 1 3 3 0.6 4.5 3.6 1.3 0.2 -999.9 -999.9 365
sta7 2010 1 4 4 -3.2 0.8 5.8 1.2 0 -999.9 -999.9 365
sta7 2010 1 5 5 -6.7 2.8 4.6 0.5 3.6 -999.9 -999.9 365
sta7 2010 1 6 6 -2.1 3.1 2.8 0.4 0.2 -999.9 -999.9 365
sta7 2010 1 7 7 -3.7 1.7 5.1 0.9 0 -999.9 -999.9 365
sta7 2010 1 8 8 -4.8 1.9 4.9 0.6 1 -999.9 -999.9 365
sta7 2010 1 9 9 -3.8 1.3 3.7 0.3 1 -999.9 -999.9 365
sta7 2010 1 10 10 -1 1.9 2 0.3 0 -999.9 -999.9 365
sta7 2010 1 11 11 -4 3 4.8 0.5 0.2 -999.9 -999.9 365
sta7 2010 1 12 12 -4.1 4.9 1.4 0.4 10 -999.9 -999.9 365
sta7 2010 1 13 13 0.1 9.6 4.6 0.2 4.4 -999.9 -999.9 365
sta7 2010 1 14 14 2.3 5.3 2.5 0.4 0.2 -999.9 -999.9 365
sta7 2010 1 15 15 -1.7 6.6 3.8 0.2 6.2 -999.9 -999.9 365
sta7 2010 1 16 16 4 12 2.1 0.5 2.8 -999.9 -999.9 365
sta7 2010 1 17 17 3.9 12.2 5.7 0.8 0.4 -999.9 -999.9 365
sta7 2010 1 18 18 1.4 6.3 3.6 0.3 0.2 -999.9 -999.9 365
sta7 2010 1 19 19 3.3 7.8 3.2 0.8 9.8 -999.9 -999.9 365
sta7 2010 1 20 20 4.7 10 5.9 0.7 0.2 -999.9 -999.9 365
sta7 2010 1 21 21 -0.6 9.8 4 0.2 2.6 -999.9 -999.9 365
sta7 2010 1 22 22 8.6 9.1 1.5 0.4 1.8 -999.9 -999.9 365
sta7 2010 1 23 23 6.1 7.4 1.7 0.3 0.4 -999.9 -999.9 365
sta7 2010 1 24 24 3.4 8 4.4 0.9 0 -999.9 -999.9 365
sta7 2010 1 25 25 -1.8 5.2 3.1 0.3 10.6 -999.9 -999.9 365
sta7 2010 1 26 26 0.8 3.5 1.4 0.5 0 -999.9 -999.9 365
sta7 2010 1 27 27 -0.8 6.3 7 1.1 0 -999.9 -999.9 365
sta7 2010 1 28 28 2 8.5 3.6 0.5 0.6 -999.9 -999.9 365
sta7 2010 1 29 29 5 9.4 3.7 1.2 4.4 -999.9 -999.9 365
sta7 2010 1 30 30 1 6.1 6.4 1 0 -999.9 -999.9 365
sta7 2010 1 31 31 -4.6 5.6 5.8 0.5 3.2 -999.9 -999.9 365
sta7 2010 2 1 32 -2.5 8 7.8 0.5 0 -999.9 -999.9 365
sta7 2010 2 2 33 -0.4 8.6 3.1 0.2 1.6 -999.9 -999.9 365
sta7 2010 2 3 34 6.8 10.9 5.7 1 0.8 -999.9 -999.9 365
sta7 2010 2 4 35 6.5 8.9 4.5 0.9 8.8 -999.9 -999.9 365
sta7 2010 2 5 36 4.2 10.1 6.8 0.9 14.5 -999.9 -999.9 365
sta7 2010 2 6 37 5.7 9.4 3.3 0.7 0.4 -999.9 -999.9 365
sta7 2010 2 7 38 2.6 7.8 5.7 0.9 0 -999.9 -999.9 365
sta7 2010 2 8 39 -0.8 4.7 4.1 0.5 0.2 -999.9 -999.9 365
sta7 2010 2 9 40 0.4 3.1 2.5 1 0 -999.9 -999.9 365
sta7 2010 2 10 41 -3 5.6 7.3 1.1 0.2 -999.9 -999.9 365
sta7 2010 2 11 42 -1.8 1.8 6.5 1 0.2 -999.9 -999.9 365
sta7 2010 2 12 43 -2.1 5.9 7.8 1 0 -999.9 -999.9 365
sta7 2010 2 13 44 0.1 3.3 4.5 0.9 0.4 -999.9 -999.9 365
sta7 2010 2 14 45 -0.8 3.8 9.5 0.8 0 -999.9 -999.9 365
sta7 2010 2 15 46 -3.2 6.1 7 0.7 0.2 -999.9 -999.9 365
sta7 2010 2 16 47 -1.1 8.1 10.8 1 0 -999.9 -999.9 365
sta7 2010 2 17 48 -6.2 9.5 10.5 0.7 5.4 -999.9 -999.9 365
sta7 2010 2 18 49 2 10.6 8.2 1.1 2.6 -999.9 -999.9 365
sta7 2010 2 19 50 -0.9 8.3 9.7 0.7 1.8 -999.9 -999.9 365
sta7 2010 2 20 51 -1.2 9 10.8 0.8 1.6 -999.9 -999.9 365
sta7 2010 2 21 52 1.2 10.5 6.8 0.6 12.2 -999.9 -999.9 365
sta7 2010 2 22 53 5.6 11.5 5.2 0.6 7.4 -999.9 -999.9 365
sta7 2010 2 23 54 8.3 12.6 8.8 1.3 6.2 -999.9 -999.9 365
sta7 2010 2 24 55 7.2 10.7 4.5 0.9 14.5 -999.9 -999.9 365
sta7 2010 2 25 56 7.5 13.1 6.1 1.2 19.7 -999.9 -999.9 365
sta7 2010 2 26 57 5 11.9 12.1 1.6 8.4 -999.9 -999.9 365
sta7 2010 2 27 58 6.8 11.3 5.1 1.1 33.7 -999.9 -999.9 365
sta7 2010 2 28 59 4.5 10.6 10.4 1.6 0.8 -999.9 -999.9 365
sta7 2010 3 1 60 -0.6 6.9 4.1 0.5 7.4 -999.9 -999.9 365
sta7 2010 3 2 61 1 10.9 13 1.1 0.2 -999.9 -999.9 365
sta7 2010 3 3 62 5 10.3 10.9 2.1 0 -999.9 -999.9 365
sta7 2010 3 4 63 0.1 8 9.6 1.7 0 -999.9 -999.9 365
sta7 2010 3 5 64 -0.8 7.5 15.2 1.6 0 -999.9 -999.9 365
sta7 2010 3 6 65 -3.2 9 11.2 1.2 0 -999.9 -999.9 365
sta7 2010 3 7 66 -2.1 3.9 15.3 2 0 -999.9 -999.9 365
sta7 2010 3 8 67 -2.2 6.9 15.9 2.6 0 -999.9 -999.9 365
sta7 2010 3 9 68 0 7.1 15.3 2 0 -999.9 -999.9 365
sta7 2010 3 10 69 -0.4 8.3 13.9 1.9 0 -999.9 -999.9 365
sta7 2010 3 11 70 2.1 8.7 12.7 2.1 0 -999.9 -999.9 365
sta7 2010 3 12 71 -1.4 9 7.8 1.3 0 -999.9 -999.9 365
sta7 2010 3 13 72 4.7 9.2 7.7 1.4 0 -999.9 -999.9 365
sta7 2010 3 14 73 -1.6 9.8 6.9 1.1 0.2 -999.9 -999.9 365
sta7 2010 3 15 74 -2.3 13.7 15.6 1.4 0 -999.9 -999.9 365
sta7 2010 3 16 75 -2.1 13.9 16.1 1.8 0.2 -999.9 -999.9 365
sta7 2010 3 17 76 1.2 18.5 15.7 2.6 0 -999.9 -999.9 365
sta7 2010 3 18 77 5.2 15.7 9.5 2.4 5.4 -999.9 -999.9 365
sta7 2010 3 19 78 10.3 12.4 3.1 0.6 26.7 -999.9 -999.9 365
sta7 2010 3 20 79 9.9 13 5.4 1.4 0.4 -999.9 -999.9 365
sta7 2010 3 21 80 4.5 11.9 12.2 2 0.2 -999.9 -999.9 365
sta7 2010 3 22 81 2.5 12.6 11.5 1.5 1.2 -999.9 -999.9 365
sta7 2010 3 23 82 9.5 12.3 8.7 1.6 0.2 -999.9 -999.9 365
sta7 2010 3 24 83 8.3 15.1 6.3 1.5 1.6 -999.9 -999.9 365
sta7 2010 3 25 84 7.6 12.7 7.4 1.6 5.2 -999.9 -999.9 365
sta7 2010 3 26 85 6.9 11.9 11.6 2 9.6 -999.9 -999.9 365
sta7 2010 3 27 86 8.4 14.4 9.9 1.8 4.2 -999.9 -999.9 365
sta7 2010 3 28 87 8.2 12.6 5.4 1 0.8 -999.9 -999.9 365
sta7 2010 3 29 88 9.5 12.6 6.9 1.6 5.8 -999.9 -999.9 365
sta7 2010 3 30 89 6.2 11.7 14.6 2.3 3.4 -999.9 -999.9 365
sta7 2010 3 31 90 5.1 12.1 18.4 3.1 0.2 -999.9 -999.9 365
sta7 2010 4 1 91 1.9 11.7 18.5 2.2 3.4 -999.9 -999.9 365
sta7 2010 4 2 92 5 12.1 15.5 2.4 9.6 -999.9 -999.9 365
sta7 2010 4 3 93 5.4 11.5 12.3 1.9 10 -999.9 -999.9 365
sta7 2010 4 4 94 4.2 12.9 16.7 2.3 0.2 -999.9 -999.9 365
sta7 2010 4 5 95 3.2 12.9 14.8 1.8 0 -999.9 -999.9 365
sta7 2010 4 6 96 5.2 16.9 18.4 2.6 0 -999.9 -999.9 365
sta7 2010 4 7 97 7.7 14.5 13.6 2.1 0 -999.9 -999.9 365
sta7 2010 4 8 98 3.2 14.5 21.1 2.4 0.2 -999.9 -999.9 365
sta7 2010 4 9 99 3.1 17.2 22 2.5 0 -999.9 -999.9 365
sta7 2010 4 10 100 5.5 18.6 21.6 3.2 0 -999.9 -999.9 365
sta7 2010 4 11 101 5.5 12.8 16.3 2.9 0 -999.9 -999.9 365
sta7 2010 4 12 102 4.8 13.6 20 2.7 0 -999.9 -999.9 365
sta7 2010 4 13 103 5.6 13.2 14.3 2.6 0 -999.9 -999.9 365
sta7 2010 4 14 104 4.1 13.7 19.8 2.7 0 -999.9 -999.9 365
sta7 2010 4 15 105 3.7 15.5 17.8 2.5 0 -999.9 -999.9 365
sta7 2010 4 16 106 4.6 16.2 21.8 3.2 0 -999.9 -999.9 365
sta7 2010 4 17 107 3.1 18.7 23.3 2.8 0 -999.9 -999.9 365
sta7 2010 4 18 108 4.3 22.7 23.4 3.1 0 -999.9 -999.9 365
sta7 2010 4 19 109 3.9 21.5 21.7 3 0.4 -999.9 -999.9 365
sta7 2010 4 20 110 2.6 16.9 23.8 3.1 0 -999.9 -999.9 365
sta7 2010 4 21 111 2.3 17 20.8 3 0 -999.9 -999.9 365
sta7 2010 4 22 112 5 18.5 23.5 4 0 -999.9 -999.9 365
sta7 2010 4 23 113 2.4 20 24.2 3.2 0 -999.9 -999.9 365
sta7 2010 4 24 114 2.3 19.4 22 2.8 0 -999.9 -999.9 365
sta7 2010 4 25 115 10.8 19.4 19.2 3.1 0.2 -999.9 -999.9 365
sta7 2010 4 26 116 7.1 21.3 23 2.9 0 -999.9 -999.9 365
sta7 2010 4 27 117 6.3 21.7 23.9 3.3 0.2 -999.9 -999.9 365
sta7 2010 4 28 118 10.9 24.4 22.4 4.4 0 -999.9 -999.9 365
sta7 2010 4 29 119 8.3 22.3 15.4 3 0.4 -999.9 -999.9 365
sta7 2010 4 30 120 5.7 16.1 16.4 2.2 0.2 -999.9 -999.9 365
sta7 2010 5 1 121 7.8 17.6 12.6 2 0.4 -999.9 -999.9 365
sta7 2010 5 2 122 6.9 15.1 13.3 1.9 1.6 -999.9 -999.9 365
sta7 2010 5 3 123 6.4 11.2 12.8 2.8 0 -999.9 -999.9 365
sta7 2010 5 4 124 4.1 11.8 21.1 3.2 0 -999.9 -999.9 365
sta7 2010 5 5 125 4.4 13.1 19 2.7 0 -999.9 -999.9 365
sta7 2010 5 6 126 7.9 14.9 10.7 2.1 0 -999.9 -999.9 365
sta7 2010 5 7 127 4.4 13.8 15.4 2.5 0 -999.9 -999.9 365
sta7 2010 5 8 128 3.8 13.2 12.3 2.2 0 -999.9 -999.9 365
sta7 2010 5 9 129 6.4 17.4 16.6 3.2 1 -999.9 -999.9 365
sta7 2010 5 10 130 8.4 11.1 5.2 1.3 11.8 -999.9 -999.9 365
sta7 2010 5 11 131 6.8 12.8 18.8 3.4 0 -999.9 -999.9 365
sta7 2010 5 12 132 3.7 12.3 17.7 2.6 0 -999.9 -999.9 365
sta7 2010 5 13 133 -0.1 14 25 2.7 0.2 -999.9 -999.9 365
sta7 2010 5 14 134 1.5 12.6 13.1 1.9 1.4 -999.9 -999.9 365
sta7 2010 5 15 135 6 15.9 18.2 2.7 1 -999.9 -999.9 365
sta7 2010 5 16 136 2.4 16.1 15.9 1.9 0.2 -999.9 -999.9 365
sta7 2010 5 17 137 6.1 19.9 27.1 3 0 -999.9 -999.9 365
sta7 2010 5 18 138 5.5 17.8 18.2 2.6 0 -999.9 -999.9 365
sta7 2010 5 19 139 8.6 19.1 15.8 2.8 0 -999.9 -999.9 365
sta7 2010 5 20 140 9.7 21 19.1 3.2 0 -999.9 -999.9 365
sta7 2010 5 21 141 10.1 24.9 28.7 4.7 0 -999.9 -999.9 365
sta7 2010 5 22 142 11.9 25.5 28.7 5.2 0 -999.9 -999.9 365
sta7 2010 5 23 143 11 27 29.6 5.3 0 -999.9 -999.9 365
sta7 2010 5 24 144 10.9 29.4 29.7 5.8 0 -999.9 -999.9 365
sta7 2010 5 25 145 11.6 23.9 16.9 3.6 5.6 -999.9 -999.9 365
sta7 2010 5 26 146 13.4 19.5 17.8 2.8 0 -999.9 -999.9 365
sta7 2010 5 27 147 12.4 20.5 13 2.5 0 -999.9 -999.9 365
sta7 2010 5 28 148 4.1 19.6 27.3 3.4 0.6 -999.9 -999.9 365
sta7 2010 5 29 149 9.3 16.9 10.6 1.8 5 -999.9 -999.9 365
sta7 2010 5 30 150 13.5 20 15.1 2.6 2.2 -999.9 -999.9 365
sta7 2010 5 31 151 11.1 18 15.8 2.4 1.8 -999.9 -999.9 365
sta7 2010 6 1 152 14.3 18.5 11.2 2 0.4 -999.9 -999.9 365
sta7 2010 6 2 153 9.5 19.2 19.5 2.9 0.2 -999.9 -999.9 365
sta7 2010 6 3 154 10.3 25.1 29.7 4.3 0 -999.9 -999.9 365
sta7 2010 6 4 155 12.3 27.4 28.1 4.9 0 -999.9 -999.9 365
sta7 2010 6 5 156 11.4 26.4 25.5 4 0.2 -999.9 -999.9 365
sta7 2010 6 6 157 12.4 22 24.2 4.3 0 -999.9 -999.9 365
sta7 2010 6 7 158 7.7 19.5 15.6 2.5 2.4 -999.9 -999.9 365
sta7 2010 6 8 159 13.8 18 16.6 3.1 4.6 -999.9 -999.9 365
sta7 2010 6 9 160 12.7 18.6 14.2 2.5 11 -999.9 -999.9 365
sta7 2010 6 10 161 14.5 17.6 6.7 1.3 7.6 -999.9 -999.9 365
sta7 2010 6 11 162 14.3 20.7 15.1 3.2 12.9 -999.9 -999.9 365
sta7 2010 6 12 163 13.2 21.2 23 4.4 0 -999.9 -999.9 365
sta7 2010 6 13 164 9.1 22.6 25.3 3.6 0.4 -999.9 -999.9 365
sta7 2010 6 14 165 10.4 17.6 16.4 2.6 8.8 -999.9 -999.9 365
sta7 2010 6 15 166 12.3 16.9 19.2 3.9 0 -999.9 -999.9 365
sta7 2010 6 16 167 9.6 17.1 27.4 4.3 0 -999.9 -999.9 365
sta7 2010 6 17 168 11.1 19.9 25.4 4 0 -999.9 -999.9 365
sta7 2010 6 18 169 11.9 21.1 27.4 4.5 0 -999.9 -999.9 365
sta7 2010 6 19 170 10.8 18.7 19.6 3.8 0.4 -999.9 -999.9 365
sta7 2010 6 20 171 5.5 18.7 27.4 4.1 0 -999.9 -999.9 365
sta7 2010 6 21 172 5.9 23 30.4 4 0.2 -999.9 -999.9 365
sta7 2010 6 22 173 8.2 25.8 27.7 4.3 0 -999.9 -999.9 365
sta7 2010 6 23 174 10.6 26.6 27.4 4.8 0 -999.9 -999.9 365
sta7 2010 6 24 175 11.4 27.6 29.1 5.2 0 -999.9 -999.9 365
sta7 2010 6 25 176 11.4 27.9 30.3 5 0 -999.9 -999.9 365
sta7 2010 6 26 177 11.6 30 30.1 5.1 0 -999.9 -999.9 365
sta7 2010 6 27 178 13.3 27.3 25.2 5.2 0 -999.9 -999.9 365
sta7 2010 6 28 179 13.8 28.1 28 5.5 0 -999.9 -999.9 365
sta7 2010 6 29 180 10 29.1 29.4 5.7 0.2 -999.9 -999.9 365
sta7 2010 6 30 181 12.3 27.9 28.1 5 0 -999.9 -999.9 365
sta7 2010 7 1 182 10.8 26.5 25.3 4.9 0 -999.9 -999.9 365
sta7 2010 7 2 183 16.3 25.1 15 3.4 0 -999.9 -999.9 365
sta7 2010 7 3 184 12.6 25.5 26.1 4.5 0.2 -999.9 -999.9 365
sta7 2010 7 4 185 10.8 25.9 28.8 4.4 0 -999.9 -999.9 365
sta7 2010 7 5 186 16.2 23.7 21.2 4.9 0 -999.9 -999.9 365
sta7 2010 7 6 187 9 25.4 28.3 4.1 0 -999.9 -999.9 365
sta7 2010 7 7 188 9.5 27.6 29.9 5.4 0 -999.9 -999.9 365
sta7 2010 7 8 189 10.9 31.1 27.7 5.5 0.2 -999.9 -999.9 365
sta7 2010 7 9 190 15.8 30.1 27.7 5 0 -999.9 -999.9 365
sta7 2010 7 10 191 12.9 27 29 5.1 0 -999.9 -999.9 365
sta7 2010 7 11 192 15.7 24.3 20.2 4.2 2 -999.9 -999.9 365
sta7 2010 7 12 193 14.6 22.6 15 3.3 3.8 -999.9 -999.9 365
sta7 2010 7 13 194 16.5 20.9 18.2 4.5 1.2 -999.9 -999.9 365
sta7 2010 7 14 195 16 20.8 18 4.5 14.1 -999.9 -999.9 365
sta7 2010 7 15 196 13.5 20.8 22.5 5.1 8.6 -999.9 -999.9 365
sta7 2010 7 16 197 13.6 20.4 23.5 4.1 0.4 -999.9 -999.9 365
sta7 2010 7 17 198 11.4 21.9 23.8 4.3 0 -999.9 -999.9 365
sta7 2010 7 18 199 8.3 26.9 29 5 0 -999.9 -999.9 365
sta7 2010 7 19 200 12 29.6 27.1 5.5 0 -999.9 -999.9 365
sta7 2010 7 20 201 13.6 24.8 18.4 4 8.6 -999.9 -999.9 365
sta7 2010 7 21 202 14 20.9 23 3.9 0.2 -999.9 -999.9 365
sta7 2010 7 22 203 11.5 20.8 23.3 3.9 0.2 -999.9 -999.9 365
sta7 2010 7 23 204 11.5 23.5 21.5 3.9 0 -999.9 -999.9 365
sta7 2010 7 24 205 9.5 21.7 15.7 2.9 0.2 -999.9 -999.9 365
sta7 2010 7 25 206 15.2 25.5 21.3 4.2 0 -999.9 -999.9 365
sta7 2010 7 26 207 13.3 27.5 22.5 4 0 -999.9 -999.9 365
sta7 2010 7 27 208 15.3 26.3 19.3 3.9 0 -999.9 -999.9 365
sta7 2010 7 28 209 13.9 26 19.8 4 0.2 -999.9 -999.9 365
sta7 2010 7 29 210 14.6 25.7 22.1 4.4 0 -999.9 -999.9 365
sta7 2010 7 30 211 9.7 22.8 18.1 3.2 0 -999.9 -999.9 365
sta7 2010 7 31 212 15.6 23.4 12.3 3 1.4 -999.9 -999.9 365
sta7 2010 8 1 213 12.8 22.5 13.7 2.7 0.2 -999.9 -999.9 365
sta7 2010 8 2 214 13.1 23.5 17.2 3.7 0.4 -999.9 -999.9 365
sta7 2010 8 3 215 9 20.6 14.6 2.6 0.2 -999.9 -999.9 365
sta7 2010 8 4 216 14.4 21.7 13.7 3.2 0.2 -999.9 -999.9 365
sta7 2010 8 5 217 9.4 23.1 21.2 3.8 0 -999.9 -999.9 365
sta7 2010 8 6 218 9.6 22.7 21.1 3.8 0 -999.9 -999.9 365
sta7 2010 8 7 219 15.9 22.9 13.3 3.2 0.8 -999.9 -999.9 365
sta7 2010 8 8 220 8.9 25.2 20.6 3.4 0.2 -999.9 -999.9 365
sta7 2010 8 9 221 10.6 25.8 24 3.8 0.6 -999.9 -999.9 365
sta7 2010 8 10 222 15.7 21.6 9.8 2.2 3.4 -999.9 -999.9 365
sta7 2010 8 11 223 15.4 23.7 19.3 4 0 -999.9 -999.9 365
sta7 2010 8 12 224 10.7 22.6 16.7 3.7 0.2 -999.9 -999.9 365
sta7 2010 8 13 225 9.3 18.5 10.4 2.7 0 -999.9 -999.9 365
sta7 2010 8 14 226 9.8 18.6 8.4 1.7 11.2 -999.9 -999.9 365
sta7 2010 8 15 227 12.2 19.9 14 2.6 0.2 -999.9 -999.9 365
sta7 2010 8 16 228 10 24.9 24.1 4.2 0 -999.9 -999.9 365
sta7 2010 8 17 229 12.3 19 9.3 2 1 -999.9 -999.9 365
sta7 2010 8 18 230 8.6 21.8 19 3.3 0.2 -999.9 -999.9 365
sta7 2010 8 19 231 7 23.1 22.3 3.3 0.2 -999.9 -999.9 365
sta7 2010 8 20 232 13.1 21 11.9 2.4 1.2 -999.9 -999.9 365
sta7 2010 8 21 233 18.2 21.9 11.9 3.1 0 -999.9 -999.9 365
sta7 2010 8 22 234 16.9 20.9 10.3 2.4 4 -999.9 -999.9 365
sta7 2010 8 23 235 16.9 21.4 13.4 3.9 0.2 -999.9 -999.9 365
sta7 2010 8 24 236 8.1 20.8 17.9 3 0.8 -999.9 -999.9 365
sta7 2010 8 25 237 13.6 19.9 5.8 1.2 8 -999.9 -999.9 365
sta7 2010 8 26 238 18.8 20.6 5.4 1.8 20.5 -999.9 -999.9 365
sta7 2010 8 27 239 15.4 20.5 9 2.5 0.2 -999.9 -999.9 365
sta7 2010 8 28 240 9.3 21.9 19.8 3.2 0.2 -999.9 -999.9 365
sta7 2010 8 29 241 7 21.8 21.7 3.4 0.2 -999.9 -999.9 365
sta7 2010 8 30 242 9.3 20.2 23.4 3.8 0.2 -999.9 -999.9 365
sta7 2010 8 31 243 6.2 22.5 22.7 3.9 0 -999.9 -999.9 365
sta7 2010 9 1 244 9.2 23.7 20.3 4.5 0 -999.9 -999.9 365
sta7 2010 9 2 245 10.7 25.8 20.8 4.1 0.2 -999.9 -999.9 365
sta7 2010 9 3 246 10.5 28.1 20.7 3.9 0 -999.9 -999.9 365
sta7 2010 9 4 247 10.8 28 18.1 3.6 0.2 -999.9 -999.9 365
sta7 2010 9 5 248 12.5 26.3 16.4 4.1 0 -999.9 -999.9 365
sta7 2010 9 6 249 13.1 19.5 6.4 1.6 5 -999.9 -999.9 365
sta7 2010 9 7 250 12 18.5 8 2 18.9 -999.9 -999.9 365
sta7 2010 9 8 251 10.5 19.6 17.8 2.4 20.1 -999.9 -999.9 365
sta7 2010 9 9 252 10.4 20.8 16.7 2.4 0.4 -999.9 -999.9 365
sta7 2010 9 10 253 10 20.8 15.7 2.4 0 -999.9 -999.9 365
sta7 2010 9 11 254 14.9 22.5 13.6 2.7 0.2 -999.9 -999.9 365
sta7 2010 9 12 255 11.4 20.6 18 3 0.2 -999.9 -999.9 365
sta7 2010 9 13 256 8.1 20.7 15.6 2.1 0.2 -999.9 -999.9 365
sta7 2010 9 14 257 9.6 20.5 18.4 2.8 0.6 -999.9 -999.9 365
sta7 2010 9 15 258 13.5 20 13 2.8 1.2 -999.9 -999.9 365
sta7 2010 9 16 259 10.3 18.6 10.7 2.4 0 -999.9 -999.9 365
sta7 2010 9 17 260 5.7 19.2 14 2.6 0.2 -999.9 -999.9 365
sta7 2010 9 18 261 2.9 19.8 15.9 2.1 0.2 -999.9 -999.9 365
sta7 2010 9 19 262 3.1 19.6 18.4 2.2 0.2 -999.9 -999.9 365
sta7 2010 9 20 263 3.8 22.7 13.7 1.8 0.2 -999.9 -999.9 365
sta7 2010 9 21 264 7.5 24.7 17.6 3 0.2 -999.9 -999.9 365
sta7 2010 9 22 265 7.1 22.7 11.2 2.4 0.2 -999.9 -999.9 365
sta7 2010 9 23 266 12.3 18.9 4.9 1.2 2.8 -999.9 -999.9 365
sta7 2010 9 24 267 9.3 17.6 10.1 1.9 3.2 -999.9 -999.9 365
sta7 2010 9 25 268 9.5 14.9 12.1 3.1 0 -999.9 -999.9 365
sta7 2010 9 26 269 1.9 16.2 11.8 2.2 0 -999.9 -999.9 365
sta7 2010 9 27 270 3.3 16.5 11.4 1.9 0.2 -999.9 -999.9 365
sta7 2010 9 28 271 3.7 18.4 13.5 1.7 0 -999.9 -999.9 365
sta7 2010 9 29 272 8.9 17.2 4.8 1.2 6.6 -999.9 -999.9 365
sta7 2010 9 30 273 4.4 17.8 9.4 1.2 3 -999.9 -999.9 365
sta7 2010 10 1 274 12.3 17.2 2.8 0.4 36.6 -999.9 -999.9 365
sta7 2010 10 2 275 14.8 16.8 3.5 0.8 29.5 -999.9 -999.9 365
sta7 2010 10 3 276 13.3 16.3 4.2 1.1 23.1 -999.9 -999.9 365
sta7 2010 10 4 277 13.3 17.1 6.3 1.6 9 -999.9 -999.9 365
sta7 2010 10 5 278 10.9 17.6 3.7 0.4 29.9 -999.9 -999.9 365
sta7 2010 10 6 279 12.3 17 10.1 2.2 0.2 -999.9 -999.9 365
sta7 2010 10 7 280 5.8 21.2 8.9 0.9 0.8 -999.9 -999.9 365
sta7 2010 10 8 281 15.8 23.9 11.3 2.1 0.4 -999.9 -999.9 365
sta7 2010 10 9 282 16.4 22.9 9.6 2.5 0.4 -999.9 -999.9 365
sta7 2010 10 10 283 15.7 22.2 9.6 2.2 0.2 -999.9 -999.9 365
sta7 2010 10 11 284 10.4 19.9 12.2 3 0 -999.9 -999.9 365
sta7 2010 10 12 285 7.4 18.7 13.2 2.6 0.2 -999.9 -999.9 365
sta7 2010 10 13 286 7.9 16.8 12.2 2.2 0 -999.9 -999.9 365
sta7 2010 10 14 287 9.2 14.8 5.2 1.5 0 -999.9 -999.9 365
sta7 2010 10 15 288 10.3 13.6 3.8 1.4 0 -999.9 -999.9 365
sta7 2010 10 16 289 9.4 15.5 10.5 2.1 0 -999.9 -999.9 365
sta7 2010 10 17 290 3.7 14.4 8.8 1.4 0.2 -999.9 -999.9 365
sta7 2010 10 18 291 0.8 15.6 6.9 0.9 0 -999.9 -999.9 365
sta7 2010 10 19 292 9.9 14.8 5.8 1.7 0.6 -999.9 -999.9 365
sta7 2010 10 20 293 5.6 13.8 9.3 1.6 0.2 -999.9 -999.9 365
sta7 2010 10 21 294 -1.1 12.5 10.5 1.2 0.2 -999.9 -999.9 365
sta7 2010 10 22 295 1.9 14.2 9 1.7 0 -999.9 -999.9 365
sta7 2010 10 23 296 3.8 14.4 4.9 1.1 3.6 -999.9 -999.9 365
sta7 2010 10 24 297 1.3 14.2 8.4 1 0 -999.9 -999.9 365
sta7 2010 10 25 298 0.2 12.2 10.5 1.1 0.2 -999.9 -999.9 365
sta7 2010 10 26 299 -1.4 13 6.3 0.9 0.2 -999.9 -999.9 365
sta7 2010 10 27 300 8.8 15.5 4.9 1.2 2.4 -999.9 -999.9 365
sta7 2010 10 28 301 10.5 16.3 7.6 0.8 0.2 -999.9 -999.9 365
sta7 2010 10 29 302 10.4 16.9 4.2 1.5 16.9 -999.9 -999.9 365
sta7 2010 10 30 303 7.6 14.7 7 1.3 44.7 -999.9 -999.9 365
sta7 2010 10 31 304 10.6 16.1 6.2 1.1 1.8 -999.9 -999.9 365
sta7 2010 11 1 305 9.8 16.1 8.4 1.1 0.4 -999.9 -999.9 365
sta7 2010 11 2 306 6.2 16.3 6.1 0.6 1 -999.9 -999.9 365
sta7 2010 11 3 307 11.8 16.8 3.5 0.6 0 -999.9 -999.9 365
sta7 2010 11 4 308 14.1 16.4 3.9 1.7 0 -999.9 -999.9 365
sta7 2010 11 5 309 10.9 16.9 5 1.5 0.2 -999.9 -999.9 365
sta7 2010 11 6 310 9.9 14 1.7 0.5 12.2 -999.9 -999.9 365
sta7 2010 11 7 311 4.9 10.9 6.4 0.8 10.4 -999.9 -999.9 365
sta7 2010 11 8 312 3.1 13.1 6.1 0.3 5 -999.9 -999.9 365
sta7 2010 11 9 313 7.1 11.1 4.4 0.9 5.4 -999.9 -999.9 365
sta7 2010 11 10 314 3.8 10.6 6.7 1.4 4.2 -999.9 -999.9 365
sta7 2010 11 11 315 0.2 14.7 1.8 0.1 14.3 -999.9 -999.9 365
sta7 2010 11 12 316 11.5 14.9 2.8 0.9 23.5 -999.9 -999.9 365
sta7 2010 11 13 317 13.7 14.5 1.4 0.5 41.9 -999.9 -999.9 365
sta7 2010 11 14 318 6.3 12.2 5.8 0.6 10.2 -999.9 -999.9 365
sta7 2010 11 15 319 1.9 11.5 6.2 0.6 0.2 -999.9 -999.9 365
sta7 2010 11 16 320 -0.5 12 6.1 0.5 1.4 -999.9 -999.9 365
sta7 2010 11 17 321 6.9 11.1 3.8 0.8 11.5 -999.9 -999.9 365
sta7 2010 11 18 322 3.7 12.4 5.7 0.8 0.4 -999.9 -999.9 365
sta7 2010 11 19 323 3.2 10.4 3.1 0.3 7.8 -999.9 -999.9 365
sta7 2010 11 20 324 7 9.2 2.9 0.9 0.4 -999.9 -999.9 365
sta7 2010 11 21 325 6.3 9.5 3.8 1 0.8 -999.9 -999.9 365
sta7 2010 11 22 326 4.6 9 4.6 0.6 2.2 -999.9 -999.9 365
sta7 2010 11 23 327 2.5 9.2 5.2 0.6 0.2 -999.9 -999.9 365
sta7 2010 11 24 328 -1.1 10.8 5.2 0.5 1 -999.9 -999.9 365
sta7 2010 11 25 329 0.7 6.7 5 0.8 0.4 -999.9 -999.9 365
sta7 2010 11 26 330 -2.7 5.1 3.8 0.5 1.2 -999.9 -999.9 365
sta7 2010 11 27 331 0.2 4.8 3.3 0.4 0.6 -999.9 -999.9 365
sta7 2010 11 28 332 -0.5 1.9 3.4 0.4 2.6 -999.9 -999.9 365
sta7 2010 11 29 333 -5.8 0.5 6.6 0.5 0 -999.9 -999.9 365
sta7 2010 11 30 334 -5.7 1 4.8 0.8 0 -999.9 -999.9 365
sta7 2010 12 1 335 -5.2 1.6 3.4 0.4 0 -999.9 -999.9 365
sta7 2010 12 2 336 -3.6 1.8 3.2 0.2 0.2 -999.9 -999.9 365
sta7 2010 12 3 337 -1.6 5.7 5.1 0.9 7.8 -999.9 -999.9 365
sta7 2010 12 4 338 -0.4 9.9 2.3 0.1 9.5 -999.9 -999.9 365
sta7 2010 12 5 339 5.3 6.9 1.3 0.3 6.6 -999.9 -999.9 365
sta7 2010 12 6 340 3 4 2.4 0.8 0 -999.9 -999.9 365
sta7 2010 12 7 341 0.1 3.2 3.2 0.7 1 -999.9 -999.9 365
sta7 2010 12 8 342 1.6 5 2.3 1 5 -999.9 -999.9 365
sta7 2010 12 9 343 -3 6.2 5.6 0.9 0.2 -999.9 -999.9 365
sta7 2010 12 10 344 -2.3 9.3 4 0.6 0 -999.9 -999.9 365
sta7 2010 12 11 345 -2.5 8.8 3.9 0.6 0.2 -999.9 -999.9 365
sta7 2010 12 12 346 3.3 6.6 2.5 0.6 0 -999.9 -999.9 365
sta7 2010 12 13 347 -1.8 4.4 5.6 1.1 0.2 -999.9 -999.9 365
sta7 2010 12 14 348 -4.7 5.7 3.3 0.3 0.2 -999.9 -999.9 365
sta7 2010 12 15 349 -1.9 5 2.1 0.5 0.2 -999.9 -999.9 365
sta7 2010 12 16 350 -0.1 7.1 1.1 0.2 2 -999.9 -999.9 365
sta7 2010 12 17 351 -1.1 4 4.2 0.5 0.2 -999.9 -999.9 365
sta7 2010 12 18 352 -2.3 2.4 1.6 0.1 14.8 -999.9 -999.9 365
sta7 2010 12 19 353 -1.2 9.4 3.9 0.6 14.8 -999.9 -999.9 365
sta7 2010 12 20 354 1.6 9.2 3.5 0.6 4.6 -999.9 -999.9 365
sta7 2010 12 21 355 -1.4 4.2 4.2 0.5 0.2 -999.9 -999.9 365
sta7 2010 12 22 356 -0.2 3.9 2.1 0.4 0 -999.9 -999.9 365
sta7 2010 12 23 357 2.6 4 2 1 0.4 -999.9 -999.9 365
sta7 2010 12 24 358 1.2 4.8 4 1.2 0 -999.9 -999.9 365
sta7 2010 12 25 359 -2.4 4.5 5.2 0.8 0.2 -999.9 -999.9 365
sta7 2010 12 26 360 -6.5 2.5 5.1 0.4 0 -999.9 -999.9 365
sta7 2010 12 27 361 -0.8 6.2 1.8 1.3 4 -999.9 -999.9 365
sta7 2010 12 28 362 1 9.7 1.8 0 0.2 -999.9 -999.9 365
sta7 2010 12 29 363 6.4 8.1 2 0.3 4.2 -999.9 -999.9 365
sta7 2010 12 30 364 5.2 7.2 2.2 0.4 0 -999.9 -999.9 365
sta7 2010 12 31 365 2.4 3.9 0.9 0.2 0.2 -999.9 -999.9 365
sta7 2011 1 1 1 -0.2 4.1 2.9 0.3 0 -999.9 -999.9 365
sta7 2011 1 2 2 2.3 6 2.7 0.5 0 -999.9 -999.9 365
sta7 2011 1 3 3 1.5 3.3 2.1 0.8 0.2 -999.9 -999.9 365
sta7 2011 1 4 4 1.7 6.4 2.8 0.7 0 -999.9 -999.9 365
sta7 2011 1 5 5 -0.5 11.5 2.1 0.4 9.4 -999.9 -999.9 365
sta7 2011 1 6 6 8 12.5 2 0.1 19.7 -999.9 -999.9 365
sta7 2011 1 7 7 8.8 13.5 3.2 1 10.9 -999.9 -999.9 365
sta7 2011 1 8 8 8.1 10.8 2.4 0.8 0.8 -999.9 -999.9 365
sta7 2011 1 9 9 1.2 10.4 5.6 0.7 0.4 -999.9 -999.9 365
sta7 2011 1 10 10 2.1 11.2 3.9 0.4 19.1 -999.9 -999.9 365
sta7 2011 1 11 11 7.5 11.3 2 0.9 1 -999.9 -999.9 365
sta7 2011 1 12 12 5.8 12.2 1.5 0 0.4 -999.9 -999.9 365
sta7 2011 1 13 13 11.3 12.3 1.5 0.7 0.2 -999.9 -999.9 365
sta7 2011 1 14 14 9.7 12.1 1.7 0.8 6.6 -999.9 -999.9 365
sta7 2011 1 15 15 8.7 12.4 4.8 0.6 0 -999.9 -999.9 365
sta7 2011 1 16 16 8.6 12 4 0.7 15.7 -999.9 -999.9 365
sta7 2011 1 17 17 9.9 13 5.1 1.2 1.4 -999.9 -999.9 365
sta7 2011 1 18 18 5 9.6 5.5 1.1 0 -999.9 -999.9 365
sta7 2011 1 19 19 0.4 7.1 6.6 0.5 0.2 -999.9 -999.9 365
sta7 2011 1 20 20 -0.4 8 5 0.7 0.4 -999.9 -999.9 365
sta7 2011 1 21 21 0.1 6.1 5.5 1 0 -999.9 -999.9 365
sta7 2011 1 22 22 0 6.7 4.3 0.5 0.2 -999.9 -999.9 365
sta7 2011 1 23 23 4.3 7.1 4.1 0.8 1.6 -999.9 -999.9 365
sta7 2011 1 24 24 5.1 7.4 3.4 1 1 -999.9 -999.9 365
sta7 2011 1 25 25 1.9 9.2 4.5 0.4 3.4 -999.9 -999.9 365
sta7 2011 1 26 26 3.9 8 2.9 0.4 0.8 -999.9 -999.9 365
sta7 2011 1 27 27 2.8 4.1 3.1 1.1 0 -999.9 -999.9 365
sta7 2011 1 28 28 -1 1.5 4.4 1.1 0 -999.9 -999.9 365
sta7 2011 1 29 29 -0.6 4 6.5 1 0 -999.9 -999.9 365
sta7 2011 1 30 30 -1.5 4.9 5.3 0.9 0 -999.9 -999.9 365
sta7 2011 1 31 31 -2.3 4.4 6.8 0.5 0.2 -999.9 -999.9 365
sta7 2011 2 1 32 0.6 6.3 3.9 0.4 0 -999.9 -999.9 365
sta7 2011 2 2 33 4.6 11.4 3.7 0.4 0.6 -999.9 -999.9 365
sta7 2011 2 3 34 7.9 12.2 8 0.7 0.2 -999.9 -999.9 365
sta7 2011 2 4 35 6.7 10.9 2.8 0.9 0 -999.9 -999.9 365
sta7 2011 2 5 36 9.9 11.7 3 1.6 0 -999.9 -999.9 365
sta7 2011 2 6 37 8.8 10.1 4.6 1.7 0 -999.9 -999.9 365
sta7 2011 2 7 38 7.9 11 3.4 1 1 -999.9 -999.9 365
sta7 2011 2 8 39 8.4 12.8 4.8 0.8 1.2 -999.9 -999.9 365
sta7 2011 2 9 40 4.4 11 5.3 0.6 1.8 -999.9 -999.9 365
sta7 2011 2 10 41 8.2 12.7 3.5 0.7 2.6 -999.9 -999.9 365
sta7 2011 2 11 42 9.3 13.9 5.4 1.6 2.2 -999.9 -999.9 365
sta7 2011 2 12 43 6.8 11.8 9.2 0.9 1.2 -999.9 -999.9 365
sta7 2011 2 13 44 6 9.3 2.3 0.8 11.9 -999.9 -999.9 365
sta7 2011 2 14 45 0 8.7 6.5 0.6 5.8 -999.9 -999.9 365
sta7 2011 2 15 46 5 9.8 6.8 1.2 3.4 -999.9 -999.9 365
sta7 2011 2 16 47 3.1 9.2 4.4 0.8 1 -999.9 -999.9 365
sta7 2011 2 17 48 3.3 12.8 9.7 1.2 0.2 -999.9 -999.9 365
sta7 2011 2 18 49 0 12 7.6 0.5 15.5 -999.9 -999.9 365
sta7 2011 2 19 50 8.3 14.7 8.3 1 0.6 -999.9 -999.9 365
sta7 2011 2 20 51 3.6 10.7 7 0.6 1.8 -999.9 -999.9 365
sta7 2011 2 21 52 6 9.9 3.1 0.4 5 -999.9 -999.9 365
sta7 2011 2 22 53 6.1 9.4 4.3 0.6 3 -999.9 -999.9 365
sta7 2011 2 23 54 6.8 12.5 4.3 0.5 0.4 -999.9 -999.9 365
sta7 2011 2 24 55 9.3 14.1 6.7 1.1 0 -999.9 -999.9 365
sta7 2011 2 25 56 8.2 12 4.5 0.9 2.4 -999.9 -999.9 365
sta7 2011 2 26 57 7.5 13.1 8.7 1.8 2 -999.9 -999.9 365
sta7 2011 2 27 58 3.4 11.5 9.4 1.5 9.5 -999.9 -999.9 365
sta7 2011 2 28 59 3.3 8.8 8.1 1.3 0.2 -999.9 -999.9 365
sta7 2011 3 1 60 3.4 6.9 3.6 1.1 2 -999.9 -999.9 365
sta7 2011 3 2 61 3.6 8.3 8.9 1.6 0 -999.9 -999.9 365
sta7 2011 3 3 62 2.3 9.7 11.7 1.8 0 -999.9 -999.9 365
sta7 2011 3 4 63 0.5 10.1 12.7 1.5 0 -999.9 -999.9 365
sta7 2011 3 5 64 -0.9 10.5 11.2 1.2 0.2 -999.9 -999.9 365
sta7 2011 3 6 65 -0.6 10.6 13 1.3 0.2 -999.9 -999.9 365
sta7 2011 3 7 66 -0.7 10.4 15.2 1.6 0.2 -999.9 -999.9 365
sta7 2011 3 8 67 -1.4 12 12.4 1.1 0.2 -999.9 -999.9 365
sta7 2011 3 9 68 2 12.8 9.9 1.1 0.2 -999.9 -999.9 365
sta7 2011 3 10 69 1.4 11.4 7.6 0.9 0.2 -999.9 -999.9 365
sta7 2011 3 11 70 7 13.1 10.4 1.6 0 -999.9 -999.9 365
sta7 2011 3 12 71 4.1 10.1 3.5 0.4 3.4 -999.9 -999.9 365
sta7 2011 3 13 72 8 10.4 6.5 1.3 0.4 -999.9 -999.9 365
sta7 2011 3 14 73 2 14 7.7 0.9 0 -999.9 -999.9 365
sta7 2011 3 15 74 7.6 18.5 9.6 2.2 0 -999.9 -999.9 365
sta7 2011 3 16 75 8.3 12.9 8.3 1.4 0 -999.9 -999.9 365
sta7 2011 3 17 76 7.8 13.8 11.6 1.7 0.2 -999.9 -999.9 365
sta7 2011 3 18 77 7.7 13.5 6.5 1.2 0.8 -999.9 -999.9 365
sta7 2011 3 19 78 4.4 12 18.1 2 0 -999.9 -999.9 365
sta7 2011 3 20 79 1.8 13.1 14.5 1.8 0 -999.9 -999.9 365
sta7 2011 3 21 80 0.7 15.5 17.8 1.9 0.2 -999.9 -999.9 365
sta7 2011 3 22 81 1.3 17.3 18.1 2.4 0 -999.9 -999.9 365
sta7 2011 3 23 82 2.9 18.5 18.2 2.9 0 -999.9 -999.9 365
sta7 2011 3 24 83 4.9 19.7 18 3.1 0 -999.9 -999.9 365
sta7 2011 3 25 84 5.4 18 15.4 2.3 0 -999.9 -999.9 365
sta7 2011 3 26 85 4 17.4 13 2 1 -999.9 -999.9 365
sta7 2011 3 27 86 9.8 14.9 8.3 1.4 2 -999.9 -999.9 365
sta7 2011 3 28 87 7.4 14.6 10.5 1 1.4 -999.9 -999.9 365
sta7 2011 3 29 88 9.2 14.9 10.2 1.6 0.4 -999.9 -999.9 365
sta7 2011 3 30 89 8.1 12.8 4.5 0.5 3.2 -999.9 -999.9 365
sta7 2011 3 31 90 11.7 13 4.6 1 0.4 -999.9 -999.9 365
sta7 2011 4 1 91 10.8 20.4 17.7 2.9 0 -999.9 -999.9 365
sta7 2011 4 2 92 11.5 16.5 9.9 2.3 0 -999.9 -999.9 365
sta7 2011 4 3 93 5.2 14.9 11.5 1.7 2.2 -999.9 -999.9 365
sta7 2011 4 4 94 1.9 14.6 18.2 2.1 0 -999.9 -999.9 365
sta7 2011 4 5 95 4.2 17.2 19.4 2.6 0.2 -999.9 -999.9 365
sta7 2011 4 6 96 4.6 23.8 22 3.8 0 -999.9 -999.9 365
sta7 2011 4 7 97 4.7 26.1 19.1 3.6 0 -999.9 -999.9 365
sta7 2011 4 8 98 5.3 24.6 21.6 3.2 0 -999.9 -999.9 365
sta7 2011 4 9 99 7.8 23.1 21.2 3.4 0.2 -999.9 -999.9 365
sta7 2011 4 10 100 8.2 22.7 18.3 2.2 0.2 -999.9 -999.9 365
sta7 2011 4 11 101 7.2 16.3 9.1 1.7 0 -999.9 -999.9 365
sta7 2011 4 12 102 5.1 14.5 21.6 2.9 0 -999.9 -999.9 365
sta7 2011 4 13 103 -0.6 12.9 10.4 1.8 0 -999.9 -999.9 365
sta7 2011 4 14 104 3.2 16.9 15.1 2.8 0 -999.9 -999.9 365
sta7 2011 4 15 105 5.6 17.4 13.6 2.8 0.2 -999.9 -999.9 365
sta7 2011 4 16 106 3 18 17.3 2.5 0.2 -999.9 -999.9 365
sta7 2011 4 17 107 3.2 19.4 22.6 3.3 0 -999.9 -999.9 365
sta7 2011 4 18 108 5.1 21.7 23.4 3.6 0.2 -999.9 -999.9 365
sta7 2011 4 19 109 5.8 24 20.5 3.3 0 -999.9 -999.9 365
sta7 2011 4 20 110 8.7 24.6 23 4.1 0 -999.9 -999.9 365
sta7 2011 4 21 111 8.7 23 18.2 3.6 0.2 -999.9 -999.9 365
sta7 2011 4 22 112 12.9 23.1 23.2 4.7 0 -999.9 -999.9 365
sta7 2011 4 23 113 7.2 25.8 20.5 3.5 0 -999.9 -999.9 365
sta7 2011 4 24 114 8.8 23.6 22.2 3.4 0 -999.9 -999.9 365
sta7 2011 4 25 115 9.2 24.2 22.5 3.9 0.2 -999.9 -999.9 365
sta7 2011 4 26 116 8 22.5 24 3.7 0 -999.9 -999.9 365
sta7 2011 4 27 117 9.9 19.8 20.5 4.1 0 -999.9 -999.9 365
sta7 2011 4 28 118 6.7 17.4 24.4 3.4 0 -999.9 -999.9 365
sta7 2011 4 29 119 5 16.6 10.5 1.8 0.2 -999.9 -999.9 365
sta7 2011 4 30 120 8 21.5 18 3 20.4 -999.9 -999.9 365
sta7 2011 5 1 121 11.5 17.4 12.7 2.3 2 -999.9 -999.9 365
sta7 2011 5 2 122 12.1 20.3 16.9 2.5 51.4 -999.9 -999.9 365
sta7 2011 5 3 123 11.2 17.2 12.1 2.6 0.2 -999.9 -999.9 365
sta7 2011 5 4 124 11 19.4 19.7 3 0.2 -999.9 -999.9 365
sta7 2011 5 5 125 6.6 20.5 22.8 3.4 0.2 -999.9 -999.9 365
sta7 2011 5 6 126 9 22.2 17.4 3.5 6.9 -999.9 -999.9 365
sta7 2011 5 7 127 13.2 18 11.6 2.4 16.1 -999.9 -999.9 365
sta7 2011 5 8 128 11 17.4 17.9 3.4 2.8 -999.9 -999.9 365
sta7 2011 5 9 129 9.6 17.4 19.9 3.3 0.6 -999.9 -999.9 365
sta7 2011 5 10 130 4.8 20.9 24.4 3.3 0.2 -999.9 -999.9 365
sta7 2011 5 11 131 6.4 19.9 24.6 3.2 0 -999.9 -999.9 365
sta7 2011 5 12 132 5.9 17.6 20.9 3.1 0.2 -999.9 -999.9 365
sta7 2011 5 13 133 4.1 19.5 24.8 3.1 0 -999.9 -999.9 365
sta7 2011 5 14 134 7.9 17.7 22.1 3.4 0 -999.9 -999.9 365
sta7 2011 5 15 135 5.9 18.8 26.2 3.9 0 -999.9 -999.9 365
sta7 2011 5 16 136 6.3 20.1 20.4 3.1 0 -999.9 -999.9 365
sta7 2011 5 17 137 6.9 20.3 21.8 3.2 0 -999.9 -999.9 365
sta7 2011 5 18 138 5.6 23.1 23.8 3 0.2 -999.9 -999.9 365
sta7 2011 5 19 139 10.5 21.1 24.3 4.2 0 -999.9 -999.9 365
sta7 2011 5 20 140 7.3 20.1 26.3 3.7 0 -999.9 -999.9 365
sta7 2011 5 21 141 7.9 23.7 26 3.7 0.2 -999.9 -999.9 365
sta7 2011 5 22 142 9.6 19.8 24.3 4.2 0 -999.9 -999.9 365
sta7 2011 5 23 143 4.8 20 28.9 3.9 0 -999.9 -999.9 365
sta7 2011 5 24 144 9.1 19.4 26.3 4.1 0 -999.9 -999.9 365
sta7 2011 5 25 145 5.4 22.8 28.6 4.8 0 -999.9 -999.9 365
sta7 2011 5 26 146 9.7 16.7 14.8 3.4 0.2 -999.9 -999.9 365
sta7 2011 5 27 147 7.8 18 24.5 4.2 0.2 -999.9 -999.9 365
sta7 2011 5 28 148 2.3 18.4 26.7 3.2 0 -999.9 -999.9 365
sta7 2011 5 29 149 6.2 20.8 21.3 3.3 0.2 -999.9 -999.9 365
sta7 2011 5 30 150 9.8 20.1 12.9 2.7 0.6 -999.9 -999.9 365
sta7 2011 5 31 151 5.9 17.9 25.5 3.9 0 -999.9 -999.9 365
sta7 2011 6 1 152 3.3 20.1 26 3.5 0 -999.9 -999.9 365
sta7 2011 6 2 153 8.3 23.1 28.7 4.8 0 -999.9 -999.9 365
sta7 2011 6 3 154 11.1 26.3 27.7 5.7 0 -999.9 -999.9 365
sta7 2011 6 4 155 14.9 27 24.3 5.3 0 -999.9 -999.9 365
sta7 2011 6 5 156 14.2 17.1 6.6 2 3 -999.9 -999.9 365
sta7 2011 6 6 157 12.7 16.7 7.1 2 0 -999.9 -999.9 365
sta7 2011 6 7 158 5.5 18.6 19.2 3.3 0 -999.9 -999.9 365
sta7 2011 6 8 159 5.7 18 24 3.7 0.8 -999.9 -999.9 365
sta7 2011 6 9 160 4.2 19.2 22.3 3.3 0 -999.9 -999.9 365
sta7 2011 6 10 161 7.7 18.4 21.8 3.6 3 -999.9 -999.9 365
sta7 2011 6 11 162 3.8 17.4 23.6 3.3 0 -999.9 -999.9 365
sta7 2011 6 12 163 8.8 15.7 6.4 1.9 19.5 -999.9 -999.9 365
sta7 2011 6 13 164 14.9 19.9 12.9 2.7 0.8 -999.9 -999.9 365
sta7 2011 6 14 165 15.6 21.9 15.5 3.1 4.8 -999.9 -999.9 365
sta7 2011 6 15 166 14 18.1 10.1 2.1 5.4 -999.9 -999.9 365
sta7 2011 6 16 167 11.1 19.6 24.7 3.9 0 -999.9 -999.9 365
sta7 2011 6 17 168 11.8 15.6 8.6 2.1 12.9 -999.9 -999.9 365
sta7 2011 6 18 169 11.1 17 20.7 3.6 4 -999.9 -999.9 365
sta7 2011 6 19 170 10.3 16.4 12 2.1 8.1 -999.9 -999.9 365
sta7 2011 6 20 171 13.8 17.2 10.2 2 4.6 -999.9 -999.9 365
sta7 2011 6 21 172 13.6 21 18.9 3.7 1 -999.9 -999.9 365
sta7 2011 6 22 173 11.9 18.3 21.4 3.5 0.6 -999.9 -999.9 365
sta7 2011 6 23 174 8.3 19.4 21.5 3.7 0 -999.9 -999.9 365
sta7 2011 6 24 175 6.7 19.9 24.7 3.6 0 -999.9 -999.9 365
sta7 2011 6 25 176 11.7 26.9 26.6 4.8 0.2 -999.9 -999.9 365
sta7 2011 6 26 177 14.6 32.6 29.9 6.6 0 -999.9 -999.9 365
sta7 2011 6 27 178 13.5 30.1 20.2 5.7 0 -999.9 -999.9 365
sta7 2011 6 28 179 14.8 22 18.5 4.1 0.2 -999.9 -999.9 365
sta7 2011 6 29 180 6.1 21 26.1 4 0 -999.9 -999.9 365
sta7 2011 6 30 181 5.2 20.6 26.2 3.7 0 -999.9 -999.9 365
sta7 2011 7 1 182 5.7 23 29.4 4.3 0 -999.9 -999.9 365
sta7 2011 7 2 183 9.5 26 29.6 5.3 0 -999.9 -999.9 365
sta7 2011 7 3 184 9.9 25.5 29.5 6.2 0 -999.9 -999.9 365
sta7 2011 7 4 185 8.9 27.3 27.2 5.1 0 -999.9 -999.9 365
sta7 2011 7 5 186 9.5 21.1 16.1 3.1 5.6 -999.9 -999.9 365
sta7 2011 7 6 187 11.8 19.2 22.1 4.6 5 -999.9 -999.9 365
sta7 2011 7 7 188 12.9 18.7 17.7 3.5 4 -999.9 -999.9 365
sta7 2011 7 8 189 11.7 19 13.2 3.2 8.5 -999.9 -999.9 365
sta7 2011 7 9 190 11.1 19.7 14.6 2.8 0 -999.9 -999.9 365
sta7 2011 7 10 191 10.8 20.1 18.7 3.6 0.2 -999.9 -999.9 365
sta7 2011 7 11 192 8.5 23.3 25.5 4 1.4 -999.9 -999.9 365
sta7 2011 7 12 193 13.8 20.3 7.9 2.6 0 -999.9 -999.9 365
sta7 2011 7 13 194 13.2 22.2 24.2 4.5 0 -999.9 -999.9 365
sta7 2011 7 14 195 6 23.1 27.3 3.9 0 -999.9 -999.9 365
sta7 2011 7 15 196 7.8 21.3 18.1 3 1.8 -999.9 -999.9 365
sta7 2011 7 16 197 14.9 16.9 6.6 1.7 6.7 -999.9 -999.9 365
sta7 2011 7 17 198 11.9 17.1 12.5 2.5 1.8 -999.9 -999.9 365
sta7 2011 7 18 199 11.6 17.4 12.1 3.2 1.4 -999.9 -999.9 365
sta7 2011 7 19 200 8.3 18.5 14.5 2.1 4 -999.9 -999.9 365
sta7 2011 7 20 201 11.3 20 10 1.8 1.6 -999.9 -999.9 365
sta7 2011 7 21 202 13.8 20.5 17.8 3.7 0.2 -999.9 -999.9 365
sta7 2011 7 22 203 8.5 20.8 17.7 2.8 0.2 -999.9 -999.9 365
sta7 2011 7 23 204 9.2 21.1 21.1 3.3 0 -999.9 -999.9 365
sta7 2011 7 24 205 7.3 20.2 11.5 1.5 0.2 -999.9 -999.9 365
sta7 2011 7 25 206 15.5 22.7 8.8 1.9 0 -999.9 -999.9 365
sta7 2011 7 26 207 15.3 24.4 20.2 4.4 0.2 -999.9 -999.9 365
sta7 2011 7 27 208 9.7 22.4 16.2 3.1 0 -999.9 -999.9 365
sta7 2011 7 28 209 13 24.6 20.5 3.8 0 -999.9 -999.9 365
sta7 2011 7 29 210 10.6 25.6 23.8 4 0.2 -999.9 -999.9 365
sta7 2011 7 30 211 10.9 28 26.6 4.3 0.2 -999.9 -999.9 365
sta7 2011 7 31 212 9.7 24.8 23.8 4.4 0 -999.9 -999.9 365
sta7 2011 8 1 213 11 27.2 19.9 3.6 0 -999.9 -999.9 365
sta7 2011 8 2 214 14.4 26.8 15.8 3.7 0.8 -999.9 -999.9 365
sta7 2011 8 3 215 13.9 25.6 20.5 3.9 3.8 -999.9 -999.9 365
sta7 2011 8 4 216 18.1 22.7 12.6 2.9 37 -999.9 -999.9 365
sta7 2011 8 5 217 14.5 21.5 13.5 2.9 0.2 -999.9 -999.9 365
sta7 2011 8 6 218 13.6 18.4 10 2.1 3.6 -999.9 -999.9 365
sta7 2011 8 7 219 10.3 19.7 16.2 3.3 16.2 -999.9 -999.9 365
sta7 2011 8 8 220 11.9 21.1 19.3 3.8 0.2 -999.9 -999.9 365
sta7 2011 8 9 221 11.5 22.9 20.9 3.7 0.2 -999.9 -999.9 365
sta7 2011 8 10 222 6.7 22.7 25.7 3.3 0.2 -999.9 -999.9 365
sta7 2011 8 11 223 9.6 20.8 15.4 2.3 1 -999.9 -999.9 365
sta7 2011 8 12 224 16.1 22.2 14.6 2.9 1.6 -999.9 -999.9 365
sta7 2011 8 13 225 15.2 20.4 7.3 1.7 16.9 -999.9 -999.9 365
sta7 2011 8 14 226 13.8 19.7 13.1 2.8 0 -999.9 -999.9 365
sta7 2011 8 15 227 8.7 23.6 23.5 3.1 0.2 -999.9 -999.9 365
sta7 2011 8 16 228 10.3 25.1 22.1 3.3 0 -999.9 -999.9 365
sta7 2011 8 17 229 14 27.3 21.8 3.9 0.2 -999.9 -999.9 365
sta7 2011 8 18 230 15.6 23.3 13.8 2.7 0 -999.9 -999.9 365
sta7 2011 8 19 231 14.6 25.2 22.8 3.7 0.2 -999.9 -999.9 365
sta7 2011 8 20 232 10.5 27.6 20.8 3.8 0 -999.9 -999.9 365
sta7 2011 8 21 233 17.1 27.8 18.2 4 0 -999.9 -999.9 365
sta7 2011 8 22 234 15.3 23.9 10.3 2.8 13.1 -999.9 -999.9 365
sta7 2011 8 23 235 16.4 19.6 8.7 2.2 0 -999.9 -999.9 365
sta7 2011 8 24 236 12.9 21.1 18.3 3.2 0.8 -999.9 -999.9 365
sta7 2011 8 25 237 13.8 17.9 9.2 2.2 9.4 -999.9 -999.9 365
sta7 2011 8 26 238 12.7 18.8 17.7 3.1 1.6 -999.9 -999.9 365
sta7 2011 8 27 239 10.1 20.2 17.3 3.2 0.6 -999.9 -999.9 365
sta7 2011 8 28 240 7.6 20.1 14.5 2.9 0 -999.9 -999.9 365
sta7 2011 8 29 241 6.8 21 18.3 2.8 0.2 -999.9 -999.9 365
sta7 2011 8 30 242 7.8 20.6 18.1 2.6 0.2 -999.9 -999.9 365
sta7 2011 8 31 243 9.7 21 13.8 3.2 1 -999.9 -999.9 365
sta7 2011 9 1 244 13 25.4 14.7 2.7 0.2 -999.9 -999.9 365
sta7 2011 9 2 245 12 28.2 19.6 2.9 0 -999.9 -999.9 365
sta7 2011 9 3 246 14 22.7 13.8 2.7 2.6 -999.9 -999.9 365
sta7 2011 9 4 247 13.9 19.4 14.3 3.1 3.2 -999.9 -999.9 365
sta7 2011 9 5 248 9.7 20 18.1 3 0 -999.9 -999.9 365
sta7 2011 9 6 249 14.4 19.8 9.4 2.5 4.4 -999.9 -999.9 365
sta7 2011 9 7 250 12.1 19.8 16.5 2.8 0.2 -999.9 -999.9 365
sta7 2011 9 8 251 12.6 20.9 7.3 1.1 0.4 -999.9 -999.9 365
sta7 2011 9 9 252 17.4 23 9.9 2.3 0.2 -999.9 -999.9 365
sta7 2011 9 10 253 15 20.2 8.4 2.2 12.7 -999.9 -999.9 365
sta7 2011 9 11 254 13.6 19.3 13.8 2.7 8.7 -999.9 -999.9 365
sta7 2011 9 12 255 16.5 20.3 9.4 2.8 1 -999.9 -999.9 365
sta7 2011 9 13 256 13 21 16.8 3.7 0 -999.9 -999.9 365
sta7 2011 9 14 257 5.3 20.1 16.8 2 0.4 -999.9 -999.9 365
sta7 2011 9 15 258 7.1 21.4 17.7 2.6 0.2 -999.9 -999.9 365
sta7 2011 9 16 259 9.8 22.4 17.1 3.1 0.2 -999.9 -999.9 365
sta7 2011 9 17 260 12.8 16.9 5.2 2 5 -999.9 -999.9 365
sta7 2011 9 18 261 8.9 16.6 11.2 1.9 1.2 -999.9 -999.9 365
sta7 2011 9 19 262 11.3 17.9 7.7 1.8 0 -999.9 -999.9 365
sta7 2011 9 20 263 14 17.6 7.6 2.5 0 -999.9 -999.9 365
sta7 2011 9 21 264 14 19.1 8.6 2.6 0 -999.9 -999.9 365
sta7 2011 9 22 265 5.2 20.4 14.5 1.8 0.4 -999.9 -999.9 365
sta7 2011 9 23 266 6.4 21.1 17 2.1 0.2 -999.9 -999.9 365
sta7 2011 9 24 267 6.8 22.2 13.6 1.9 0.2 -999.9 -999.9 365
sta7 2011 9 25 268 9.9 21.1 11.9 2 0 -999.9 -999.9 365
sta7 2011 9 26 269 14.9 22.2 8 1.9 0.4 -999.9 -999.9 365
sta7 2011 9 27 270 12.6 27.6 15.3 2.8 0 -999.9 -999.9 365
sta7 2011 9 28 271 13.2 28 16 3.5 0.2 -999.9 -999.9 365
sta7 2011 9 29 272 10.4 27.7 14.9 3.1 0.4 -999.9 -999.9 365
sta7 2011 9 30 273 10.4 28.2 15.3 3.6 0.2 -999.9 -999.9 365
sta7 2011 10 1 274 10.2 28 15.2 3.6 0 -999.9 -999.9 365
sta7 2011 10 2 275 10 28.6 15.4 3.5 0.2 -999.9 -999.9 365
sta7 2011 10 3 276 7.2 25.6 13.9 2.6 0.2 -999.9 -999.9 365
sta7 2011 10 4 277 15.6 20.5 8 2.2 0 -999.9 -999.9 365
sta7 2011 10 5 278 15.9 20.4 8.8 2.7 2.2 -999.9 -999.9 365
sta7 2011 10 6 279 12.4 17.7 9 2.3 2 -999.9 -999.9 365
sta7 2011 10 7 280 8 15.7 7 2.2 0 -999.9 -999.9 365
sta7 2011 10 8 281 7.5 15.7 6.1 1.4 0.2 -999.9 -999.9 365
sta7 2011 10 9 282 12.5 19.2 6.2 1.6 0 -999.9 -999.9 365
sta7 2011 10 10 283 13.5 16.8 4.9 1.4 0.7 -999.9 -999.9 365
sta7 2011 10 11 284 13.8 16.3 4 1.1 0.2 -999.9 -999.9 365
sta7 2011 10 12 285 13.4 17.5 5.3 1.3 1 -999.9 -999.9 365
sta7 2011 10 13 286 12.1 19.1 7.2 1.5 0 -999.9 -999.9 365
sta7 2011 10 14 287 12.5 20.2 8.8 1.8 0.4 -999.9 -999.9 365
sta7 2011 10 15 288 3.8 18.8 13.1 1.3 0.2 -999.9 -999.9 365
sta7 2011 10 16 289 2.4 19.4 10.8 1 0.2 -999.9 -999.9 365
sta7 2011 10 17 290 5.7 19.1 11 1.4 0.2 -999.9 -999.9 365
sta7 2011 10 18 291 11.1 14.6 5.4 1.7 2.6 -999.9 -999.9 365
sta7 2011 10 19 292 3.9 14.5 10.3 1.5 0.2 -999.9 -999.9 365
sta7 2011 10 20 293 0.6 14.1 7.7 1.2 0.2 -999.9 -999.9 365
sta7 2011 10 21 294 -0.1 14.4 11.6 1.3 0 -999.9 -999.9 365
sta7 2011 10 22 295 2.2 16.1 10.3 0.8 0.2 -999.9 -999.9 365
sta7 2011 10 23 296 11.1 19.3 9 2 0 -999.9 -999.9 365
sta7 2011 10 24 297 11.9 15.2 3.5 1.7 14.5 -999.9 -999.9 365
sta7 2011 10 25 298 7.1 13.7 7.7 1.3 7.2 -999.9 -999.9 365
sta7 2011 10 26 299 7.4 15.4 6.7 1.1 3.6 -999.9 -999.9 365
sta7 2011 10 27 300 11 16.6 3.5 1.3 11.3 -999.9 -999.9 365
sta7 2011 10 28 301 10.6 15.8 5.9 0.9 0 -999.9 -999.9 365
sta7 2011 10 29 302 11.2 15.6 6.9 1.1 0.6 -999.9 -999.9 365
sta7 2011 10 30 303 10.4 17.4 4.2 0.9 0.2 -999.9 -999.9 365
sta7 2011 10 31 304 11.4 16.6 5.7 1.3 0.4 -999.9 -999.9 365
sta7 2011 11 1 305 8 16.7 8.2 1.3 0.2 -999.9 -999.9 365
sta7 2011 11 2 306 10.9 17.8 3.4 1 9.7 -999.9 -999.9 365
sta7 2011 11 3 307 12.7 18.2 5.7 1.2 5 -999.9 -999.9 365
sta7 2011 11 4 308 10.5 14.8 3.4 1.1 1.2 -999.9 -999.9 365
sta7 2011 11 5 309 7.6 14.9 5 1 0 -999.9 -999.9 365
sta7 2011 11 6 310 10.7 12.5 2.6 1.2 0.2 -999.9 -999.9 365
sta7 2011 11 7 311 10.7 12.3 1.5 0.7 0 -999.9 -999.9 365
sta7 2011 11 8 312 10.4 12.8 2.3 0.6 0 -999.9 -999.9 365
sta7 2011 11 9 313 10.9 14.9 5.2 0.9 0.4 -999.9 -999.9 365
sta7 2011 11 10 314 10.1 16.5 5.4 0.7 0.4 -999.9 -999.9 365
sta7 2011 11 11 315 10.3 16.1 3.9 0.7 0.4 -999.9 -999.9 365
sta7 2011 11 12 316 10.8 16 4.4 0.5 0 -999.9 -999.9 365
sta7 2011 11 13 317 10.7 16.6 6.1 1.2 0.2 -999.9 -999.9 365
sta7 2011 11 14 318 10.6 15 5.8 1.7 0 -999.9 -999.9 365
sta7 2011 11 15 319 5.9 14.6 5.8 1 0 -999.9 -999.9 365
sta7 2011 11 16 320 8.3 12.7 3.2 0.5 12.7 -999.9 -999.9 365
sta7 2011 11 17 321 6.6 14.5 6.7 0.9 0.6 -999.9 -999.9 365
sta7 2011 11 18 322 9.2 14.7 6 1.2 0 -999.9 -999.9 365
sta7 2011 11 19 323 7.3 14.9 5 1 0.2 -999.9 -999.9 365
sta7 2011 11 20 324 6.9 16.4 6.7 0.9 0.2 -999.9 -999.9 365
sta7 2011 11 21 325 8 13.4 2.9 0.5 7.9 -999.9 -999.9 365
sta7 2011 11 22 326 9.6 15.3 3.7 0.4 0 -999.9 -999.9 365
sta7 2011 11 23 327 7.1 13.2 6.4 0.9 0.2 -999.9 -999.9 365
sta7 2011 11 24 328 0.5 10.4 3.3 0.3 0.2 -999.9 -999.9 365
sta7 2011 11 25 329 9.1 13.7 3.6 0.7 0.2 -999.9 -999.9 365
sta7 2011 11 26 330 0.5 13.1 5.5 0.5 0 -999.9 -999.9 365
sta7 2011 11 27 331 8.7 14.3 3.3 0.9 2 -999.9 -999.9 365
sta7 2011 11 28 332 6.6 14.2 3.1 0.4 1 -999.9 -999.9 365
sta7 2011 11 29 333 10.4 13.8 2.1 1.3 4.2 -999.9 -999.9 365
sta7 2011 11 30 334 1.9 14.2 4.8 0.7 6.5 -999.9 -999.9 365
sta7 2011 12 1 335 9.9 13.8 1.1 0.7 22.8 -999.9 -999.9 365
sta7 2011 12 2 336 2.9 11.9 5.4 0.7 1.6 -999.9 -999.9 365
sta7 2011 12 3 337 6 12.8 1.1 0 2 -999.9 -999.9 365
sta7 2011 12 4 338 10.9 13.3 1.2 0.8 4.6 -999.9 -999.9 365
sta7 2011 12 5 339 3.7 10.2 4.5 0.9 0.8 -999.9 -999.9 365
sta7 2011 12 6 340 4.5 11.2 3.4 0.7 1.6 -999.9 -999.9 365
sta7 2011 12 7 341 9.1 13.3 2.7 1.2 1 -999.9 -999.9 365
sta7 2011 12 8 342 6.7 12.6 2 0.5 4.4 -999.9 -999.9 365
sta7 2011 12 9 343 7.3 9.3 1.5 0.3 3 -999.9 -999.9 365
sta7 2011 12 10 344 1.4 9.9 5.2 0.6 0 -999.9 -999.9 365
sta7 2011 12 11 345 -1.2 11.2 1.8 0.3 3.8 -999.9 -999.9 365
sta7 2011 12 12 346 2.1 13 4.2 1 24.6 -999.9 -999.9 365
sta7 2011 12 13 347 7.3 11.4 3.9 1 14.1 -999.9 -999.9 365
sta7 2011 12 14 348 4.6 8.3 3.7 1.2 9 -999.9 -999.9 365
sta7 2011 12 15 349 4.2 13.9 1 1.1 55.5 -999.9 -999.9 365
sta7 2011 12 16 350 3.1 9.4 2.9 0.3 5 -999.9 -999.9 365
sta7 2011 12 17 351 2.4 7.9 3.6 1 2 -999.9 -999.9 365
sta7 2011 12 18 352 1.9 8.6 4.6 0.7 0.4 -999.9 -999.9 365
sta7 2011 12 19 353 0.8 10.9 1.2 0.1 2.2 -999.9 -999.9 365
sta7 2011 12 20 354 7.3 11.7 2.5 0.7 1.4 -999.9 -999.9 365
sta7 2011 12 21 355 7.1 12.7 1.1 0 0 -999.9 -999.9 365
sta7 2011 12 22 356 7.7 12.2 2 0.5 0 -999.9 -999.9 365
sta7 2011 12 23 357 7.4 11.1 2.1 1.1 2 -999.9 -999.9 365
sta7 2011 12 24 358 1.7 10.5 4.1 0.7 0 -999.9 -999.9 365
sta7 2011 12 25 359 5.1 10.7 1.9 0.8 0 -999.9 -999.9 365
sta7 2011 12 26 360 2.5 11.7 3.8 1 0 -999.9 -999.9 365
sta7 2011 12 27 361 -0.9 8 4.2 0.5 0.4 -999.9 -999.9 365
sta7 2011 12 28 362 1.5 11.5 3.3 0.6 0.8 -999.9 -999.9 365
sta7 2011 12 29 363 1.3 9.5 3.6 0.7 0.4 -999.9 -999.9 365
sta7 2011 12 30 364 7 12.1 1 0 1.6 -999.9 -999.9 365
sta7 2011 12 31 365 11.5 12.9 1.2 0.2 2.6 -999.9 -999.9 365
