sta1 2011 1 1 1 -2.2 2.2 1.1 0.1 0.6 -999.9 -999.9 365
sta1 2011 1 2 2 0.7 3.9 3.8 0.4 0 -999.9 -999.9 365
sta1 2011 1 3 3 -0.4 2.2 2.6 0.3 0 -999.9 -999.9 365
sta1 2011 1 4 4 -2.9 0.1 3.2 0.1 0 -999.9 -999.9 365
sta1 2011 1 5 5 -2.4 5.8 4.3 0.6 9.7 -999.9 -999.9 365
sta1 2011 1 6 6 2.1 11.5 0.5 0 29.3 -999.9 -999.9 365
sta1 2011 1 7 7 6.7 11.3 0.9 0.1 3.8 -999.9 -999.9 365
sta1 2011 1 8 8 8.7 12.4 1.8 1.4 6.7 -999.9 -999.9 365
sta1 2011 1 9 9 2.9 7.5 4 0.6 0 -999.9 -999.9 365
sta1 2011 1 10 10 -1.2 3.6 3 0.2 1.2 -999.9 -999.9 365
sta1 2011 1 11 11 0.4 8.6 1.8 0.2 4 -999.9 -999.9 365
sta1 2011 1 12 12 4 12.2 0.5 0.5 6.4 -999.9 -999.9 365
sta1 2011 1 13 13 10.1 13.6 1 0.5 0 -999.9 -999.9 365
sta1 2011 1 14 14 9.7 13.3 2.5 1.8 2.8 -999.9 -999.9 365
sta1 2011 1 15 15 7.1 11.1 4 1.1 0 -999.9 -999.9 365
sta1 2011 1 16 16 5.1 11.9 4.5 0.9 0 -999.9 -999.9 365
sta1 2011 1 17 17 4.2 8.4 1.3 0.1 0.4 -999.9 -999.9 365
sta1 2011 1 18 18 5.3 8.9 1.9 0.8 0.6 -999.9 -999.9 365
sta1 2011 1 19 19 0.1 4.7 2.6 0.3 0 -999.9 -999.9 365
sta1 2011 1 20 20 -0.1 5.1 5.3 0.6 0.4 -999.9 -999.9 365
sta1 2011 1 21 21 -1.3 1.9 2.6 0.4 0 -999.9 -999.9 365
sta1 2011 1 22 22 -0.3 5.7 1.5 0.1 0.2 -999.9 -999.9 365
sta1 2011 1 23 23 2.3 6.2 1.6 0.4 1 -999.9 -999.9 365
sta1 2011 1 24 24 4.1 7 1.8 0.7 1 -999.9 -999.9 365
sta1 2011 1 25 25 0 6.3 1.2 0 2.8 -999.9 -999.9 365
sta1 2011 1 26 26 4.1 7 1.2 0.6 1.6 -999.9 -999.9 365
sta1 2011 1 27 27 0.6 3.7 5 1 0 -999.9 -999.9 365
sta1 2011 1 28 28 -2.2 1 4.2 0.7 0 -999.9 -999.9 365
sta1 2011 1 29 29 -1.2 0.2 2.2 0.7 0 -999.9 -999.9 365
sta1 2011 1 30 30 -3.7 -0.1 8.1 0.6 0 -999.9 -999.9 365
sta1 2011 1 31 31 -4.3 -2.2 1.8 0.3 0 -999.9 -999.9 365
sta1 2011 2 1 32 -5.1 0.1 1.7 0.2 0.8 -999.9 -999.9 365
sta1 2011 2 2 33 -0.8 3.1 3.1 0.2 1.4 -999.9 -999.9 365
sta1 2011 2 3 34 1.2 8.9 4.6 0.4 0.2 -999.9 -999.9 365
sta1 2011 2 4 35 3 9.9 1.9 0.8 0 -999.9 -999.9 365
sta1 2011 2 5 36 8.8 10.6 1.7 1.5 0 -999.9 -999.9 365
sta1 2011 2 6 37 7.6 9.2 2.4 1.5 0 -999.9 -999.9 365
sta1 2011 2 7 38 2 12.9 8 1.1 0 -999.9 -999.9 365
sta1 2011 2 8 39 1.6 8.5 6.7 0.2 0.2 -999.9 -999.9 365
sta1 2011 2 9 40 2 5.5 1.7 0 0 -999.9 -999.9 365
sta1 2011 2 10 41 2.5 11.3 2.1 0.3 3.2 -999.9 -999.9 365
sta1 2011 2 11 42 9.8 15.2 5.2 1.7 0.6 -999.9 -999.9 365
sta1 2011 2 12 43 7.7 11.2 3.7 1.3 1 -999.9 -999.9 365
sta1 2011 2 13 44 0.8 8.4 4.1 0.5 1 -999.9 -999.9 365
sta1 2011 2 14 45 4.6 8.7 4.2 0.8 0.2 -999.9 -999.9 365
sta1 2011 2 15 46 1.6 7.1 3.1 0.5 0.2 -999.9 -999.9 365
sta1 2011 2 16 47 1.5 9.2 5.1 0.6 0 -999.9 -999.9 365
sta1 2011 2 17 48 1.1 10.7 8.7 0.8 0 -999.9 -999.9 365
sta1 2011 2 18 49 -0.3 4.1 3.1 0.2 0 -999.9 -999.9 365
sta1 2011 2 19 50 2.5 5.8 2.8 0.7 1.6 -999.9 -999.9 365
sta1 2011 2 20 51 3.5 5.2 1.6 0.2 0.6 -999.9 -999.9 365
sta1 2011 2 21 52 2.4 4.5 2.6 0.4 0 -999.9 -999.9 365
sta1 2011 2 22 53 0 6.8 9.5 0.7 0 -999.9 -999.9 365
sta1 2011 2 23 54 -2.2 4.6 2.3 0.6 6.2 -999.9 -999.9 365
sta1 2011 2 24 55 1.6 10.5 2.8 0.1 1.2 -999.9 -999.9 365
sta1 2011 2 25 56 6.4 10.1 4.3 0.6 0.2 -999.9 -999.9 365
sta1 2011 2 26 57 7.3 10.8 2.4 1.1 8.6 -999.9 -999.9 365
sta1 2011 2 27 58 4 7.6 5 1.1 0.4 -999.9 -999.9 365
sta1 2011 2 28 59 0.9 4.9 3 0.5 0 -999.9 -999.9 365
sta1 2011 3 1 60 1.5 8.3 10.4 1.3 0 -999.9 -999.9 365
sta1 2011 3 2 61 0.8 9.8 12 2 0 -999.9 -999.9 365
sta1 2011 3 3 62 -0.7 6.6 12.1 1.3 0 -999.9 -999.9 365
sta1 2011 3 4 63 -0.6 9.1 12.3 1.3 0 -999.9 -999.9 365
sta1 2011 3 5 64 -0.8 4.1 10.8 1 0 -999.9 -999.9 365
sta1 2011 3 6 65 -0.2 7.4 14 1.7 0 -999.9 -999.9 365
sta1 2011 3 7 66 -0.4 9.7 14.4 2.7 0 -999.9 -999.9 365
sta1 2011 3 8 67 -2.3 14.3 13.5 1.9 0 -999.9 -999.9 365
sta1 2011 3 9 68 4.4 11.2 7.3 1.8 0 -999.9 -999.9 365
sta1 2011 3 10 69 2.1 10.1 5.6 1.1 0.2 -999.9 -999.9 365
sta1 2011 3 11 70 7.1 12 7.5 2.1 0 -999.9 -999.9 365
sta1 2011 3 12 71 2.5 14.8 10 2 0.8 -999.9 -999.9 365
sta1 2011 3 13 72 7.8 11.6 2.9 0.9 0 -999.9 -999.9 365
sta1 2011 3 14 73 6.9 12.1 4.6 0.8 0 -999.9 -999.9 365
sta1 2011 3 15 74 4.9 19.1 15 2.4 0 -999.9 -999.9 365
sta1 2011 3 16 75 6.6 16.2 13.9 2.4 0 -999.9 -999.9 365
sta1 2011 3 17 76 4.9 6.7 1.7 0.5 0 -999.9 -999.9 365
sta1 2011 3 18 77 3.4 11 6.2 1 2.4 -999.9 -999.9 365
sta1 2011 3 19 78 5.1 8.1 4.2 1.3 0 -999.9 -999.9 365
sta1 2011 3 20 79 -0.5 11.8 13.7 1.7 0 -999.9 -999.9 365
sta1 2011 3 21 80 -1.2 14.5 17.3 2.2 0 -999.9 -999.9 365
sta1 2011 3 22 81 1.9 16.5 16.5 2.9 0 -999.9 -999.9 365
sta1 2011 3 23 82 3.8 17.7 16.3 2.9 0 -999.9 -999.9 365
sta1 2011 3 24 83 5 19.5 17.3 2.7 0 -999.9 -999.9 365
sta1 2011 3 25 84 2.5 19.6 16.6 2.2 0 -999.9 -999.9 365
sta1 2011 3 26 85 6 16.9 10.8 2.7 0 -999.9 -999.9 365
sta1 2011 3 27 86 4.2 17.1 16.3 2.5 0 -999.9 -999.9 365
sta1 2011 3 28 87 3.6 14.7 16.8 2.6 0 -999.9 -999.9 365
sta1 2011 3 29 88 0.4 17.9 17 2.1 0 -999.9 -999.9 365
sta1 2011 3 30 89 8.9 13.7 4.5 1.3 3 -999.9 -999.9 365
sta1 2011 3 31 90 9.8 15.7 5.5 1 5.9 -999.9 -999.9 365
sta1 2011 4 1 91 12.4 15.9 6.3 1.7 0.4 -999.9 -999.9 365
sta1 2011 4 2 92 8.6 23.8 17.1 3.2 2.8 -999.9 -999.9 365
sta1 2011 4 3 93 9.3 12.3 4.7 1.1 1.8 -999.9 -999.9 365
sta1 2011 4 4 94 7 13.5 11.5 2.2 0 -999.9 -999.9 365
sta1 2011 4 5 95 2.3 14.5 7.9 1.7 0 -999.9 -999.9 365
sta1 2011 4 6 96 7.7 22.8 19.1 2.7 0 -999.9 -999.9 365
sta1 2011 4 7 97 8.5 21.1 20.2 3 0 -999.9 -999.9 365
sta1 2011 4 8 98 7.5 19.6 19.1 3 0 -999.9 -999.9 365
sta1 2011 4 9 99 5.5 19.3 20.9 3.5 0 -999.9 -999.9 365
sta1 2011 4 10 100 6.9 23.4 20.8 4 0 -999.9 -999.9 365
sta1 2011 4 11 101 7.1 20 18.7 2.8 0 -999.9 -999.9 365
sta1 2011 4 12 102 5.7 13.2 17.3 3 0 -999.9 -999.9 365
sta1 2011 4 13 103 0.2 14.2 15.7 2.2 0 -999.9 -999.9 365
sta1 2011 4 14 104 6.4 14.8 15.1 3 0 -999.9 -999.9 365
sta1 2011 4 15 105 8.4 15.9 13.7 3.5 0 -999.9 -999.9 365
sta1 2011 4 16 106 2 17.6 18.9 3 0 -999.9 -999.9 365
sta1 2011 4 17 107 3.5 17.8 20.4 3.5 0 -999.9 -999.9 365
sta1 2011 4 18 108 5.1 20.2 22.4 3.8 0 -999.9 -999.9 365
sta1 2011 4 19 109 8.8 23.7 22.6 4.5 0 -999.9 -999.9 365
sta1 2011 4 20 110 8.1 24 21.9 4.3 0 -999.9 -999.9 365
sta1 2011 4 21 111 9 23.7 22.2 4.7 0 -999.9 -999.9 365
sta1 2011 4 22 112 9.1 25.2 22.1 4.5 0 -999.9 -999.9 365
sta1 2011 4 23 113 8 25.6 21.8 4.1 0 -999.9 -999.9 365
sta1 2011 4 24 114 9.9 24.7 18.7 3.6 0 -999.9 -999.9 365
sta1 2011 4 25 115 10.1 24 22.8 4.3 0 -999.9 -999.9 365
sta1 2011 4 26 116 8.2 20.9 22.4 3.7 0 -999.9 -999.9 365
sta1 2011 4 27 117 9.3 17.8 21.5 4.1 0 -999.9 -999.9 365
sta1 2011 4 28 118 8.7 14.8 4.8 1.2 11.2 -999.9 -999.9 365
sta1 2011 4 29 119 7.8 19.7 12.1 2.2 2.8 -999.9 -999.9 365
sta1 2011 4 30 120 9.6 20.9 19.5 3.4 8 -999.9 -999.9 365
sta1 2011 5 1 121 9.5 21.5 22 4 0 -999.9 -999.9 365
sta1 2011 5 2 122 8.8 18.5 24.3 5.4 0 -999.9 -999.9 365
sta1 2011 5 3 123 5.3 16 24.4 4.4 0 -999.9 -999.9 365
sta1 2011 5 4 124 3.6 17 25.8 3.9 0 -999.9 -999.9 365
sta1 2011 5 5 125 3.9 19.3 24.8 3.7 0 -999.9 -999.9 365
sta1 2011 5 6 126 7.3 23.9 23.1 4.5 0 -999.9 -999.9 365
sta1 2011 5 7 127 10.7 25.5 24 6.3 0 -999.9 -999.9 365
sta1 2011 5 8 128 15.4 24.2 18.2 5.2 0 -999.9 -999.9 365
sta1 2011 5 9 129 10.8 24.5 24.4 4.8 0 -999.9 -999.9 365
sta1 2011 5 10 130 13 23.1 20.3 4.5 0 -999.9 -999.9 365
sta1 2011 5 11 131 8.3 20.3 24.4 4.2 0 -999.9 -999.9 365
sta1 2011 5 12 132 7.3 17.7 22.5 3.8 0 -999.9 -999.9 365
sta1 2011 5 13 133 3.1 19.9 24.9 3.2 0 -999.9 -999.9 365
sta1 2011 5 14 134 6.1 18 21.8 4 0 -999.9 -999.9 365
sta1 2011 5 15 135 7.9 15.4 15.9 3.2 0 -999.9 -999.9 365
sta1 2011 5 16 136 6.9 17.5 10.6 2.1 0.2 -999.9 -999.9 365
sta1 2011 5 17 137 9.2 20.1 22.7 4.9 0 -999.9 -999.9 365
sta1 2011 5 18 138 6.3 23.4 26.5 3.9 0 -999.9 -999.9 365
sta1 2011 5 19 139 9 20.2 16.1 2.7 0.8 -999.9 -999.9 365
sta1 2011 5 20 140 8.7 20.3 18.8 3.3 3 -999.9 -999.9 365
sta1 2011 5 21 141 3.6 23.3 26.1 3.6 0 -999.9 -999.9 365
sta1 2011 5 22 142 12.3 19.9 21.9 5 0 -999.9 -999.9 365
sta1 2011 5 23 143 4.7 24.5 28.2 4.5 0 -999.9 -999.9 365
sta1 2011 5 24 144 9.4 18.3 26.9 4.9 0 -999.9 -999.9 365
sta1 2011 5 25 145 1.4 23.3 29.2 4.1 0 -999.9 -999.9 365
sta1 2011 5 26 146 8.1 18.5 15.7 4 0 -999.9 -999.9 365
sta1 2011 5 27 147 10.5 16.5 12.1 3.3 0 -999.9 -999.9 365
sta1 2011 5 28 148 3.5 20.8 25.8 4 0 -999.9 -999.9 365
sta1 2011 5 29 149 8.5 24.4 25.4 4.8 0 -999.9 -999.9 365
sta1 2011 5 30 150 8.3 29.6 22.8 5.3 0.2 -999.9 -999.9 365
sta1 2011 5 31 151 11.1 17.3 16.4 4.5 0 -999.9 -999.9 365
sta1 2011 6 1 152 3.9 20.9 29.9 4.8 0 -999.9 -999.9 365
sta1 2011 6 2 153 8.1 24.6 30.3 7.3 0 -999.9 -999.9 365
sta1 2011 6 3 154 11.9 26.8 28.2 7.1 0 -999.9 -999.9 365
sta1 2011 6 4 155 16.3 30.2 21.9 6.7 4.2 -999.9 -999.9 365
sta1 2011 6 5 156 17.5 25.3 14.7 3.8 15.9 -999.9 -999.9 365
sta1 2011 6 6 157 14.9 20.2 7.4 2.1 2.6 -999.9 -999.9 365
sta1 2011 6 7 158 12.2 19 8 1.9 4.6 -999.9 -999.9 365
sta1 2011 6 8 159 7.8 19.3 22.1 3.8 0.2 -999.9 -999.9 365
sta1 2011 6 9 160 7.5 19.6 21.4 4.1 0 -999.9 -999.9 365
sta1 2011 6 10 161 10.2 16.5 10.4 2.2 12.6 -999.9 -999.9 365
sta1 2011 6 11 162 6.2 17.4 19.7 3.1 0 -999.9 -999.9 365
sta1 2011 6 12 163 4.8 19.7 18.7 3.1 0.4 -999.9 -999.9 365
sta1 2011 6 13 164 11.9 22.1 14.1 2.9 3 -999.9 -999.9 365
sta1 2011 6 14 165 13.8 23.8 19.8 3.9 0 -999.9 -999.9 365
sta1 2011 6 15 166 15.6 23.4 19.8 4.9 3.5 -999.9 -999.9 365
sta1 2011 6 16 167 15.7 20.8 16.8 4.5 3.9 -999.9 -999.9 365
sta1 2011 6 17 168 7 17.9 10.8 1.6 1.4 -999.9 -999.9 365
sta1 2011 6 18 169 10.9 18 16.4 3.9 4.2 -999.9 -999.9 365
sta1 2011 6 19 170 11 18.6 14.1 3.8 4 -999.9 -999.9 365
sta1 2011 6 20 171 10.5 20.9 10.3 1.8 2.8 -999.9 -999.9 365
sta1 2011 6 21 172 14.8 21.8 14.9 3.2 2.2 -999.9 -999.9 365
sta1 2011 6 22 173 13.4 20 14.6 3.2 7 -999.9 -999.9 365
sta1 2011 6 23 174 12.4 19.1 23.9 4.5 0 -999.9 -999.9 365
sta1 2011 6 24 175 7.3 19.5 22 3.7 0 -999.9 -999.9 365
sta1 2011 6 25 176 11.8 22.2 13.3 3.1 0 -999.9 -999.9 365
sta1 2011 6 26 177 13.5 27 23.1 4.2 0.2 -999.9 -999.9 365
sta1 2011 6 27 178 16.1 33.9 26.9 6.6 0 -999.9 -999.9 365
sta1 2011 6 28 179 19.5 33.6 20.9 7 3.2 -999.9 -999.9 365
sta1 2011 6 29 180 15.4 21.8 18.9 4.9 0.2 -999.9 -999.9 365
sta1 2011 6 30 181 7.7 21.3 15.6 3.2 0 -999.9 -999.9 365
sta1 2011 7 1 182 7.8 21.4 26.1 4.5 0 -999.9 -999.9 365
sta1 2011 7 2 183 7.3 20.5 23.8 4.2 0 -999.9 -999.9 365
sta1 2011 7 3 184 6.2 22.3 28.3 4.5 0 -999.9 -999.9 365
sta1 2011 7 4 185 8.4 24.1 29.9 4.7 0 -999.9 -999.9 365
sta1 2011 7 5 186 8.9 29.1 26.6 5.5 0.2 -999.9 -999.9 365
sta1 2011 7 6 187 14.1 23.3 18.5 4.9 0.6 -999.9 -999.9 365
sta1 2011 7 7 188 8.8 23 21.5 4.6 0 -999.9 -999.9 365
sta1 2011 7 8 189 11.8 22.7 16.6 4.4 2.2 -999.9 -999.9 365
sta1 2011 7 9 190 14.4 21.1 13.8 4 0.4 -999.9 -999.9 365
sta1 2011 7 10 191 13.9 22.3 11.2 2.7 0 -999.9 -999.9 365
sta1 2011 7 11 192 10.3 26 25.9 5.3 0 -999.9 -999.9 365
sta1 2011 7 12 193 15 22.5 11.3 3.3 0.6 -999.9 -999.9 365
sta1 2011 7 13 194 13 18.6 9 3.3 0.6 -999.9 -999.9 365
sta1 2011 7 14 195 9.3 20.4 15.6 4.4 0 -999.9 -999.9 365
sta1 2011 7 15 196 8.9 25.6 25 5.4 0 -999.9 -999.9 365
sta1 2011 7 16 197 11.7 20.6 7.8 2.5 15.1 -999.9 -999.9 365
sta1 2011 7 17 198 12.8 19.5 15.3 3.6 1.2 -999.9 -999.9 365
sta1 2011 7 18 199 13.1 18.8 13.7 3.9 0.2 -999.9 -999.9 365
sta1 2011 7 19 200 11.7 17.1 6.6 1.5 19.4 -999.9 -999.9 365
sta1 2011 7 20 201 10.3 19.8 11.9 2.6 0 -999.9 -999.9 365
sta1 2011 7 21 202 12.9 21.5 14.8 3.5 0.2 -999.9 -999.9 365
sta1 2011 7 22 203 14.6 20.7 19.2 4.4 0.2 -999.9 -999.9 365
sta1 2011 7 23 204 6.1 16.8 10.6 1.7 14.1 -999.9 -999.9 365
sta1 2011 7 24 205 11.4 21 24 5 0 -999.9 -999.9 365
sta1 2011 7 25 206 10.8 22.4 15 3.2 0.4 -999.9 -999.9 365
sta1 2011 7 26 207 13 20.6 15.5 3.7 0 -999.9 -999.9 365
sta1 2011 7 27 208 13.7 18 7.4 1.7 4 -999.9 -999.9 365
sta1 2011 7 28 209 13.3 21.6 12.4 2.9 0 -999.9 -999.9 365
sta1 2011 7 29 210 13.9 22.9 19 4.1 0.2 -999.9 -999.9 365
sta1 2011 7 30 211 9.9 19.9 15.7 3.3 0 -999.9 -999.9 365
sta1 2011 7 31 212 7 23 25.6 4.2 0.2 -999.9 -999.9 365
sta1 2011 8 1 213 8.9 25.4 26.8 4.7 0 -999.9 -999.9 365
sta1 2011 8 2 214 11.6 28.2 21.2 4.7 1.6 -999.9 -999.9 365
sta1 2011 8 3 215 17.8 24.7 10.5 3.6 0.8 -999.9 -999.9 365
sta1 2011 8 4 216 11.6 25.6 15 2.9 6.7 -999.9 -999.9 365
sta1 2011 8 5 217 12.9 21.4 10.3 1.8 4.7 -999.9 -999.9 365
sta1 2011 8 6 218 15 22.3 8.8 2.6 0.8 -999.9 -999.9 365
sta1 2011 8 7 219 11.6 21.4 19.1 4.3 8.5 -999.9 -999.9 365
sta1 2011 8 8 220 12.1 20.6 17.8 4.5 0.2 -999.9 -999.9 365
sta1 2011 8 9 221 12.3 19.8 18.6 4.3 0 -999.9 -999.9 365
sta1 2011 8 10 222 7.9 22.1 25 3.9 0 -999.9 -999.9 365
sta1 2011 8 11 223 11 25.5 16.9 4.9 0.4 -999.9 -999.9 365
sta1 2011 8 12 224 16.3 19.6 9.4 2.2 1 -999.9 -999.9 365
sta1 2011 8 13 225 13.5 20 6.9 1.4 20.5 -999.9 -999.9 365
sta1 2011 8 14 226 15 20.6 10.2 2.7 0.2 -999.9 -999.9 365
sta1 2011 8 15 227 9.8 22.6 22.9 3.8 0 -999.9 -999.9 365
sta1 2011 8 16 228 13.5 24.5 17 4.2 0 -999.9 -999.9 365
sta1 2011 8 17 229 11.7 24.1 14.4 2.9 0.2 -999.9 -999.9 365
sta1 2011 8 18 230 15.6 27.1 15.1 3.6 0 -999.9 -999.9 365
sta1 2011 8 19 231 16.4 22.3 16.4 3.7 0 -999.9 -999.9 365
sta1 2011 8 20 232 10.2 27.4 23.2 3.8 1.4 -999.9 -999.9 365
sta1 2011 8 21 233 18.3 29.6 16.4 4.7 0 -999.9 -999.9 365
sta1 2011 8 22 234 14.5 24 12.6 3.3 4.8 -999.9 -999.9 365
sta1 2011 8 23 235 16.2 25.7 16.1 3.9 9.1 -999.9 -999.9 365
sta1 2011 8 24 236 16.1 22 12 3.2 0 -999.9 -999.9 365
sta1 2011 8 25 237 13.9 24.7 15.7 3.8 12.3 -999.9 -999.9 365
sta1 2011 8 26 238 15.6 18.5 5.4 1.8 4.4 -999.9 -999.9 365
sta1 2011 8 27 239 11.6 18.7 12.3 2.8 3.6 -999.9 -999.9 365
sta1 2011 8 28 240 10.3 18.5 12.5 2.6 0.2 -999.9 -999.9 365
sta1 2011 8 29 241 9.1 18.9 16.1 2.9 0.2 -999.9 -999.9 365
sta1 2011 8 30 242 6.1 18.6 14.5 2.5 0.2 -999.9 -999.9 365
sta1 2011 8 31 243 6.9 19.6 18.3 2.4 0 -999.9 -999.9 365
sta1 2011 9 1 244 11.3 25.2 19 3.7 0 -999.9 -999.9 365
sta1 2011 9 2 245 14.9 27.7 19.1 3.7 0 -999.9 -999.9 365
sta1 2011 9 3 246 15.5 29.9 18.3 4.1 18.5 -999.9 -999.9 365
sta1 2011 9 4 247 16.5 22.2 10.4 2.9 1.2 -999.9 -999.9 365
sta1 2011 9 5 248 11 18.9 15 3.1 0.2 -999.9 -999.9 365
sta1 2011 9 6 249 11.7 18.8 8 2.2 7.4 -999.9 -999.9 365
sta1 2011 9 7 250 12.7 18.8 14.1 3.5 0 -999.9 -999.9 365
sta1 2011 9 8 251 13.4 18.2 4.5 1.9 5.6 -999.9 -999.9 365
sta1 2011 9 9 252 15.5 22.9 6.2 1.2 1.2 -999.9 -999.9 365
sta1 2011 9 10 253 16.4 29.2 16.3 3.9 0 -999.9 -999.9 365
sta1 2011 9 11 254 15.3 17.9 6.2 1.8 1 -999.9 -999.9 365
sta1 2011 9 12 255 13.1 22.3 9.3 2.7 0 -999.9 -999.9 365
sta1 2011 9 13 256 14 20.2 14 3.7 0 -999.9 -999.9 365
sta1 2011 9 14 257 8.1 18.6 12.7 2.2 0.2 -999.9 -999.9 365
sta1 2011 9 15 258 6.9 20 17.9 2.3 0 -999.9 -999.9 365
sta1 2011 9 16 259 8.9 21.6 10.2 2 0.4 -999.9 -999.9 365
sta1 2011 9 17 260 11.3 17.7 7.4 2.2 9.3 -999.9 -999.9 365
sta1 2011 9 18 261 8.9 15.7 9.2 1.5 5.4 -999.9 -999.9 365
sta1 2011 9 19 262 7.9 18.8 16.1 2.2 0.2 -999.9 -999.9 365
sta1 2011 9 20 263 10 17.9 7.7 1.7 0 -999.9 -999.9 365
sta1 2011 9 21 264 12.9 19.1 8.2 2.2 0 -999.9 -999.9 365
sta1 2011 9 22 265 10 18.6 12.4 2.1 0.2 -999.9 -999.9 365
sta1 2011 9 23 266 6.3 19.1 14 1.7 0.2 -999.9 -999.9 365
sta1 2011 9 24 267 6.9 21.6 15.5 1.9 0.2 -999.9 -999.9 365
sta1 2011 9 25 268 9 24.1 14.7 2.1 0.2 -999.9 -999.9 365
sta1 2011 9 26 269 12.5 24.8 13.3 2.7 0 -999.9 -999.9 365
sta1 2011 9 27 270 13.7 25.1 14.6 2.1 0.2 -999.9 -999.9 365
sta1 2011 9 28 271 13.2 26.7 15 3.2 0.2 -999.9 -999.9 365
sta1 2011 9 29 272 12.5 26.2 14.7 3.1 0 -999.9 -999.9 365
sta1 2011 9 30 273 11.7 26.9 14.3 2.8 0.2 -999.9 -999.9 365
sta1 2011 10 1 274 11.2 27.9 14 2.6 0 -999.9 -999.9 365
sta1 2011 10 2 275 10.9 26.4 13.8 2.4 0.2 -999.9 -999.9 365
sta1 2011 10 3 276 9.2 26.7 13.9 2.8 0 -999.9 -999.9 365
sta1 2011 10 4 277 12.8 18.3 3 0.7 0.2 -999.9 -999.9 365
sta1 2011 10 5 278 15.6 19 5.5 2.5 0.2 -999.9 -999.9 365
sta1 2011 10 6 279 11.1 17.4 4.8 2.5 6.3 -999.9 -999.9 365
sta1 2011 10 7 280 7.2 14.7 9.6 1.8 0.6 -999.9 -999.9 365
sta1 2011 10 8 281 6.9 13.2 5.7 1.3 2.8 -999.9 -999.9 365
sta1 2011 10 9 282 10.8 16.5 2.3 0.6 8.1 -999.9 -999.9 365
sta1 2011 10 10 283 15.2 18.2 4.5 2.1 0 -999.9 -999.9 365
sta1 2011 10 11 284 14.5 17.1 3.9 2 0.2 -999.9 -999.9 365
sta1 2011 10 12 285 13.4 15.6 4.3 1.2 1.4 -999.9 -999.9 365
sta1 2011 10 13 286 12.4 16.8 8.2 1.8 0.4 -999.9 -999.9 365
sta1 2011 10 14 287 5.1 15 12.5 1.9 0 -999.9 -999.9 365
sta1 2011 10 15 288 1 13.9 12.3 1.3 0 -999.9 -999.9 365
sta1 2011 10 16 289 1.8 16.3 11.4 0.9 0 -999.9 -999.9 365
sta1 2011 10 17 290 4.4 16.8 7.1 0.9 0 -999.9 -999.9 365
sta1 2011 10 18 291 7.9 12.9 2.2 0.9 3.8 -999.9 -999.9 365
sta1 2011 10 19 292 5.8 12.7 8.7 1.4 0.2 -999.9 -999.9 365
sta1 2011 10 20 293 1.3 11.1 10.2 1.1 0 -999.9 -999.9 365
sta1 2011 10 21 294 -1.3 11.8 10.6 0.9 0 -999.9 -999.9 365
sta1 2011 10 22 295 0.9 7.7 5.6 0.8 0.2 -999.9 -999.9 365
sta1 2011 10 23 296 2.6 15.3 10 1.1 0 -999.9 -999.9 365
sta1 2011 10 24 297 4.9 15.6 9.6 1.5 5.4 -999.9 -999.9 365
sta1 2011 10 25 298 10.3 16.2 4.3 1.5 2.9 -999.9 -999.9 365
sta1 2011 10 26 299 7.8 14.9 9.3 1.5 0 -999.9 -999.9 365
sta1 2011 10 27 300 7 17.1 8.3 1.6 0 -999.9 -999.9 365
sta1 2011 10 28 301 9.7 17.2 6.2 1 0 -999.9 -999.9 365
sta1 2011 10 29 302 11.4 17 3.9 0.7 0.2 -999.9 -999.9 365
sta1 2011 10 30 303 9.7 16.5 5.9 0.8 0 -999.9 -999.9 365
sta1 2011 10 31 304 7.6 16.6 8.2 0.9 0.4 -999.9 -999.9 365
sta1 2011 11 1 305 7.2 16.5 5.1 0.6 7.9 -999.9 -999.9 365
sta1 2011 11 2 306 8.3 14.1 4.1 0.4 0 -999.9 -999.9 365
sta1 2011 11 3 307 12.3 16.6 1.8 1.2 2 -999.9 -999.9 365
sta1 2011 11 4 308 11.6 17.4 6.3 1.6 4.6 -999.9 -999.9 365
sta1 2011 11 5 309 11.1 17.5 5 1.1 0.2 -999.9 -999.9 365
sta1 2011 11 6 310 11.2 13.3 2.7 1.3 0 -999.9 -999.9 365
sta1 2011 11 7 311 8.9 10 0.7 0.7 0.2 -999.9 -999.9 365
sta1 2011 11 8 312 8.5 11 1.1 0.2 0.8 -999.9 -999.9 365
sta1 2011 11 9 313 10 15.6 4.5 1.3 0 -999.9 -999.9 365
sta1 2011 11 10 314 6.1 8.2 2.9 0.5 0 -999.9 -999.9 365
sta1 2011 11 11 315 6 8 1.5 0.5 0 -999.9 -999.9 365
sta1 2011 11 12 316 4.8 12.6 5 0.8 0.2 -999.9 -999.9 365
sta1 2011 11 13 317 5.6 8.1 1.8 0.2 0 -999.9 -999.9 365
sta1 2011 11 14 318 3.4 7 3.3 0.5 0 -999.9 -999.9 365
sta1 2011 11 15 319 1.2 4.2 1.7 0.4 0 -999.9 -999.9 365
sta1 2011 11 16 320 0.7 3.5 1.7 0.2 0 -999.9 -999.9 365
sta1 2011 11 17 321 2.3 8.8 1.3 0.1 0.2 -999.9 -999.9 365
sta1 2011 11 18 322 7.7 10.3 1.8 0.4 0.2 -999.9 -999.9 365
sta1 2011 11 19 323 4.3 11 5.7 0.7 0.2 -999.9 -999.9 365
sta1 2011 11 20 324 0.2 13.3 5.6 0.6 0.2 -999.9 -999.9 365
sta1 2011 11 21 325 0.3 10.7 4.1 0.2 0.2 -999.9 -999.9 365
sta1 2011 11 22 326 4.1 13.3 4.7 0.7 1 -999.9 -999.9 365
sta1 2011 11 23 327 3.7 10.2 1.5 0 0 -999.9 -999.9 365
sta1 2011 11 24 328 7.9 9 0.9 0.2 0.2 -999.9 -999.9 365
sta1 2011 11 25 329 4.9 8.9 0.6 0.3 0.2 -999.9 -999.9 365
sta1 2011 11 26 330 1.8 9.3 4.1 0.1 0.2 -999.9 -999.9 365
sta1 2011 11 27 331 5.8 12.9 1.7 0.9 0 -999.9 -999.9 365
sta1 2011 11 28 332 0.6 6.8 2 0 0.2 -999.9 -999.9 365
sta1 2011 11 29 333 4.1 10.2 1.4 0.6 0.2 -999.9 -999.9 365
sta1 2011 11 30 334 3 10.9 4.6 0.7 0.8 -999.9 -999.9 365
sta1 2011 12 1 335 2.4 13.1 1.1 0 1.6 -999.9 -999.9 365
sta1 2011 12 2 336 5 9.4 4.2 0.7 0.8 -999.9 -999.9 365
sta1 2011 12 3 337 4.6 11.4 0.7 0.4 9.7 -999.9 -999.9 365
sta1 2011 12 4 338 8.3 11.4 1.3 0.6 16.1 -999.9 -999.9 365
sta1 2011 12 5 339 2.5 6.9 3.3 0.8 4.4 -999.9 -999.9 365
sta1 2011 12 6 340 4.1 8.6 2.2 1 8.6 -999.9 -999.9 365
sta1 2011 12 7 341 5.4 10.5 2.9 1.6 2 -999.9 -999.9 365
sta1 2011 12 8 342 1.2 11.4 1.9 0.5 3.8 -999.9 -999.9 365
sta1 2011 12 9 343 5 9 2.8 0.8 0 -999.9 -999.9 365
sta1 2011 12 10 344 0 5.9 2.5 0.1 0 -999.9 -999.9 365
sta1 2011 12 11 345 2.3 9.1 3.4 0.6 6 -999.9 -999.9 365
sta1 2011 12 12 346 5.5 9.8 3.8 1.2 1.6 -999.9 -999.9 365
sta1 2011 12 13 347 5 11.3 1.7 1.2 10.1 -999.9 -999.9 365
sta1 2011 12 14 348 4.8 8.5 2.5 1.2 1.2 -999.9 -999.9 365
sta1 2011 12 15 349 4.3 12.8 1.9 2.3 16.5 -999.9 -999.9 365
sta1 2011 12 16 350 2.9 11.6 0.9 1.1 6.4 -999.9 -999.9 365
sta1 2011 12 17 351 1.7 7.2 3.4 0.7 5.8 -999.9 -999.9 365
sta1 2011 12 18 352 0.6 4.8 4.2 0.7 4.4 -999.9 -999.9 365
sta1 2011 12 19 353 -1.7 5.8 2.8 0.5 4.2 -999.9 -999.9 365
sta1 2011 12 20 354 1 8 2.6 0.3 1.4 -999.9 -999.9 365
sta1 2011 12 21 355 2.7 10.2 0.7 0.1 3 -999.9 -999.9 365
sta1 2011 12 22 356 7.7 12.4 3.1 0.6 0.2 -999.9 -999.9 365
sta1 2011 12 23 357 8.1 9 1.2 0.8 2.4 -999.9 -999.9 365
sta1 2011 12 24 358 3.4 7.5 3.9 1 0 -999.9 -999.9 365
sta1 2011 12 25 359 3.7 9.8 2.1 0.4 0 -999.9 -999.9 365
sta1 2011 12 26 360 8 9.9 0.7 0.7 0.2 -999.9 -999.9 365
sta1 2011 12 27 361 1.4 6.1 2.2 0.1 0 -999.9 -999.9 365
sta1 2011 12 28 362 2.6 6.5 0.6 0.4 0.4 -999.9 -999.9 365
sta1 2011 12 29 363 2.4 8.2 2.2 0.7 9.2 -999.9 -999.9 365
sta1 2011 12 30 364 4 10.2 2.8 1.2 11.1 -999.9 -999.9 365
sta1 2011 12 31 365 5 12 1 0 0.8 -999.9 -999.9 365
sta1 2012 1 1 1 11.1 13.9 0.8 0.9 8.7 -999.9 -999.9 365
sta1 2012 1 2 2 2.6 9 2.4 0.3 2.8 -999.9 -999.9 365
sta1 2012 1 3 3 3.1 12.3 0.9 0.8 2.4 -999.9 -999.9 365
sta1 2012 1 4 4 4.1 9.2 3.8 1.2 4.2 -999.9 -999.9 365
sta1 2012 1 5 5 7 11.4 2.2 2.1 4.4 -999.9 -999.9 365
sta1 2012 1 6 6 2.3 7.9 4.1 1.2 0 -999.9 -999.9 365
sta1 2012 1 7 7 1.7 11.4 2.5 0.5 1.6 -999.9 -999.9 365
sta1 2012 1 8 8 4.1 8.3 1.9 0.9 0.8 -999.9 -999.9 365
sta1 2012 1 9 9 6.1 10.9 3.1 0.6 0.2 -999.9 -999.9 365
sta1 2012 1 10 10 7.3 10.3 1.8 0.5 0 -999.9 -999.9 365
sta1 2012 1 11 11 7.2 11 4.1 0.8 0.2 -999.9 -999.9 365
sta1 2012 1 12 12 2.9 9.2 3.3 0.4 0.2 -999.9 -999.9 365
sta1 2012 1 13 13 0.4 7.6 4.9 0.3 0.2 -999.9 -999.9 365
sta1 2012 1 14 14 -2.9 7.1 5 0.5 0 -999.9 -999.9 365
sta1 2012 1 15 15 -1.9 5.2 5.6 0.4 0 -999.9 -999.9 365
sta1 2012 1 16 16 -2.4 4.7 5.5 1 0 -999.9 -999.9 365
sta1 2012 1 17 17 -3.3 3.5 5.2 0.7 0 -999.9 -999.9 365
sta1 2012 1 18 18 -3.5 9.8 1.6 0.6 1.2 -999.9 -999.9 365
sta1 2012 1 19 19 4.1 11.8 0.6 0 5.8 -999.9 -999.9 365
sta1 2012 1 20 20 5 8.5 1.4 0.7 2.4 -999.9 -999.9 365
sta1 2012 1 21 21 7.4 11.4 1.5 1.1 1.2 -999.9 -999.9 365
sta1 2012 1 22 22 4.7 10.2 2.2 1.1 0.2 -999.9 -999.9 365
sta1 2012 1 23 23 2.2 8.7 4.3 0.6 0 -999.9 -999.9 365
sta1 2012 1 24 24 0.3 5.9 2.1 0.2 4 -999.9 -999.9 365
sta1 2012 1 25 25 3.5 8.4 1.3 0.3 1.8 -999.9 -999.9 365
sta1 2012 1 26 26 5.2 10.2 2.1 0.6 1.6 -999.9 -999.9 365
sta1 2012 1 27 27 0.1 8.6 6.6 0.6 3.4 -999.9 -999.9 365
sta1 2012 1 28 28 1.7 3.8 1.2 0.2 3.9 -999.9 -999.9 365
sta1 2012 1 29 29 -0.1 0.7 1.7 0.6 0 -999.9 -999.9 365
sta1 2012 1 30 30 -1.7 -0.5 0.7 0.6 0 -999.9 -999.9 365
sta1 2012 1 31 31 -1.8 1.6 3.1 0.8 0 -999.9 -999.9 365
sta1 2012 2 1 32 -6.1 -1.7 6.9 1.2 0 -999.9 -999.9 365
sta1 2012 2 2 33 -8.2 -2.3 7.8 1.4 0 -999.9 -999.9 365
sta1 2012 2 3 34 -9.9 -3.4 4.8 0.7 0 -999.9 -999.9 365
sta1 2012 2 4 35 -10.9 -3.5 8.8 0.6 0 -999.9 -999.9 365
sta1 2012 2 5 36 -9.3 -2.9 5.3 0.8 0 -999.9 -999.9 365
sta1 2012 2 6 37 -6.9 -0.5 5.9 1 0 -999.9 -999.9 365
sta1 2012 2 7 38 -10.7 -3.7 8.5 0.9 0 -999.9 -999.9 365
sta1 2012 2 8 39 -7.1 -1.1 7.2 0.9 0 -999.9 -999.9 365
sta1 2012 2 9 40 -9.3 -0.7 7.6 0.5 0 -999.9 -999.9 365
sta1 2012 2 10 41 -8.8 0.2 9.4 0.7 0 -999.9 -999.9 365
sta1 2012 2 11 42 -9.9 -0.8 10.1 1 0 -999.9 -999.9 365
sta1 2012 2 12 43 -9.9 0.2 6.5 0.4 0 -999.9 -999.9 365
sta1 2012 2 13 44 -1.3 4.5 3 0.3 4.8 -999.9 -999.9 365
sta1 2012 2 14 45 2 6.3 4.5 0.7 2 -999.9 -999.9 365
sta1 2012 2 15 46 2.5 8.9 4.2 0.9 2 -999.9 -999.9 365
sta1 2012 2 16 47 3.5 6.9 2.8 0.5 0.2 -999.9 -999.9 365
sta1 2012 2 17 48 1.8 7.9 2.6 0.2 1 -999.9 -999.9 365
sta1 2012 2 18 49 6.1 9.1 2.3 0.7 2.4 -999.9 -999.9 365
sta1 2012 2 19 50 0.3 6.1 9 1.2 0 -999.9 -999.9 365
sta1 2012 2 20 51 -3.9 5.8 11.2 0.7 0 -999.9 -999.9 365
sta1 2012 2 21 52 -2 6.3 4.2 1 0 -999.9 -999.9 365
sta1 2012 2 22 53 -1.6 8.4 9.5 0.9 0 -999.9 -999.9 365
sta1 2012 2 23 54 4.6 10.8 2.6 0.1 0.6 -999.9 -999.9 365
sta1 2012 2 24 55 8.6 11.1 3.2 0.7 0 -999.9 -999.9 365
sta1 2012 2 25 56 7.3 9 1.9 0.6 0.2 -999.9 -999.9 365
sta1 2012 2 26 57 3.2 8 4.4 0.7 0 -999.9 -999.9 365
sta1 2012 2 27 58 -0.8 10.3 5.7 0.5 0 -999.9 -999.9 365
sta1 2012 2 28 59 7 10.2 2.2 0.5 0.2 -999.9 -999.9 365
sta1 2012 2 29 60 7.9 10 2.3 0.5 0 -999.9 -999.9 365
sta1 2012 3 1 61 5.5 13.2 10.5 1 0.2 -999.9 -999.9 365
sta1 2012 3 2 62 7.2 10 1.7 0.3 0 -999.9 -999.9 365
sta1 2012 3 3 63 7.3 12.1 5.2 1.2 0.2 -999.9 -999.9 365
sta1 2012 3 4 64 5.9 11.1 3.7 1.1 5.2 -999.9 -999.9 365
sta1 2012 3 5 65 2 3.8 1.6 0.5 19.2 -999.9 -999.9 365
sta1 2012 3 6 66 2.6 6.1 3.9 0.8 0.2 -999.9 -999.9 365
sta1 2012 3 7 67 -1.3 7 3.4 0.4 8.7 -999.9 -999.9 365
sta1 2012 3 8 68 0.4 9.3 10.1 1.2 0 -999.9 -999.9 365
sta1 2012 3 9 69 0 12.8 10.1 0.9 0 -999.9 -999.9 365
sta1 2012 3 10 70 6.9 11.9 4.6 1 0 -999.9 -999.9 365
sta1 2012 3 11 71 7.8 13.7 7.3 1.8 0.2 -999.9 -999.9 365
sta1 2012 3 12 72 1.9 15.6 13.8 1.1 0 -999.9 -999.9 365
sta1 2012 3 13 73 6.5 12.3 8.7 1.6 0.2 -999.9 -999.9 365
sta1 2012 3 14 74 2.8 11.7 8.7 1.1 0.2 -999.9 -999.9 365
sta1 2012 3 15 75 1.8 19.4 15.5 1.9 0 -999.9 -999.9 365
sta1 2012 3 16 76 5.3 21.2 11.5 2.4 0.2 -999.9 -999.9 365
sta1 2012 3 17 77 4.8 10.4 3 0.6 0.2 -999.9 -999.9 365
sta1 2012 3 18 78 6 11.7 8 1.8 0 -999.9 -999.9 365
sta1 2012 3 19 79 4 11.3 13.6 2.1 0 -999.9 -999.9 365
sta1 2012 3 20 80 -1.3 13.4 15.2 1.4 0 -999.9 -999.9 365
sta1 2012 3 21 81 2.8 16.5 16.3 2.5 0 -999.9 -999.9 365
sta1 2012 3 22 82 4.5 19.4 15.8 3 0 -999.9 -999.9 365
sta1 2012 3 23 83 5.7 20.6 16.5 2.7 0 -999.9 -999.9 365
sta1 2012 3 24 84 7.2 20.3 16.2 2.7 0.4 -999.9 -999.9 365
sta1 2012 3 25 85 7 19.2 16.2 2.3 0 -999.9 -999.9 365
sta1 2012 3 26 86 5 19.8 18.2 3.4 0 -999.9 -999.9 365
sta1 2012 3 27 87 5.3 19.9 18.1 3.2 0 -999.9 -999.9 365
sta1 2012 3 28 88 6.1 19.9 17.6 2.7 0 -999.9 -999.9 365
sta1 2012 3 29 89 3.6 19.7 17.7 2.7 0 -999.9 -999.9 365
sta1 2012 3 30 90 3.3 14.3 16.8 1.7 0.2 -999.9 -999.9 365
sta1 2012 3 31 91 7.5 11.2 4.1 1.6 0 -999.9 -999.9 365
sta1 2012 4 1 92 -0.1 11.4 19.1 1.9 0 -999.9 -999.9 365
sta1 2012 4 2 93 0.7 15.3 19.1 2.2 0 -999.9 -999.9 365
sta1 2012 4 3 94 3.2 17.1 18.7 2.4 2.6 -999.9 -999.9 365
sta1 2012 4 4 95 0.8 12.5 10.2 0.9 0.4 -999.9 -999.9 365
sta1 2012 4 5 96 4.9 8.8 4 0.8 0 -999.9 -999.9 365
sta1 2012 4 6 97 2.9 12.3 19.2 2.5 0 -999.9 -999.9 365
sta1 2012 4 7 98 4.5 11.9 9.3 2.3 0.8 -999.9 -999.9 365
sta1 2012 4 8 99 0.5 9.8 12.4 1.5 0.8 -999.9 -999.9 365
sta1 2012 4 9 100 6.3 11.5 5.7 0.6 8.3 -999.9 -999.9 365
sta1 2012 4 10 101 8.5 11.1 4.9 1.2 9.9 -999.9 -999.9 365
sta1 2012 4 11 102 2.8 12.7 13.8 1.5 2.4 -999.9 -999.9 365
sta1 2012 4 12 103 -0.2 12.3 13.5 1.3 7.1 -999.9 -999.9 365
sta1 2012 4 13 104 -0.9 13.8 17.5 1.5 0 -999.9 -999.9 365
sta1 2012 4 14 105 3.3 12.7 17.8 1.9 0 -999.9 -999.9 365
sta1 2012 4 15 106 4 9.7 12 2.2 0 -999.9 -999.9 365
sta1 2012 4 16 107 1.6 10.6 16 2.3 0 -999.9 -999.9 365
sta1 2012 4 17 108 -1.4 9.5 7.8 0.9 4.6 -999.9 -999.9 365
sta1 2012 4 18 109 3.4 12.3 10.4 1.5 4 -999.9 -999.9 365
sta1 2012 4 19 110 4.4 14.3 16.5 2.8 0 -999.9 -999.9 365
sta1 2012 4 20 111 1.4 12.4 11.6 1.1 4.6 -999.9 -999.9 365
sta1 2012 4 21 112 5.3 12.7 15.2 2.4 1 -999.9 -999.9 365
sta1 2012 4 22 113 3.8 11.9 15.5 1.7 2.4 -999.9 -999.9 365
sta1 2012 4 23 114 2.3 10.6 10.9 0.9 10.6 -999.9 -999.9 365
sta1 2012 4 24 115 6.1 12.5 10.9 2 5 -999.9 -999.9 365
sta1 2012 4 25 116 3 12.2 6.8 0.8 1.8 -999.9 -999.9 365
sta1 2012 4 26 117 9.1 15.8 13.5 3 6.1 -999.9 -999.9 365
sta1 2012 4 27 118 9.5 14.7 11.5 2.4 0.8 -999.9 -999.9 365
sta1 2012 4 28 119 10.1 16.9 5.1 1.1 1.4 -999.9 -999.9 365
sta1 2012 4 29 120 13 17.8 11.9 3.3 1.2 -999.9 -999.9 365
sta1 2012 4 30 121 7.1 18.6 14.5 2.3 3.8 -999.9 -999.9 365
sta1 2012 5 1 122 9.2 18.5 19 2.7 0 -999.9 -999.9 365
sta1 2012 5 2 123 9.4 11.8 4.6 0.8 6.9 -999.9 -999.9 365
sta1 2012 5 3 124 9.4 15.5 7.9 1.4 0.4 -999.9 -999.9 365
sta1 2012 5 4 125 6.3 16.8 15.5 1.6 4.8 -999.9 -999.9 365
sta1 2012 5 5 126 8 10.1 5.6 0.8 1 -999.9 -999.9 365
sta1 2012 5 6 127 7.5 9.9 4.7 0.7 0.2 -999.9 -999.9 365
sta1 2012 5 7 128 3.3 17 18.9 2.2 0 -999.9 -999.9 365
sta1 2012 5 8 129 9.6 19.1 11.6 2 1.2 -999.9 -999.9 365
sta1 2012 5 9 130 12.8 21.3 11.3 2.4 1.8 -999.9 -999.9 365
sta1 2012 5 10 131 14.1 26.3 14.1 3.6 0 -999.9 -999.9 365
sta1 2012 5 11 132 11.9 17.1 10.1 2.2 0 -999.9 -999.9 365
sta1 2012 5 12 133 7.6 14.9 21 3.1 0 -999.9 -999.9 365
sta1 2012 5 13 134 2.5 14.7 27.9 2.8 0 -999.9 -999.9 365
sta1 2012 5 14 135 2.2 18.2 27.1 3.1 0.4 -999.9 -999.9 365
sta1 2012 5 15 136 5.9 12.2 13.6 1.9 5.4 -999.9 -999.9 365
sta1 2012 5 16 137 2.4 14.4 24.9 3 0 -999.9 -999.9 365
sta1 2012 5 17 138 2 15.2 19.7 2.3 0.4 -999.9 -999.9 365
sta1 2012 5 18 139 8.9 16.8 11.5 2.1 1 -999.9 -999.9 365
sta1 2012 5 19 140 8.9 19.8 21.3 3.1 3.5 -999.9 -999.9 365
sta1 2012 5 20 141 10.4 21.7 15.8 2.8 0 -999.9 -999.9 365
sta1 2012 5 21 142 10.7 12.7 4.6 0.5 1.4 -999.9 -999.9 365
sta1 2012 5 22 143 10.7 18.4 6.3 1.4 0 -999.9 -999.9 365
sta1 2012 5 23 144 11.3 23.9 18.7 2.9 0 -999.9 -999.9 365
sta1 2012 5 24 145 12.6 27.4 25.8 4 0 -999.9 -999.9 365
sta1 2012 5 25 146 15.9 25.5 28.7 6.1 0 -999.9 -999.9 365
sta1 2012 5 26 147 11.1 25 29.1 5.4 0 -999.9 -999.9 365
sta1 2012 5 27 148 11.6 27.7 28.7 5.5 0 -999.9 -999.9 365
sta1 2012 5 28 149 10.7 26.6 23.1 4.8 0 -999.9 -999.9 365
sta1 2012 5 29 150 8.6 24.7 27.4 3.5 0.2 -999.9 -999.9 365
sta1 2012 5 30 151 10.2 23.5 22.3 3.3 0 -999.9 -999.9 365
sta1 2012 5 31 152 12.3 20.5 19.5 3.6 0 -999.9 -999.9 365
sta1 2012 6 1 153 13.2 21.2 12 2.7 0 -999.9 -999.9 365
sta1 2012 6 2 154 12.5 22.8 21.4 3.7 2 -999.9 -999.9 365
sta1 2012 6 3 155 14.8 18.6 10.9 2.9 0 -999.9 -999.9 365
sta1 2012 6 4 156 10.4 13.9 6.3 1.5 1.2 -999.9 -999.9 365
sta1 2012 6 5 157 2.1 17 22.2 2.3 15.5 -999.9 -999.9 365
sta1 2012 6 6 158 11.4 19.3 14.1 2.7 3.6 -999.9 -999.9 365
sta1 2012 6 7 159 11.6 21.5 11.9 2.2 7.1 -999.9 -999.9 365
sta1 2012 6 8 160 11.9 19.6 19.3 4.1 4.9 -999.9 -999.9 365
sta1 2012 6 9 161 7.3 17.6 21.2 3 0.2 -999.9 -999.9 365
sta1 2012 6 10 162 7.9 18.9 14.2 2.2 10.3 -999.9 -999.9 365
sta1 2012 6 11 163 12.8 17.6 10.4 2.1 8.8 -999.9 -999.9 365
sta1 2012 6 12 164 8.1 17.9 10.3 1.5 12.5 -999.9 -999.9 365
sta1 2012 6 13 165 9.8 15.4 9.7 1.9 0.4 -999.9 -999.9 365
sta1 2012 6 14 166 5.9 19.7 23.8 2.7 10.5 -999.9 -999.9 365
sta1 2012 6 15 167 13.2 20.8 10.1 2.5 12.2 -999.9 -999.9 365
sta1 2012 6 16 168 14.3 19.2 11.2 2.7 0.2 -999.9 -999.9 365
sta1 2012 6 17 169 9.2 21.3 24.6 3.6 21.2 -999.9 -999.9 365
sta1 2012 6 18 170 12.6 18.6 17 3 0.2 -999.9 -999.9 365
sta1 2012 6 19 171 7.7 19.9 16 2.4 0.2 -999.9 -999.9 365
sta1 2012 6 20 172 11.9 23.6 25.9 4 1 -999.9 -999.9 365
sta1 2012 6 21 173 13.9 23.7 10.9 2.6 2 -999.9 -999.9 365
sta1 2012 6 22 174 11.5 20.4 23 4.3 0 -999.9 -999.9 365
sta1 2012 6 23 175 11.8 19.8 19.8 3.7 0 -999.9 -999.9 365
sta1 2012 6 24 176 9.3 15.3 6.2 1.1 11.7 -999.9 -999.9 365
sta1 2012 6 25 177 8.7 20.8 18.8 2.9 0 -999.9 -999.9 365
sta1 2012 6 26 178 10.9 20.7 15 2.2 0.2 -999.9 -999.9 365
sta1 2012 6 27 179 15.7 25.3 13.4 2.7 0 -999.9 -999.9 365
sta1 2012 6 28 180 17.9 29.1 18.1 4.2 15.3 -999.9 -999.9 365
sta1 2012 6 29 181 15.5 21.6 12.7 3.1 2.8 -999.9 -999.9 365
sta1 2012 6 30 182 11.4 23.7 26.1 3.8 0.2 -999.9 -999.9 365
sta1 2012 7 1 183 12 19.9 25.9 4.3 0 -999.9 -999.9 365
sta1 2012 7 2 184 8.4 23.7 27.4 4.1 0.2 -999.9 -999.9 365
sta1 2012 7 3 185 12.4 21.9 14.8 2.3 0 -999.9 -999.9 365
sta1 2012 7 4 186 15.2 27.3 18.6 4.1 2.4 -999.9 -999.9 365
sta1 2012 7 5 187 14.2 24 14.6 2.6 5.4 -999.9 -999.9 365
sta1 2012 7 6 188 13.6 23 20.9 3.9 0.6 -999.9 -999.9 365
sta1 2012 7 7 189 12.4 22.5 18.9 2.9 11.9 -999.9 -999.9 365
sta1 2012 7 8 190 15.2 20.1 12.4 2.7 3.9 -999.9 -999.9 365
sta1 2012 7 9 191 10.4 20.7 12.5 2 0 -999.9 -999.9 365
sta1 2012 7 10 192 11 20.2 11.4 2.2 2 -999.9 -999.9 365
sta1 2012 7 11 193 12.5 19.3 15.4 3.1 9.3 -999.9 -999.9 365
sta1 2012 7 12 194 11 20 15.8 2.9 18.3 -999.9 -999.9 365
sta1 2012 7 13 195 12.6 18.7 13.1 2.2 8.6 -999.9 -999.9 365
sta1 2012 7 14 196 12.8 20.3 17.3 3.2 8.1 -999.9 -999.9 365
sta1 2012 7 15 197 12.3 18.5 14.1 2.9 7.7 -999.9 -999.9 365
sta1 2012 7 16 198 8.1 19.5 15 2.2 0 -999.9 -999.9 365
sta1 2012 7 17 199 14.9 23.1 15.3 3.7 0.2 -999.9 -999.9 365
sta1 2012 7 18 200 12.8 24 20.9 3.9 0.6 -999.9 -999.9 365
sta1 2012 7 19 201 14.1 21 16.4 4 0 -999.9 -999.9 365
sta1 2012 7 20 202 9.2 20.8 17.4 2.8 0.2 -999.9 -999.9 365
sta1 2012 7 21 203 10.2 20.1 19.1 3 0 -999.9 -999.9 365
sta1 2012 7 22 204 9 23.8 27.6 4.2 0.2 -999.9 -999.9 365
sta1 2012 7 23 205 10.5 26.5 27.8 5 0 -999.9 -999.9 365
sta1 2012 7 24 206 10.8 29.3 27.6 4.8 0 -999.9 -999.9 365
sta1 2012 7 25 207 14.4 29.7 26.4 5.7 0 -999.9 -999.9 365
sta1 2012 7 26 208 13.3 30 25.9 4.8 0.4 -999.9 -999.9 365
sta1 2012 7 27 209 17.1 28.4 15.7 3.6 2.6 -999.9 -999.9 365
sta1 2012 7 28 210 18.1 24.2 13.1 3.5 3.8 -999.9 -999.9 365
sta1 2012 7 29 211 9.2 21.1 21.9 3.6 5.8 -999.9 -999.9 365
sta1 2012 7 30 212 9.6 20.4 20.4 3.5 0 -999.9 -999.9 365
sta1 2012 7 31 213 11.1 23.3 15.7 3.4 0.2 -999.9 -999.9 365
sta1 2012 8 1 214 11.4 29 19.5 4 0 -999.9 -999.9 365
sta1 2012 8 2 215 15.1 23.9 17.5 4.2 0.2 -999.9 -999.9 365
sta1 2012 8 3 216 12.6 23.7 20.5 3.8 11.7 -999.9 -999.9 365
sta1 2012 8 4 217 12 23.9 20.9 3.6 3.8 -999.9 -999.9 365
sta1 2012 8 5 218 11.1 22.4 15.6 2.4 1.6 -999.9 -999.9 365
sta1 2012 8 6 219 13 21.4 12.8 3 0.2 -999.9 -999.9 365
sta1 2012 8 7 220 11.9 21 14.8 3.2 0 -999.9 -999.9 365
sta1 2012 8 8 221 11.7 23.3 14.7 2.8 0 -999.9 -999.9 365
sta1 2012 8 9 222 15.7 24.7 19.8 4.4 0 -999.9 -999.9 365
sta1 2012 8 10 223 11.2 24.3 25.2 4.5 0 -999.9 -999.9 365
sta1 2012 8 11 224 11 24.6 25.2 4.5 0 -999.9 -999.9 365
sta1 2012 8 12 225 11.7 26.7 22.3 3.9 0.2 -999.9 -999.9 365
sta1 2012 8 13 226 13 25.3 16 3.1 0 -999.9 -999.9 365
sta1 2012 8 14 227 12.9 24.3 13 2.5 0 -999.9 -999.9 365
sta1 2012 8 15 228 16.1 29.1 15.8 5.2 0 -999.9 -999.9 365
sta1 2012 8 16 229 10.9 24.5 20.5 3.5 0 -999.9 -999.9 365
sta1 2012 8 17 230 16.1 30.1 22.7 5.9 0 -999.9 -999.9 365
sta1 2012 8 18 231 16.8 34.8 23 6.5 0 -999.9 -999.9 365
sta1 2012 8 19 232 18 33.9 20 5.4 0 -999.9 -999.9 365
sta1 2012 8 20 233 13.9 26 11.6 2.6 0.4 -999.9 -999.9 365
sta1 2012 8 21 234 16.5 28 17.2 4.3 5.7 -999.9 -999.9 365
sta1 2012 8 22 235 13.7 22.8 20.6 4.1 0 -999.9 -999.9 365
sta1 2012 8 23 236 8 24.3 21.2 3.1 4 -999.9 -999.9 365
sta1 2012 8 24 237 13.8 23 11.4 2.6 2.2 -999.9 -999.9 365
sta1 2012 8 25 238 14.7 23.2 15.4 4.4 0.6 -999.9 -999.9 365
sta1 2012 8 26 239 14.8 21.7 16.1 4.3 0 -999.9 -999.9 365
sta1 2012 8 27 240 10.2 25.5 20.9 4.1 0.4 -999.9 -999.9 365
sta1 2012 8 28 241 14.1 24.1 14.6 3.7 0.2 -999.9 -999.9 365
sta1 2012 8 29 242 9.8 25.7 19.2 3.9 0 -999.9 -999.9 365
sta1 2012 8 30 243 10.6 22 14.4 3.1 0.8 -999.9 -999.9 365
sta1 2012 8 31 244 11 18.3 14.7 3.6 0.2 -999.9 -999.9 365
sta1 2012 9 1 245 4.3 20.7 21.3 2.8 0 -999.9 -999.9 365
sta1 2012 9 2 246 9.1 23.1 13.6 2.5 0.2 -999.9 -999.9 365
sta1 2012 9 3 247 15.1 21.6 8.6 2.3 0.2 -999.9 -999.9 365
sta1 2012 9 4 248 11.7 25.2 18.9 3.4 0 -999.9 -999.9 365
sta1 2012 9 5 249 13.7 22.9 10.8 3.3 0.2 -999.9 -999.9 365
sta1 2012 9 6 250 9 20.8 20.1 3.1 0 -999.9 -999.9 365
sta1 2012 9 7 251 5.5 25.4 19.6 2.9 0 -999.9 -999.9 365
sta1 2012 9 8 252 6.9 28.2 19.4 3.4 0 -999.9 -999.9 365
sta1 2012 9 9 253 10 29.4 19.2 4.6 0.2 -999.9 -999.9 365
sta1 2012 9 10 254 12 25.9 16.7 3.1 0.2 -999.9 -999.9 365
sta1 2012 9 11 255 14.2 18.2 4.5 1.5 3.4 -999.9 -999.9 365
sta1 2012 9 12 256 10 18.2 11.3 2.8 4.8 -999.9 -999.9 365
sta1 2012 9 13 257 9.9 18.5 9.7 2.1 0.2 -999.9 -999.9 365
sta1 2012 9 14 258 7.5 16.8 4.6 0.6 0 -999.9 -999.9 365
sta1 2012 9 15 259 10.3 21 15.7 2.5 0 -999.9 -999.9 365
sta1 2012 9 16 260 7.3 22.6 16.7 2.2 0.2 -999.9 -999.9 365
sta1 2012 9 17 261 8.7 18.7 6.9 1.1 0.2 -999.9 -999.9 365
sta1 2012 9 18 262 10.7 18.1 7.8 2.2 0.2 -999.9 -999.9 365
sta1 2012 9 19 263 4.1 17.1 16.2 2.3 0 -999.9 -999.9 365
sta1 2012 9 20 264 3.4 17.6 13.7 2 0 -999.9 -999.9 365
sta1 2012 9 21 265 5.2 17.5 8.6 1.8 0 -999.9 -999.9 365
sta1 2012 9 22 266 4.3 18.1 13.1 2 0.2 -999.9 -999.9 365
sta1 2012 9 23 267 10.2 19.5 8.2 2.6 7.5 -999.9 -999.9 365
sta1 2012 9 24 268 14.2 19.2 6.4 2 0.6 -999.9 -999.9 365
sta1 2012 9 25 269 11.2 16.1 8.5 1.9 1 -999.9 -999.9 365
sta1 2012 9 26 270 12.1 16.2 7.5 1.6 1.5 -999.9 -999.9 365
sta1 2012 9 27 271 11.8 17.9 9.7 2.2 1.4 -999.9 -999.9 365
sta1 2012 9 28 272 6.7 17.9 11.9 1.6 0 -999.9 -999.9 365
sta1 2012 9 29 273 8 17.9 12.2 2.1 0.2 -999.9 -999.9 365
sta1 2012 9 30 274 1.1 17.4 14.7 1.1 0.2 -999.9 -999.9 365
sta1 2012 10 1 275 3.6 19.4 12.6 1.5 1.4 -999.9 -999.9 365
sta1 2012 10 2 276 12.3 17.9 8.5 1.9 1.6 -999.9 -999.9 365
sta1 2012 10 3 277 12.1 16.3 3.5 1.2 9.8 -999.9 -999.9 365
sta1 2012 10 4 278 9.9 16.1 10.1 1.6 3.7 -999.9 -999.9 365
sta1 2012 10 5 279 8.6 19.8 5.1 0.4 0 -999.9 -999.9 365
sta1 2012 10 6 280 11.6 15.5 1.7 0.5 21.8 -999.9 -999.9 365
sta1 2012 10 7 281 6.9 15.3 11.3 1.3 0 -999.9 -999.9 365
sta1 2012 10 8 282 5.4 14.3 3.2 0.2 5.2 -999.9 -999.9 365
sta1 2012 10 9 283 10.9 15.6 9.9 1.6 0.2 -999.9 -999.9 365
sta1 2012 10 10 284 10 15.3 11.3 1.9 0 -999.9 -999.9 365
sta1 2012 10 11 285 7 15.6 5.3 0.4 2.4 -999.9 -999.9 365
sta1 2012 10 12 286 10.3 15 9.7 1.8 0.2 -999.9 -999.9 365
sta1 2012 10 13 287 6.8 11.1 2.6 0.4 7.4 -999.9 -999.9 365
sta1 2012 10 14 288 3 8.5 3.5 0.2 3.8 -999.9 -999.9 365
sta1 2012 10 15 289 5.5 13.4 9.6 1.1 1.4 -999.9 -999.9 365
sta1 2012 10 16 290 7.8 14.4 6.8 1.2 1.8 -999.9 -999.9 365
sta1 2012 10 17 291 7.3 14.8 2 0.1 3 -999.9 -999.9 365
sta1 2012 10 18 292 13.3 20.2 3.7 1.4 2.4 -999.9 -999.9 365
sta1 2012 10 19 293 13.4 19.1 3.5 1.1 1 -999.9 -999.9 365
sta1 2012 10 20 294 13.5 14.7 1.5 0.2 1 -999.9 -999.9 365
sta1 2012 10 21 295 12.9 22 8.6 1.2 0 -999.9 -999.9 365
sta1 2012 10 22 296 14.1 23.5 8.9 1.5 0 -999.9 -999.9 365
sta1 2012 10 23 297 9.4 21.5 7.6 1 0.2 -999.9 -999.9 365
sta1 2012 10 24 298 7.7 13.4 5.2 0.6 0.2 -999.9 -999.9 365
sta1 2012 10 25 299 7.9 16.1 8.5 0.5 0 -999.9 -999.9 365
sta1 2012 10 26 300 5 9.2 2.6 0.8 0 -999.9 -999.9 365
sta1 2012 10 27 301 0.2 8.2 7.7 1.1 0.2 -999.9 -999.9 365
sta1 2012 10 28 302 -1 9.8 9.2 0.6 1.2 -999.9 -999.9 365
sta1 2012 10 29 303 4.2 9.4 3.5 0.5 1.6 -999.9 -999.9 365
sta1 2012 10 30 304 6.8 11.7 4.6 0.9 0.2 -999.9 -999.9 365
sta1 2012 10 31 305 3.8 11.9 7.9 0.8 0.2 -999.9 -999.9 365
sta1 2012 11 1 306 6 11.7 4.1 1.1 1.4 -999.9 -999.9 365
sta1 2012 11 2 307 4 8.7 2.4 0.4 7 -999.9 -999.9 365
sta1 2012 11 3 308 3.8 11.5 4.9 0.5 1.2 -999.9 -999.9 365
sta1 2012 11 4 309 3.4 12.1 4.7 0.8 1 -999.9 -999.9 365
sta1 2012 11 5 310 4 9.7 3.3 0.5 0 -999.9 -999.9 365
sta1 2012 11 6 311 0.8 10 6.4 0.3 0 -999.9 -999.9 365
sta1 2012 11 7 312 7 12.2 2.5 0.6 0 -999.9 -999.9 365
sta1 2012 11 8 313 8 10.4 2.9 1.1 0 -999.9 -999.9 365
sta1 2012 11 9 314 5.7 10.4 4.2 0.4 4.6 -999.9 -999.9 365
sta1 2012 11 10 315 7.5 12.9 2.3 0.3 2.6 -999.9 -999.9 365
sta1 2012 11 11 316 1.7 7.9 1.6 0 0.2 -999.9 -999.9 365
sta1 2012 11 12 317 1 8.1 2.3 0.1 1.4 -999.9 -999.9 365
sta1 2012 11 13 318 6.3 8.4 1.4 0.1 0.4 -999.9 -999.9 365
sta1 2012 11 14 319 1.3 6.7 2.6 0 0 -999.9 -999.9 365
sta1 2012 11 15 320 4.1 5.3 0.7 0.3 0 -999.9 -999.9 365
sta1 2012 11 16 321 2.1 4.8 2.1 0.2 0.2 -999.9 -999.9 365
sta1 2012 11 17 322 1 9.1 1.2 0 2.4 -999.9 -999.9 365
sta1 2012 11 18 323 5.7 9.2 2.2 0.2 3.6 -999.9 -999.9 365
sta1 2012 11 19 324 3.9 10.8 1.7 0.1 0 -999.9 -999.9 365
sta1 2012 11 20 325 6.9 12.2 5 0.7 0 -999.9 -999.9 365
sta1 2012 11 21 326 3.7 10.2 1.3 0.4 1.4 -999.9 -999.9 365
sta1 2012 11 22 327 1.9 8.3 3.6 0 0 -999.9 -999.9 365
sta1 2012 11 23 328 5.7 8.8 0.8 0 9.1 -999.9 -999.9 365
sta1 2012 11 24 329 7.9 13.8 1.6 0.9 0 -999.9 -999.9 365
sta1 2012 11 25 330 7 11.1 4.9 1.2 0 -999.9 -999.9 365
sta1 2012 11 26 331 4.4 12.7 2.2 0.8 0 -999.9 -999.9 365
sta1 2012 11 27 332 6.2 8.3 1.8 0.4 1 -999.9 -999.9 365
sta1 2012 11 28 333 4.8 7.9 1.9 0.3 0 -999.9 -999.9 365
sta1 2012 11 29 334 3.5 6.6 3.6 0.6 0.2 -999.9 -999.9 365
sta1 2012 11 30 335 -1.6 3.2 1.7 0 0.2 -999.9 -999.9 365
sta1 2012 12 1 336 0.3 3.2 1.3 0 1.6 -999.9 -999.9 365
sta1 2012 12 2 337 -0.6 4.7 4.8 0.5 0.2 -999.9 -999.9 365
sta1 2012 12 3 338 -2 9.9 1.1 0 8.7 -999.9 -999.9 365
sta1 2012 12 4 339 2.2 6.9 3 0.4 0 -999.9 -999.9 365
sta1 2012 12 5 340 -0.2 3.5 1.1 0.1 0.4 -999.9 -999.9 365
sta1 2012 12 6 341 -0.4 2.9 3.9 0.4 2.8 -999.9 -999.9 365
sta1 2012 12 7 342 0.3 2.6 1.9 0.1 4 -999.9 -999.9 365
sta1 2012 12 8 343 -1.1 1.6 2.3 0.2 0.2 -999.9 -999.9 365
sta1 2012 12 9 344 -2.8 6.8 0.9 0 1.5 -999.9 -999.9 365
sta1 2012 12 10 345 2.3 6.2 2.6 0.7 0 -999.9 -999.9 365
sta1 2012 12 11 346 -1.4 2.7 4.5 0.4 0 -999.9 -999.9 365
sta1 2012 12 12 347 -5.8 0.5 5.5 0.1 0 -999.9 -999.9 365
sta1 2012 12 13 348 -4.3 3.1 1.4 0.2 0.2 -999.9 -999.9 365
sta1 2012 12 14 349 1.2 10.7 0.3 0 8 -999.9 -999.9 365
sta1 2012 12 15 350 5.4 10.7 2.9 0.5 2 -999.9 -999.9 365
sta1 2012 12 16 351 6.5 9.9 3.3 0.7 5 -999.9 -999.9 365
sta1 2012 12 17 352 6 9.6 2.2 0.6 1 -999.9 -999.9 365
sta1 2012 12 18 353 1.5 7.6 1.7 0 0.6 -999.9 -999.9 365
sta1 2012 12 19 354 3.9 7.2 2.8 0.1 3 -999.9 -999.9 365
sta1 2012 12 20 355 3.9 8.4 0.5 0.2 8.3 -999.9 -999.9 365
sta1 2012 12 21 356 6.2 8.8 1.6 0.1 0 -999.9 -999.9 365
sta1 2012 12 22 357 3.2 13 0.3 0 18.4 -999.9 -999.9 365
sta1 2012 12 23 358 10.1 13.7 0.6 0.6 0.4 -999.9 -999.9 365
sta1 2012 12 24 359 9.6 12 1.7 0.8 3.6 -999.9 -999.9 365
sta1 2012 12 25 360 8.5 11.5 2.8 1.2 4.8 -999.9 -999.9 365
sta1 2012 12 26 361 6.5 10.2 1.8 0.7 5.2 -999.9 -999.9 365
sta1 2012 12 27 362 7.5 10.3 1.7 1 4.4 -999.9 -999.9 365
sta1 2012 12 28 363 5.7 11.1 0.7 0.1 2 -999.9 -999.9 365
sta1 2012 12 29 364 8.4 12.9 3 1.2 0.6 -999.9 -999.9 365
sta1 2012 12 30 365 6.1 9 2.5 1.1 0 -999.9 -999.9 365
sta1 2012 12 31 366 7 10.3 0.9 0.8 8.7 -999.9 -999.9 365
