sta4 2010 1 1 1 -0.4 3.4 4.4 0.3 0 -999.9 -999.9 365
sta4 2010 1 2 2 -3.5 3.2 3.9 0.1 0 -999.9 -999.9 365
sta4 2010 1 3 3 -5.1 4 5 0.2 0 -999.9 -999.9 365
sta4 2010 1 4 4 -7.1 -0.4 7.4 0.1 0 -999.9 -999.9 365
sta4 2010 1 5 5 -8.8 2.6 5.9 0.1 0 -999.9 -999.9 365
sta4 2010 1 6 6 -4.9 -1.9 2.1 0.1 1.2 -999.9 -999.9 365
sta4 2010 1 7 7 -14.5 -0.1 5.2 0 0 -999.9 -999.9 365
sta4 2010 1 8 8 -12.2 -1.2 5.7 0.1 0 -999.9 -999.9 365
sta4 2010 1 9 9 -6.7 -0.9 2.8 0.2 0 -999.9 -999.9 365
sta4 2010 1 10 10 -1.5 0.2 2 0.1 0 -999.9 -999.9 365
sta4 2010 1 11 11 -2.6 1.2 2.4 0.1 0 -999.9 -999.9 365
sta4 2010 1 12 12 -8.8 -0.2 3.6 0.1 0 -999.9 -999.9 365
sta4 2010 1 13 13 -1.9 6.6 4.9 0 3.5 -999.9 -999.9 365
sta4 2010 1 14 14 0.9 5.7 4.4 0.1 0 -999.9 -999.9 365
sta4 2010 1 15 15 0.8 4.1 2.8 0.1 0 -999.9 -999.9 365
sta4 2010 1 16 16 0.8 9.6 0.8 0.2 5.5 -999.9 -999.9 365
sta4 2010 1 17 17 4.1 10.6 4.3 0.3 0 -999.9 -999.9 365
sta4 2010 1 18 18 -1.1 8.5 2.8 0 0 -999.9 -999.9 365
sta4 2010 1 19 19 1.4 3.2 2.2 0.1 2 -999.9 -999.9 365
sta4 2010 1 20 20 -0.2 8.9 2.7 0.2 8 -999.9 -999.9 365
sta4 2010 1 21 21 4 8.7 5.1 0.2 0 -999.9 -999.9 365
sta4 2010 1 22 22 4.2 7.6 2.2 0.3 3.4 -999.9 -999.9 365
sta4 2010 1 23 23 4.5 6.1 1.5 0.1 6.6 -999.9 -999.9 365
sta4 2010 1 24 24 4.6 6.3 1.8 0.3 0 -999.9 -999.9 365
sta4 2010 1 25 25 -0.1 6.5 3.2 0.2 0.4 -999.9 -999.9 365
sta4 2010 1 26 26 -2.1 1.5 2.1 0.3 0 -999.9 -999.9 365
sta4 2010 1 27 27 -5.6 5.8 7.1 0.3 0.8 -999.9 -999.9 365
sta4 2010 1 28 28 1.3 6.6 3.1 0.1 1 -999.9 -999.9 365
sta4 2010 1 29 29 3.3 7.2 1.4 0.4 7.8 -999.9 -999.9 365
sta4 2010 1 30 30 -2 3.7 7.6 0.2 0.2 -999.9 -999.9 365
sta4 2010 1 31 31 -3.8 4.5 7.7 0.2 0 -999.9 -999.9 365
sta4 2010 2 1 32 -3.5 5.5 7 0.2 0.6 -999.9 -999.9 365
sta4 2010 2 2 33 1.2 8 1.7 0.3 3.5 -999.9 -999.9 365
sta4 2010 2 3 34 7.6 10.7 3.5 0.5 1 -999.9 -999.9 365
sta4 2010 2 4 35 5 9.5 7.1 0.7 4 -999.9 -999.9 365
sta4 2010 2 5 36 5.4 12.2 7.5 0.6 1 -999.9 -999.9 365
sta4 2010 2 6 37 5.1 9.2 3.8 0.3 0 -999.9 -999.9 365
sta4 2010 2 7 38 3.3 6.9 3.1 0.4 0 -999.9 -999.9 365
sta4 2010 2 8 39 1.3 3 1.2 0.1 1 -999.9 -999.9 365
sta4 2010 2 9 40 -2.4 -0.6 1.9 0.4 0 -999.9 -999.9 365
sta4 2010 2 10 41 -3.1 4.1 6.5 0.5 0.5 -999.9 -999.9 365
sta4 2010 2 11 42 -3.8 0.4 3.6 0.8 0 -999.9 -999.9 365
sta4 2010 2 12 43 -4.4 2.9 10.5 0.7 0 -999.9 -999.9 365
sta4 2010 2 13 44 -2.6 1.5 5 0.7 0 -999.9 -999.9 365
sta4 2010 2 14 45 -7.3 1.5 7 0.3 0 -999.9 -999.9 365
sta4 2010 2 15 46 -3.5 3.4 3.4 0.3 0 -999.9 -999.9 365
sta4 2010 2 16 47 -2.3 5.2 10.9 0.7 0 -999.9 -999.9 365
sta4 2010 2 17 48 -5.8 3.5 3.3 0.2 0.5 -999.9 -999.9 365
sta4 2010 2 18 49 -0.6 9.9 5.7 0.5 1 -999.9 -999.9 365
sta4 2010 2 19 50 1.9 7.9 9.6 0.6 0 -999.9 -999.9 365
sta4 2010 2 20 51 -2 6.9 10.2 0.4 3.5 -999.9 -999.9 365
sta4 2010 2 21 52 -0.2 8.9 7.3 0.3 0 -999.9 -999.9 365
sta4 2010 2 22 53 3.2 12.6 3.3 0.8 1 -999.9 -999.9 365
sta4 2010 2 23 54 8.3 14.6 5.2 0.7 6 -999.9 -999.9 365
sta4 2010 2 24 55 6.1 12.6 6.8 1 5 -999.9 -999.9 365
sta4 2010 2 25 56 7.1 12.7 3.4 0.9 9 -999.9 -999.9 365
sta4 2010 2 26 57 5.3 10.7 9.2 1.4 1.5 -999.9 -999.9 365
sta4 2010 2 27 58 4.6 12.4 7.5 1.2 12.5 -999.9 -999.9 365
sta4 2010 2 28 59 5 9.9 4.5 0.7 6.5 -999.9 -999.9 365
sta4 2010 3 1 60 -1.6 10.7 9.6 0.8 0.5 -999.9 -999.9 365
sta4 2010 3 2 61 2.1 11.2 13.8 1.3 0 -999.9 -999.9 365
sta4 2010 3 3 62 0.9 8.6 10.9 1.8 0 -999.9 -999.9 365
sta4 2010 3 4 63 1.1 7.6 13.6 1.7 0 -999.9 -999.9 365
sta4 2010 3 5 64 -2.5 7.4 15.4 0.9 0 -999.9 -999.9 365
sta4 2010 3 6 65 -0.5 7.9 9.9 1.2 0 -999.9 -999.9 365
sta4 2010 3 7 66 -3.1 4.1 15.2 1.8 0 -999.9 -999.9 365
sta4 2010 3 8 67 -2.7 6.3 15.6 1.9 0 -999.9 -999.9 365
sta4 2010 3 9 68 -2.6 5.4 15.1 1.5 0 -999.9 -999.9 365
sta4 2010 3 10 69 -2.2 8.6 15 2 0 -999.9 -999.9 365
sta4 2010 3 11 70 -1 8.4 15.4 1.5 0 -999.9 -999.9 365
sta4 2010 3 12 71 2 6.7 6 0.9 0.5 -999.9 -999.9 365
sta4 2010 3 13 72 1.7 6.7 4.4 0.7 0 -999.9 -999.9 365
sta4 2010 3 14 73 2.9 10.6 7.5 1.2 0 -999.9 -999.9 365
sta4 2010 3 15 74 0.9 11.9 11.4 1.2 0 -999.9 -999.9 365
sta4 2010 3 16 75 -3.7 14.6 16.1 1.4 0 -999.9 -999.9 365
sta4 2010 3 17 76 1.2 17.6 14.1 2 0 -999.9 -999.9 365
sta4 2010 3 18 77 2.1 18.7 12.3 2.7 0 -999.9 -999.9 365
sta4 2010 3 19 78 11.4 17.5 7.7 2 11.5 -999.9 -999.9 365
sta4 2010 3 20 79 12.2 18.2 9.6 1.9 0 -999.9 -999.9 365
sta4 2010 3 21 80 7.6 13.4 8.7 1.5 0 -999.9 -999.9 365
sta4 2010 3 22 81 -1.3 15 13.8 1.6 0 -999.9 -999.9 365
sta4 2010 3 23 82 4.5 14.5 9.8 1.4 0 -999.9 -999.9 365
sta4 2010 3 24 83 5.5 19.1 11.2 2 1 -999.9 -999.9 365
sta4 2010 3 25 84 10.8 16.2 6.7 1.6 5.5 -999.9 -999.9 365
sta4 2010 3 26 85 5.6 13.3 10 1.7 0.5 -999.9 -999.9 365
sta4 2010 3 27 86 5.9 13.3 7.5 1.4 0.5 -999.9 -999.9 365
sta4 2010 3 28 87 8 12.5 6.2 1 0.5 -999.9 -999.9 365
sta4 2010 3 29 88 10 16.5 10.8 1.8 12 -999.9 -999.9 365
sta4 2010 3 30 89 4.2 12.5 10 1.5 7.5 -999.9 -999.9 365
sta4 2010 3 31 90 3.6 8.8 15.1 2.2 1.5 -999.9 -999.9 365
sta4 2010 4 1 91 1.9 11.6 19.2 2.3 0 -999.9 -999.9 365
sta4 2010 4 2 92 3.6 13 9.7 1.6 5.5 -999.9 -999.9 365
sta4 2010 4 3 93 4.4 12.7 13.5 1.8 7 -999.9 -999.9 365
sta4 2010 4 4 94 5.2 10.1 13.5 2 2.5 -999.9 -999.9 365
sta4 2010 4 5 95 0.3 12.9 14.4 1.7 0 -999.9 -999.9 365
sta4 2010 4 6 96 1.8 17.6 21 2.8 0 -999.9 -999.9 365
sta4 2010 4 7 97 2.8 15.6 10 1.7 0.5 -999.9 -999.9 365
sta4 2010 4 8 98 5.7 14.2 21.7 2.7 0 -999.9 -999.9 365
sta4 2010 4 9 99 -0.7 17 22 2.6 0 -999.9 -999.9 365
sta4 2010 4 10 100 6.4 16.4 21.5 2.9 0 -999.9 -999.9 365
sta4 2010 4 11 101 3.3 13.8 17.2 2.6 0 -999.9 -999.9 365
sta4 2010 4 12 102 3 13.7 15.7 2.3 1 -999.9 -999.9 365
sta4 2010 4 13 103 5.7 15.6 13 2.4 0 -999.9 -999.9 365
sta4 2010 4 14 104 3.5 13.7 16.4 2.1 0 -999.9 -999.9 365
sta4 2010 4 15 105 3.6 16.3 17.2 2.6 0 -999.9 -999.9 365
sta4 2010 4 16 106 3.9 14 22.9 2.9 0 -999.9 -999.9 365
sta4 2010 4 17 107 1.8 17.2 23.5 2.8 0 -999.9 -999.9 365
sta4 2010 4 18 108 0 20 23.9 3.1 0 -999.9 -999.9 365
sta4 2010 4 19 109 -0.9 20.1 22.8 2.9 0 -999.9 -999.9 365
sta4 2010 4 20 110 4.1 14.6 16.6 2.2 0 -999.9 -999.9 365
sta4 2010 4 21 111 -2.1 14.9 18 2.2 0 -999.9 -999.9 365
sta4 2010 4 22 112 2.8 15.3 23.9 3.4 0 -999.9 -999.9 365
sta4 2010 4 23 113 2.2 18.5 25.5 3.4 0 -999.9 -999.9 365
sta4 2010 4 24 114 -0.9 22.4 25.1 3.5 0 -999.9 -999.9 365
sta4 2010 4 25 115 3.4 20 18.7 3.2 0 -999.9 -999.9 365
sta4 2010 4 26 116 3.7 16.7 14.8 2.1 0 -999.9 -999.9 365
sta4 2010 4 27 117 1.5 20.6 23.6 2.9 0 -999.9 -999.9 365
sta4 2010 4 28 118 2.8 24.6 23.2 3.8 0 -999.9 -999.9 365
sta4 2010 4 29 119 6.5 27 19.3 3.8 0.5 -999.9 -999.9 365
sta4 2010 4 30 120 9.3 18.1 18.1 3 0 -999.9 -999.9 365
sta4 2010 5 1 121 5.3 16.1 13.4 2 6.5 -999.9 -999.9 365
sta4 2010 5 2 122 7.4 13.9 16 2.3 1.5 -999.9 -999.9 365
sta4 2010 5 3 123 5 10.8 13.7 2.5 1 -999.9 -999.9 365
sta4 2010 5 4 124 3.1 12.5 21.2 3.2 0 -999.9 -999.9 365
sta4 2010 5 5 125 3.5 11 16.8 2.5 0 -999.9 -999.9 365
sta4 2010 5 6 126 3.3 14.1 20.9 2.8 0 -999.9 -999.9 365
sta4 2010 5 7 127 4 12.3 12.2 2 0 -999.9 -999.9 365
sta4 2010 5 8 128 3.7 16.2 22.4 3 0 -999.9 -999.9 365
sta4 2010 5 9 129 7 15.5 16.2 2.5 0 -999.9 -999.9 365
sta4 2010 5 10 130 5.7 14 11.4 2.1 2.5 -999.9 -999.9 365
sta4 2010 5 11 131 5.7 9.3 6.8 1.3 3 -999.9 -999.9 365
sta4 2010 5 12 132 3.5 10.1 8.7 1.3 0 -999.9 -999.9 365
sta4 2010 5 13 133 -1.1 10.4 10.9 1.6 0 -999.9 -999.9 365
sta4 2010 5 14 134 -1.8 15.9 23.8 2.7 0 -999.9 -999.9 365
sta4 2010 5 15 135 -1.2 15.7 23 3.1 0 -999.9 -999.9 365
sta4 2010 5 16 136 4.1 15.9 22.1 3.1 0 -999.9 -999.9 365
sta4 2010 5 17 137 8.7 17.6 19.6 3.2 0 -999.9 -999.9 365
sta4 2010 5 18 138 0.5 18.8 24.9 3.3 0 -999.9 -999.9 365
sta4 2010 5 19 139 4.7 20 27.3 3.8 0 -999.9 -999.9 365
sta4 2010 5 20 140 4.8 21 22.2 3.2 0 -999.9 -999.9 365
sta4 2010 5 21 141 7 23.4 26.9 4.1 0 -999.9 -999.9 365
sta4 2010 5 22 142 8.9 23.9 28.8 4.9 0 -999.9 -999.9 365
sta4 2010 5 23 143 6.9 26.5 29.4 4.8 0 -999.9 -999.9 365
sta4 2010 5 24 144 6.7 29.3 29.4 5.1 0 -999.9 -999.9 365
sta4 2010 5 25 145 8.4 29.1 20.4 3.9 7 -999.9 -999.9 365
sta4 2010 5 26 146 13.7 20.1 16.5 2.9 0 -999.9 -999.9 365
sta4 2010 5 27 147 11.7 19.9 15.9 2.7 0 -999.9 -999.9 365
sta4 2010 5 28 148 7.4 18.7 27.5 4 0 -999.9 -999.9 365
sta4 2010 5 29 149 4.6 16.2 10.1 1.8 0 -999.9 -999.9 365
sta4 2010 5 30 150 13 18.4 8.2 2.2 0.5 -999.9 -999.9 365
sta4 2010 5 31 151 10.8 17.5 20.7 3.4 0 -999.9 -999.9 365
sta4 2010 6 1 152 6.2 16.6 9.5 1.5 5.5 -999.9 -999.9 365
sta4 2010 6 2 153 11.4 20.7 18.4 3.2 0 -999.9 -999.9 365
sta4 2010 6 3 154 7.2 24.2 29.5 4.6 0.5 -999.9 -999.9 365
sta4 2010 6 4 155 9.2 28.1 29.6 5.1 0 -999.9 -999.9 365
sta4 2010 6 5 156 9.8 29.2 25.9 4.9 14 -999.9 -999.9 365
sta4 2010 6 6 157 13.9 21.8 19.7 3.6 5.5 -999.9 -999.9 365
sta4 2010 6 7 158 10.4 22.5 24.3 3.9 0 -999.9 -999.9 365
sta4 2010 6 8 159 13.2 21.7 18.4 3.5 0.5 -999.9 -999.9 365
sta4 2010 6 9 160 14.1 20.9 16.7 2.9 0 -999.9 -999.9 365
sta4 2010 6 10 161 15.1 21.8 7.6 1.8 17 -999.9 -999.9 365
sta4 2010 6 11 162 11.1 24.1 24.1 4.1 0 -999.9 -999.9 365
sta4 2010 6 12 163 13.6 20.3 22.2 3.8 0 -999.9 -999.9 365
sta4 2010 6 13 164 6.4 20.1 23.2 3.4 2.5 -999.9 -999.9 365
sta4 2010 6 14 165 10.3 19.4 13.9 2.4 11 -999.9 -999.9 365
sta4 2010 6 15 166 11.8 19.8 22.2 4.1 0 -999.9 -999.9 365
sta4 2010 6 16 167 8.7 21.2 30.8 4.9 0 -999.9 -999.9 365
sta4 2010 6 17 168 11.6 22.7 20.2 3.8 0 -999.9 -999.9 365
sta4 2010 6 18 169 12.5 19.2 16.6 3 4.5 -999.9 -999.9 365
sta4 2010 6 19 170 10.5 15.8 19.4 3.1 0 -999.9 -999.9 365
sta4 2010 6 20 171 7.1 15.8 19.1 3 0 -999.9 -999.9 365
sta4 2010 6 21 172 8.3 19.7 16.9 2.7 0 -999.9 -999.9 365
sta4 2010 6 22 173 5.9 22.6 24 3.8 0 -999.9 -999.9 365
sta4 2010 6 23 174 7.5 25.8 28.1 4.6 0 -999.9 -999.9 365
sta4 2010 6 24 175 10.6 25.4 30.2 4.8 0 -999.9 -999.9 365
sta4 2010 6 25 176 7.1 26.3 28 4.4 0 -999.9 -999.9 365
sta4 2010 6 26 177 11 28.8 29.3 5.2 0 -999.9 -999.9 365
sta4 2010 6 27 178 11.2 30.7 22.4 4.5 0 -999.9 -999.9 365
sta4 2010 6 28 179 14.1 28.7 19.4 4.1 0 -999.9 -999.9 365
sta4 2010 6 29 180 10.9 27.4 29.7 5.6 0 -999.9 -999.9 365
sta4 2010 6 30 181 9 30.3 29 5.4 0 -999.9 -999.9 365
sta4 2010 7 1 182 11.8 32.2 27.3 5.6 0 -999.9 -999.9 365
sta4 2010 7 2 183 14.2 31.8 19 4.5 0 -999.9 -999.9 365
sta4 2010 7 3 184 15.1 22.3 11.7 2.8 0 -999.9 -999.9 365
sta4 2010 7 4 185 6 27 30 5 0 -999.9 -999.9 365
sta4 2010 7 5 186 10 23.1 19.6 3.7 0 -999.9 -999.9 365
sta4 2010 7 6 187 10.5 25.3 26 4.6 0 -999.9 -999.9 365
sta4 2010 7 7 188 7.7 30.6 29.5 5.5 0 -999.9 -999.9 365
sta4 2010 7 8 189 9.5 34 29.5 6 2.5 -999.9 -999.9 365
sta4 2010 7 9 190 16.8 32.7 20.1 4.8 0 -999.9 -999.9 365
sta4 2010 7 10 191 15.3 31 24.3 5 0 -999.9 -999.9 365
sta4 2010 7 11 192 17.2 30.3 27.9 5.8 0 -999.9 -999.9 365
sta4 2010 7 12 193 17.3 26.4 20.1 4.6 0 -999.9 -999.9 365
sta4 2010 7 13 194 16 27.3 21.5 5.4 0 -999.9 -999.9 365
sta4 2010 7 14 195 14.7 23.8 12.1 3.4 5 -999.9 -999.9 365
sta4 2010 7 15 196 14 25 22.4 5.6 0 -999.9 -999.9 365
sta4 2010 7 16 197 15.7 23 16 4.3 0 -999.9 -999.9 365
sta4 2010 7 17 198 13.1 21.6 24 4.5 0 -999.9 -999.9 365
sta4 2010 7 18 199 4.2 27 29.1 4.9 0 -999.9 -999.9 365
sta4 2010 7 19 200 8.7 31.3 27.5 5.6 0 -999.9 -999.9 365
sta4 2010 7 20 201 11.3 32.1 21.8 5.2 0 -999.9 -999.9 365
sta4 2010 7 21 202 13.9 24.9 17.4 3.7 0 -999.9 -999.9 365
sta4 2010 7 22 203 9.8 25.1 20.1 4.2 2 -999.9 -999.9 365
sta4 2010 7 23 204 11.4 22.1 23.1 3.9 1 -999.9 -999.9 365
sta4 2010 7 24 205 9.1 25 18.1 3.4 0 -999.9 -999.9 365
sta4 2010 7 25 206 15.3 23.4 14.5 3.2 0 -999.9 -999.9 365
sta4 2010 7 26 207 14.4 22.9 15.5 3.2 0 -999.9 -999.9 365
sta4 2010 7 27 208 17.6 25.7 17.7 4 0 -999.9 -999.9 365
sta4 2010 7 28 209 17.6 24.9 25 5.3 0 -999.9 -999.9 365
sta4 2010 7 29 210 14.6 22.8 19.1 4.2 0 -999.9 -999.9 365
sta4 2010 7 30 211 10.7 25.7 21.9 4.1 0 -999.9 -999.9 365
sta4 2010 7 31 212 14 28.7 20.9 4.7 0 -999.9 -999.9 365
sta4 2010 8 1 213 13.4 22.2 12.5 2.8 0.5 -999.9 -999.9 365
sta4 2010 8 2 214 14.2 22.1 16.7 3 2.5 -999.9 -999.9 365
sta4 2010 8 3 215 11.2 23.6 21.2 3.9 0.5 -999.9 -999.9 365
sta4 2010 8 4 216 15.4 21.8 14.2 3.2 2 -999.9 -999.9 365
sta4 2010 8 5 217 11.4 21.5 20.7 4 0 -999.9 -999.9 365
sta4 2010 8 6 218 8 23.4 18.7 3.3 0 -999.9 -999.9 365
sta4 2010 8 7 219 12.8 22.5 13.6 2.8 0 -999.9 -999.9 365
sta4 2010 8 8 220 13 24.8 18.9 3.5 0 -999.9 -999.9 365
sta4 2010 8 9 221 8.7 26 17.8 3.4 0 -999.9 -999.9 365
sta4 2010 8 10 222 7.8 22 10.2 2 11.5 -999.9 -999.9 365
sta4 2010 8 11 223 17 24.1 18.6 3.7 0 -999.9 -999.9 365
sta4 2010 8 12 224 11.7 22.4 16.4 3.2 0 -999.9 -999.9 365
sta4 2010 8 13 225 11.3 20.8 15.1 2.8 5 -999.9 -999.9 365
sta4 2010 8 14 226 11.9 19.7 12.5 2.1 1 -999.9 -999.9 365
sta4 2010 8 15 227 11.2 18.2 5.2 1.1 3.5 -999.9 -999.9 365
sta4 2010 8 16 228 14.5 20.3 16.4 3.7 0 -999.9 -999.9 365
sta4 2010 8 17 229 15 18.6 7.5 2 0.5 -999.9 -999.9 365
sta4 2010 8 18 230 15.1 19.9 14.4 3 0 -999.9 -999.9 365
sta4 2010 8 19 231 6.7 25.8 23 4 0 -999.9 -999.9 365
sta4 2010 8 20 232 10.1 29.4 23.8 4.7 0 -999.9 -999.9 365
sta4 2010 8 21 233 13.5 28.8 22.3 4.3 0 -999.9 -999.9 365
sta4 2010 8 22 234 15.5 26.9 12.9 2.7 0.5 -999.9 -999.9 365
sta4 2010 8 23 235 18.4 24.6 13.8 3.8 1 -999.9 -999.9 365
sta4 2010 8 24 236 10.9 21.5 17.4 3.4 0 -999.9 -999.9 365
sta4 2010 8 25 237 8.8 21.9 11 2.7 0 -999.9 -999.9 365
sta4 2010 8 26 238 18.9 24.7 5.4 2.2 6.5 -999.9 -999.9 365
sta4 2010 8 27 239 16.2 22.5 13.3 2.7 4.4 -999.9 -999.9 365
sta4 2010 8 28 240 10.4 20 19.5 3.1 0 -999.9 -999.9 365
sta4 2010 8 29 241 11 19 10 2.4 2 -999.9 -999.9 365
sta4 2010 8 30 242 8.6 18.4 19.4 2.7 0 -999.9 -999.9 365
sta4 2010 8 31 243 3.9 21.7 21.3 3 0 -999.9 -999.9 365
sta4 2010 9 1 244 8.3 22.9 21.4 3.7 0 -999.9 -999.9 365
sta4 2010 9 2 245 10.5 24.3 21 3.8 0 -999.9 -999.9 365
sta4 2010 9 3 246 8.6 25.1 20.9 3.3 0 -999.9 -999.9 365
sta4 2010 9 4 247 7.1 23.9 18.7 3 0 -999.9 -999.9 365
sta4 2010 9 5 248 8.7 26.3 18.1 3.5 0 -999.9 -999.9 365
sta4 2010 9 6 249 13.3 21 7.4 2.4 4 -999.9 -999.9 365
sta4 2010 9 7 250 11.5 23.4 16 2.6 5.5 -999.9 -999.9 365
sta4 2010 9 8 251 14.4 19.2 6.5 1.4 11.5 -999.9 -999.9 365
sta4 2010 9 9 252 10.3 21.3 16 2.4 0 -999.9 -999.9 365
sta4 2010 9 10 253 9.6 23.7 16.2 2.5 0 -999.9 -999.9 365
sta4 2010 9 11 254 10.6 25.7 17 2.9 1 -999.9 -999.9 365
sta4 2010 9 12 255 14.7 21.1 16.2 2.7 0 -999.9 -999.9 365
sta4 2010 9 13 256 8.5 20.9 17.1 2.5 0 -999.9 -999.9 365
sta4 2010 9 14 257 14.2 22.9 15.7 3.1 4 -999.9 -999.9 365
sta4 2010 9 15 258 13 19 14.7 2.8 0 -999.9 -999.9 365
sta4 2010 9 16 259 11 20.4 13.6 2.4 0 -999.9 -999.9 365
sta4 2010 9 17 260 8.9 18.4 15.1 2.2 0 -999.9 -999.9 365
sta4 2010 9 18 261 3 18.3 15.1 1.9 0 -999.9 -999.9 365
sta4 2010 9 19 262 0.8 20.2 17.4 2 0 -999.9 -999.9 365
sta4 2010 9 20 263 3.2 22.5 17.8 2.3 0 -999.9 -999.9 365
sta4 2010 9 21 264 5.5 24.7 17.4 2.5 0 -999.9 -999.9 365
sta4 2010 9 22 265 3.9 28.6 16.6 2.7 0.5 -999.9 -999.9 365
sta4 2010 9 23 266 12 23.1 9.6 2 7 -999.9 -999.9 365
sta4 2010 9 24 267 11.8 17.4 9.3 1.4 12 -999.9 -999.9 365
sta4 2010 9 25 268 9 14.1 11.4 1.7 0 -999.9 -999.9 365
sta4 2010 9 26 269 6.3 13.9 9 1 15 -999.9 -999.9 365
sta4 2010 9 27 270 7.2 18.5 11.8 1.2 0 -999.9 -999.9 365
sta4 2010 9 28 271 11.3 16.7 4.8 0.9 0 -999.9 -999.9 365
sta4 2010 9 29 272 6.8 19.8 10.7 1.3 3.5 -999.9 -999.9 365
sta4 2010 9 30 273 11.5 17.6 10.1 1.4 0 -999.9 -999.9 365
sta4 2010 10 1 274 8.9 15.6 3.4 0.6 14.6 -999.9 -999.9 365
sta4 2010 10 2 275 13.8 19.6 4.9 1 3 -999.9 -999.9 365
sta4 2010 10 3 276 13.1 20.4 5.5 1.5 5.4 -999.9 -999.9 365
sta4 2010 10 4 277 14.2 20.1 4.4 0.9 10.2 -999.9 -999.9 365
sta4 2010 10 5 278 9.7 18 4 0.6 2.4 -999.9 -999.9 365
sta4 2010 10 6 279 14.7 17.4 4.9 1.1 0 -999.9 -999.9 365
sta4 2010 10 7 280 9.9 20.6 9.2 1.1 0 -999.9 -999.9 365
sta4 2010 10 8 281 10.6 21.7 10.5 1.2 0 -999.9 -999.9 365
sta4 2010 10 9 282 12.6 22 11.1 1.3 0 -999.9 -999.9 365
sta4 2010 10 10 283 12.1 19 12.8 1.8 0 -999.9 -999.9 365
sta4 2010 10 11 284 8.1 19.7 13.9 2.7 0 -999.9 -999.9 365
sta4 2010 10 12 285 6.1 17.7 13.3 1.7 0 -999.9 -999.9 365
sta4 2010 10 13 286 6.2 14.6 12.7 1.3 0 -999.9 -999.9 365
sta4 2010 10 14 287 9 15.9 11.6 1.3 0 -999.9 -999.9 365
sta4 2010 10 15 288 10.4 13.3 4 0.8 2.2 -999.9 -999.9 365
sta4 2010 10 16 289 9.1 13.4 7.4 0.9 1.4 -999.9 -999.9 365
sta4 2010 10 17 290 2 11.8 12.5 0.9 0 -999.9 -999.9 365
sta4 2010 10 18 291 0.4 13.9 8.5 0.6 0 -999.9 -999.9 365
sta4 2010 10 19 292 8.7 13.7 5.8 0.9 6 -999.9 -999.9 365
sta4 2010 10 20 293 4.7 11.1 10.4 0.9 0 -999.9 -999.9 365
sta4 2010 10 21 294 -3.6 12.2 11.2 0.6 0 -999.9 -999.9 365
sta4 2010 10 22 295 -0.8 14.4 9.2 0.6 0 -999.9 -999.9 365
sta4 2010 10 23 296 1.6 11.3 3 0.7 9.5 -999.9 -999.9 365
sta4 2010 10 24 297 5.7 12.9 7.6 0.6 2 -999.9 -999.9 365
sta4 2010 10 25 298 1.6 11.5 9.6 0.5 0 -999.9 -999.9 365
sta4 2010 10 26 299 -3.3 11 6.7 0.5 0 -999.9 -999.9 365
sta4 2010 10 27 300 8 13.2 5.5 1.1 0 -999.9 -999.9 365
sta4 2010 10 28 301 4.9 14.5 8.6 0.5 0 -999.9 -999.9 365
sta4 2010 10 29 302 7.1 13.9 2.9 1.1 3 -999.9 -999.9 365
sta4 2010 10 30 303 7.9 15.3 7.6 0.6 0.5 -999.9 -999.9 365
sta4 2010 10 31 304 8.8 16.4 7.2 0.6 0 -999.9 -999.9 365
sta4 2010 11 1 305 7.8 12.7 3.5 0.4 0 -999.9 -999.9 365
sta4 2010 11 2 306 3.8 14.6 3.1 0.3 0 -999.9 -999.9 365
sta4 2010 11 3 307 9.9 16 2.9 0.4 0 -999.9 -999.9 365
sta4 2010 11 4 308 12.9 17.6 6.1 1 0 -999.9 -999.9 365
sta4 2010 11 5 309 12 16.7 4.2 1.2 0 -999.9 -999.9 365
sta4 2010 11 6 310 10.7 13.1 2.2 0.5 6 -999.9 -999.9 365
sta4 2010 11 7 311 4.9 7.1 2.2 0.3 3 -999.9 -999.9 365
sta4 2010 11 8 312 2.6 10 2.2 0.4 11.5 -999.9 -999.9 365
sta4 2010 11 9 313 5.2 10.6 3.1 0.2 14.8 -999.9 -999.9 365
sta4 2010 11 10 314 6 9.4 5.1 0.5 1.4 -999.9 -999.9 365
sta4 2010 11 11 315 1.9 15.1 1.3 0.5 6.4 -999.9 -999.9 365
sta4 2010 11 12 316 10 15.7 2.2 1.1 4.2 -999.9 -999.9 365
sta4 2010 11 13 317 12.8 15.1 1.8 0.6 22 -999.9 -999.9 365
sta4 2010 11 14 318 8.9 13.6 2.8 0.6 0.8 -999.9 -999.9 365
sta4 2010 11 15 319 0.6 11.3 4 0.1 0.2 -999.9 -999.9 365
sta4 2010 11 16 320 -0.1 12.6 6.9 0.2 0.2 -999.9 -999.9 365
sta4 2010 11 17 321 2.2 5.7 1.8 0.2 2.5 -999.9 -999.9 365
sta4 2010 11 18 322 4.8 8.6 2.2 0.2 0 -999.9 -999.9 365
sta4 2010 11 19 323 1.2 9 3 0.1 0 -999.9 -999.9 365
sta4 2010 11 20 324 5.7 11.4 5.6 0.4 1.5 -999.9 -999.9 365
sta4 2010 11 21 325 4 7.4 2.4 0.2 1.5 -999.9 -999.9 365
sta4 2010 11 22 326 4.1 5 0.8 0.2 0 -999.9 -999.9 365
sta4 2010 11 23 327 -0.7 9.1 3.6 0.1 0.5 -999.9 -999.9 365
sta4 2010 11 24 328 2.5 7.7 4 0.1 4 -999.9 -999.9 365
sta4 2010 11 25 329 0.7 5.2 3.8 0.1 2 -999.9 -999.9 365
sta4 2010 11 26 330 -0.7 4 5.9 0.2 0.8 -999.9 -999.9 365
sta4 2010 11 27 331 -2 1.1 2.9 0.1 0 -999.9 -999.9 365
sta4 2010 11 28 332 -4.8 0.1 2.5 0 0 -999.9 -999.9 365
sta4 2010 11 29 333 -3.8 2.6 7 0.2 0 -999.9 -999.9 365
sta4 2010 11 30 334 -5.1 -1.1 1.6 0.2 0 -999.9 -999.9 365
sta4 2010 12 1 335 -3.7 -2 1.3 0.3 0 -999.9 -999.9 365
sta4 2010 12 2 336 -4.2 -0.9 2 0 0 -999.9 -999.9 365
sta4 2010 12 3 337 -10.8 1.8 2.4 0 0 -999.9 -999.9 365
sta4 2010 12 4 338 -12.7 4.4 2.4 0 0.6 -999.9 -999.9 365
sta4 2010 12 5 339 2.7 3.9 1.3 0.1 3 -999.9 -999.9 365
sta4 2010 12 6 340 0.3 2.1 1.8 0.1 0 -999.9 -999.9 365
sta4 2010 12 7 341 -1.2 1.3 1.6 0.1 0 -999.9 -999.9 365
sta4 2010 12 8 342 -0.3 2.8 1.1 0.1 0.5 -999.9 -999.9 365
sta4 2010 12 9 343 -1.4 5.7 6 0.2 0.5 -999.9 -999.9 365
sta4 2010 12 10 344 -0.7 6.6 1.6 0.2 0 -999.9 -999.9 365
sta4 2010 12 11 345 5.1 7.3 1.1 0.2 0 -999.9 -999.9 365
sta4 2010 12 12 346 3.4 7.8 4.4 0.2 0 -999.9 -999.9 365
sta4 2010 12 13 347 -3.6 1.8 5.3 0.2 0 -999.9 -999.9 365
sta4 2010 12 14 348 -4.9 2.2 5.3 0.2 0.5 -999.9 -999.9 365
sta4 2010 12 15 349 -4.7 4.6 5.5 0.1 0.5 -999.9 -999.9 365
sta4 2010 12 16 350 2 6.3 0.8 0.1 7 -999.9 -999.9 365
sta4 2010 12 17 351 -4 0.6 6.3 0 4.2 -999.9 -999.9 365
sta4 2010 12 18 352 -9.2 0.7 1.4 0 3.2 -999.9 -999.9 365
sta4 2010 12 19 353 -6.3 6.3 2.3 0.1 9 -999.9 -999.9 365
sta4 2010 12 20 354 -1.3 2.8 3.1 0 3 -999.9 -999.9 365
sta4 2010 12 21 355 -3.8 0 3.4 0 0 -999.9 -999.9 365
sta4 2010 12 22 356 -5.4 2 2.4 0 0.5 -999.9 -999.9 365
sta4 2010 12 23 357 0.3 2.2 2.3 0.2 0.5 -999.9 -999.9 365
sta4 2010 12 24 358 0.3 2.8 2.9 0.5 0 -999.9 -999.9 365
sta4 2010 12 25 359 -7.2 2.3 7.2 0.2 0 -999.9 -999.9 365
sta4 2010 12 26 360 -12.7 2.9 6 0 0 -999.9 -999.9 365
sta4 2010 12 27 361 -8.3 0.9 3 0.2 0.5 -999.9 -999.9 365
sta4 2010 12 28 362 -3.6 3.8 2.4 0 0 -999.9 -999.9 365
sta4 2010 12 29 363 1.3 3.9 2.7 0 0 -999.9 -999.9 365
sta4 2010 12 30 364 0.5 1.6 1.6 0 0 -999.9 -999.9 365
sta4 2010 12 31 365 -0.6 0.5 1.1 0 0 -999.9 -999.9 365
sta4 2011 1 1 1 -1.9 2.8 0.8 0 0 -999.9 -999.9 365
sta4 2011 1 2 2 -1.5 4.5 2.8 0.1 0 -999.9 -999.9 365
sta4 2011 1 3 3 -4.8 2.3 2.5 0 0 -999.9 -999.9 365
sta4 2011 1 4 4 -0.6 2.2 1.8 0.3 0 -999.9 -999.9 365
sta4 2011 1 5 5 -1.5 9.3 2.1 0.6 8.5 -999.9 -999.9 365
sta4 2011 1 6 6 2.4 13.7 1.6 0 3.5 -999.9 -999.9 365
sta4 2011 1 7 7 10 13.6 3.5 0.4 3 -999.9 -999.9 365
sta4 2011 1 8 8 9.1 11.9 1.8 0.9 4 -999.9 -999.9 365
sta4 2011 1 9 9 3.2 8.1 4 0.2 0 -999.9 -999.9 365
sta4 2011 1 10 10 -1.2 6.8 4.9 0.2 3.5 -999.9 -999.9 365
sta4 2011 1 11 11 1.2 9.7 1.8 0 3 -999.9 -999.9 365
sta4 2011 1 12 12 5.2 12.9 1.2 0.2 0 -999.9 -999.9 365
sta4 2011 1 13 13 12.3 13.9 1.1 0.7 0 -999.9 -999.9 365
sta4 2011 1 14 14 8.9 13.2 3.4 0.8 4 -999.9 -999.9 365
sta4 2011 1 15 15 6.6 12 5.4 0.3 0 -999.9 -999.9 365
sta4 2011 1 16 16 7.2 13.2 6.1 0.4 0 -999.9 -999.9 365
sta4 2011 1 17 17 6.2 11.1 2.4 0.2 2 -999.9 -999.9 365
sta4 2011 1 18 18 4.4 8.4 1.1 0.3 0 -999.9 -999.9 365
sta4 2011 1 19 19 -3 7.2 5.6 0.1 0 -999.9 -999.9 365
sta4 2011 1 20 20 0.2 6.2 4.6 0.2 0 -999.9 -999.9 365
sta4 2011 1 21 21 -0.4 4.7 4.8 0.2 0 -999.9 -999.9 365
sta4 2011 1 22 22 -0.6 5.7 2.6 0 0 -999.9 -999.9 365
sta4 2011 1 23 23 2.4 6.5 2.3 0.3 2 -999.9 -999.9 365
sta4 2011 1 24 24 3.4 7.5 2.6 0.3 0 -999.9 -999.9 365
sta4 2011 1 25 25 2.1 6.6 1.8 0 4.5 -999.9 -999.9 365
sta4 2011 1 26 26 4.8 5.7 1.4 0.2 3 -999.9 -999.9 365
sta4 2011 1 27 27 1.3 3.2 2.4 0.5 0 -999.9 -999.9 365
sta4 2011 1 28 28 -2.4 0.6 2.3 0.3 0 -999.9 -999.9 365
sta4 2011 1 29 29 -2.3 0.5 3.6 0.3 0 -999.9 -999.9 365
sta4 2011 1 30 30 -3.2 0.8 5.2 0.2 0 -999.9 -999.9 365
sta4 2011 1 31 31 -4.4 -1.9 2 0.1 0 -999.9 -999.9 365
sta4 2011 2 1 32 -5.1 4.1 3.3 0.1 0 -999.9 -999.9 365
sta4 2011 2 2 33 -0.1 6.8 5.4 0.1 0 -999.9 -999.9 365
sta4 2011 2 3 34 3.5 11.5 5.6 0.4 0 -999.9 -999.9 365
sta4 2011 2 4 35 4.4 11.1 2.4 0.4 0 -999.9 -999.9 365
sta4 2011 2 5 36 9.6 11.9 1.8 1.2 0 -999.9 -999.9 365
sta4 2011 2 6 37 8.7 12 5.1 1.1 0 -999.9 -999.9 365
sta4 2011 2 7 38 2 13.8 8.6 0.4 1.5 -999.9 -999.9 365
sta4 2011 2 8 39 1.9 11.5 6.4 0.1 0 -999.9 -999.9 365
sta4 2011 2 9 40 6.5 11.1 6.1 0.7 0 -999.9 -999.9 365
sta4 2011 2 10 41 1.9 13.3 3.4 0.2 0.5 -999.9 -999.9 365
sta4 2011 2 11 42 10.6 16.9 8.7 1.4 0 -999.9 -999.9 365
sta4 2011 2 12 43 6.2 11.4 5 0.7 1.5 -999.9 -999.9 365
sta4 2011 2 13 44 2 8.9 4.3 0.4 0.5 -999.9 -999.9 365
sta4 2011 2 14 45 3.3 10.2 6.5 0.7 3 -999.9 -999.9 365
sta4 2011 2 15 46 2.4 8.3 2.8 0.6 1 -999.9 -999.9 365
sta4 2011 2 16 47 2.1 9 5.9 0.5 0 -999.9 -999.9 365
sta4 2011 2 17 48 3 11.3 9.6 0.7 0 -999.9 -999.9 365
sta4 2011 2 18 49 -2.8 4.9 5.1 0.1 4.5 -999.9 -999.9 365
sta4 2011 2 19 50 3 8.5 2 0.2 6 -999.9 -999.9 365
sta4 2011 2 20 51 5.3 8.4 4 0.6 0 -999.9 -999.9 365
sta4 2011 2 21 52 -0.9 9.4 4.3 0.2 2.5 -999.9 -999.9 365
sta4 2011 2 22 53 3.4 8.2 5.5 0.5 0 -999.9 -999.9 365
sta4 2011 2 23 54 4.3 9.6 2.7 0.6 6.5 -999.9 -999.9 365
sta4 2011 2 24 55 6.6 13.2 5.3 0.6 0 -999.9 -999.9 365
sta4 2011 2 25 56 4.7 11.6 4.3 0.2 0.5 -999.9 -999.9 365
sta4 2011 2 26 57 8.5 12.2 5.1 1.1 1 -999.9 -999.9 365
sta4 2011 2 27 58 5.2 8.9 8.8 1.1 0 -999.9 -999.9 365
sta4 2011 2 28 59 0.1 4.8 3 0.3 0.5 -999.9 -999.9 365
sta4 2011 3 1 60 3.3 7.5 6.5 1.2 0 -999.9 -999.9 365
sta4 2011 3 2 61 2 9.8 12.8 1.5 0 -999.9 -999.9 365
sta4 2011 3 3 62 -0.6 8.1 13.2 1.4 0 -999.9 -999.9 365
sta4 2011 3 4 63 -0.7 9.7 13.1 1.1 0 -999.9 -999.9 365
sta4 2011 3 5 64 -0.6 9.8 13.4 1.1 0 -999.9 -999.9 365
sta4 2011 3 6 65 0.8 8.7 14.6 1.5 0 -999.9 -999.9 365
sta4 2011 3 7 66 -1.1 9.5 15 1.6 0 -999.9 -999.9 365
sta4 2011 3 8 67 -5.2 16.5 14.1 1.3 0 -999.9 -999.9 365
sta4 2011 3 9 68 1.4 11.5 8.2 1.1 0 -999.9 -999.9 365
sta4 2011 3 10 69 3.8 11 6.2 1 0 -999.9 -999.9 365
sta4 2011 3 11 70 7.8 11.5 6.6 1.1 0 -999.9 -999.9 365
sta4 2011 3 12 71 1.9 12.9 7.5 1.1 1 -999.9 -999.9 365
sta4 2011 3 13 72 6.7 13.3 6.4 1.1 0 -999.9 -999.9 365
sta4 2011 3 14 73 3.6 14.9 8.7 1 0 -999.9 -999.9 365
sta4 2011 3 15 74 6.7 18.6 10.6 2.1 0 -999.9 -999.9 365
sta4 2011 3 16 75 7.6 14.3 11.2 1.6 0 -999.9 -999.9 365
sta4 2011 3 17 76 5.6 7.1 2.8 0.4 0 -999.9 -999.9 365
sta4 2011 3 18 77 3.8 12.4 5.5 0.8 7 -999.9 -999.9 365
sta4 2011 3 19 78 3.7 8.8 5.9 1 0 -999.9 -999.9 365
sta4 2011 3 20 79 -1.6 13.5 16 1.5 0 -999.9 -999.9 365
sta4 2011 3 21 80 -0.8 14.9 17.9 1.9 0 -999.9 -999.9 365
sta4 2011 3 22 81 2.7 16.9 18 2.5 0 -999.9 -999.9 365
sta4 2011 3 23 82 3.6 17.7 17.4 2.4 0 -999.9 -999.9 365
sta4 2011 3 24 83 4.4 19.5 17.7 2.6 0 -999.9 -999.9 365
sta4 2011 3 25 84 2.5 21.6 16.1 2.1 0 -999.9 -999.9 365
sta4 2011 3 26 85 3.5 19 12.7 1.8 0 -999.9 -999.9 365
sta4 2011 3 27 86 9.1 16.5 8.6 1.6 0 -999.9 -999.9 365
sta4 2011 3 28 87 1.7 17.8 17.6 2.1 0 -999.9 -999.9 365
sta4 2011 3 29 88 3 17.2 10.7 1.6 2.5 -999.9 -999.9 365
sta4 2011 3 30 89 7.7 14.4 6.1 1.1 9.5 -999.9 -999.9 365
sta4 2011 3 31 90 9.5 15.3 5.7 0.7 0.5 -999.9 -999.9 365
sta4 2011 4 1 91 12.3 18 11.2 2.1 0 -999.9 -999.9 365
sta4 2011 4 2 92 8.2 21.4 15.3 2.7 0 -999.9 -999.9 365
sta4 2011 4 3 93 8.5 15 7 1.4 0 -999.9 -999.9 365
sta4 2011 4 4 94 6.8 14.8 14.5 2.2 0 -999.9 -999.9 365
sta4 2011 4 5 95 3.9 18 14.6 2.2 0 -999.9 -999.9 365
sta4 2011 4 6 96 4.8 23.9 20.3 3.4 0 -999.9 -999.9 365
sta4 2011 4 7 97 6.3 22.2 20.5 3.1 0 -999.9 -999.9 365
sta4 2011 4 8 98 4 21.5 19.2 2.5 0 -999.9 -999.9 365
sta4 2011 4 9 99 4 21.2 21 3.1 0 -999.9 -999.9 365
sta4 2011 4 10 100 4.2 25.3 20.9 2.5 0 -999.9 -999.9 365
sta4 2011 4 11 101 7.5 18.5 17.9 2.6 0 -999.9 -999.9 365
sta4 2011 4 12 102 6.7 13 19.7 2.8 0 -999.9 -999.9 365
sta4 2011 4 13 103 -1 12.9 13.4 1.6 0 -999.9 -999.9 365
sta4 2011 4 14 104 0.9 16 16.7 2 0 -999.9 -999.9 365
sta4 2011 4 15 105 8.6 15.5 10.8 2 0 -999.9 -999.9 365
sta4 2011 4 16 106 6.4 17 14.6 2.3 0 -999.9 -999.9 365
sta4 2011 4 17 107 2.5 18 21.2 2.9 0 -999.9 -999.9 365
sta4 2011 4 18 108 4.9 21.5 22.1 3.5 0 -999.9 -999.9 365
sta4 2011 4 19 109 9.8 24.7 20.1 4.4 0 -999.9 -999.9 365
sta4 2011 4 20 110 4.4 24.5 22.1 3.4 0 -999.9 -999.9 365
sta4 2011 4 21 111 4.4 23.1 23.3 3.6 0 -999.9 -999.9 365
sta4 2011 4 22 112 5.7 24.3 23.2 4 0 -999.9 -999.9 365
sta4 2011 4 23 113 5.2 26.4 21.4 3.8 2 -999.9 -999.9 365
sta4 2011 4 24 114 8.9 24.3 22.1 2.8 0 -999.9 -999.9 365
sta4 2011 4 25 115 7.4 24 23 3.8 0 -999.9 -999.9 365
sta4 2011 4 26 116 8 20.9 23.1 3.6 0 -999.9 -999.9 365
sta4 2011 4 27 117 8.5 18.3 22.7 3.5 0 -999.9 -999.9 365
sta4 2011 4 28 118 5.3 10.4 2.9 0.2 0 -999.9 -999.9 365
sta4 2011 4 29 119 9.9 15.9 9.9 1.7 0.5 -999.9 -999.9 365
sta4 2011 4 30 120 3.7 20.8 17 1.8 3.5 -999.9 -999.9 365
sta4 2011 5 1 121 10 20.8 16.1 2.3 4.5 -999.9 -999.9 365
sta4 2011 5 2 122 11.3 19.7 9.6 2.7 0 -999.9 -999.9 365
sta4 2011 5 3 123 3.6 16.4 23.3 3.5 0 -999.9 -999.9 365
sta4 2011 5 4 124 0.7 19.5 25.7 3.4 0 -999.9 -999.9 365
sta4 2011 5 5 125 2.6 20.9 24.8 4 0 -999.9 -999.9 365
sta4 2011 5 6 126 5.6 24.8 20.7 4.1 1.5 -999.9 -999.9 365
sta4 2011 5 7 127 12.6 24.6 22 4.7 0 -999.9 -999.9 365
sta4 2011 5 8 128 12.5 22.5 18.7 4.2 3.5 -999.9 -999.9 365
sta4 2011 5 9 129 5.3 21.8 19.9 2.9 3 -999.9 -999.9 365
sta4 2011 5 10 130 11.8 21.9 21.8 2.4 0 -999.9 -999.9 365
sta4 2011 5 11 131 5.9 19.2 25.1 3.6 0 -999.9 -999.9 365
sta4 2011 5 12 132 7.3 17.1 23.3 3.7 0 -999.9 -999.9 365
sta4 2011 5 13 133 1 20.5 26.2 3.4 0 -999.9 -999.9 365
sta4 2011 5 14 134 8.2 16.8 23.4 3.8 0 -999.9 -999.9 365
sta4 2011 5 15 135 6.5 16.3 21.5 3.5 0 -999.9 -999.9 365
sta4 2011 5 16 136 8.5 19.5 16.4 3 0 -999.9 -999.9 365
sta4 2011 5 17 137 10.1 19.8 24 4 0 -999.9 -999.9 365
sta4 2011 5 18 138 6.4 24 25.3 4.2 0 -999.9 -999.9 365
sta4 2011 5 19 139 7.7 20.9 16 2.9 0 -999.9 -999.9 365
sta4 2011 5 20 140 9.1 19.6 20.9 3.6 0 -999.9 -999.9 365
sta4 2011 5 21 141 0.6 23.5 23.3 3.4 0 -999.9 -999.9 365
sta4 2011 5 22 142 7.4 19.5 21.8 3.9 0 -999.9 -999.9 365
sta4 2011 5 23 143 1.8 25.8 28 4.8 0 -999.9 -999.9 365
sta4 2011 5 24 144 10.5 17.4 25.1 4.4 0 -999.9 -999.9 365
sta4 2011 5 25 145 -0.2 24.4 28.8 4.5 0 -999.9 -999.9 365
sta4 2011 5 26 146 8.8 16.8 14.6 3.5 0 -999.9 -999.9 365
sta4 2011 5 27 147 9 15.5 17.5 3.2 0.5 -999.9 -999.9 365
sta4 2011 5 28 148 0.7 20.1 25.6 3.7 0 -999.9 -999.9 365
sta4 2011 5 29 149 8.1 25.6 27.9 4.7 0 -999.9 -999.9 365
sta4 2011 5 30 150 6.1 21.9 12.5 2.4 1 -999.9 -999.9 365
sta4 2011 5 31 151 9 16.2 23.5 4.1 0.5 -999.9 -999.9 365
sta4 2011 6 1 152 5.4 20.8 26.6 4.3 0 -999.9 -999.9 365
sta4 2011 6 2 153 4.1 24.7 29.3 5.5 0 -999.9 -999.9 365
sta4 2011 6 3 154 12.2 27.3 27.9 6.2 0 -999.9 -999.9 365
sta4 2011 6 4 155 14.2 27.7 21.2 4.7 5 -999.9 -999.9 365
sta4 2011 6 5 156 15.3 20.5 8.4 2 14 -999.9 -999.9 365
sta4 2011 6 6 157 13 15.4 5.6 1.3 0.5 -999.9 -999.9 365
sta4 2011 6 7 158 11.7 19.6 11.2 2.6 0 -999.9 -999.9 365
sta4 2011 6 8 159 7.8 19.5 21.5 3.8 0 -999.9 -999.9 365
sta4 2011 6 9 160 8.8 18 16.3 3.1 0 -999.9 -999.9 365
sta4 2011 6 10 161 9.1 16.8 17.1 2.8 11.5 -999.9 -999.9 365
sta4 2011 6 11 162 7.9 16.6 17.7 3 0 -999.9 -999.9 365
sta4 2011 6 12 163 3.2 17.9 14.1 2.3 1.5 -999.9 -999.9 365
sta4 2011 6 13 164 12.1 22.5 13.6 2.5 13 -999.9 -999.9 365
sta4 2011 6 14 165 15.6 23.1 13.6 2.8 0.5 -999.9 -999.9 365
sta4 2011 6 15 166 11.7 22.8 16.2 3.3 1 -999.9 -999.9 365
sta4 2011 6 16 167 15.2 19.5 18.7 4.3 0.5 -999.9 -999.9 365
sta4 2011 6 17 168 8.2 18.3 8.1 1.9 2 -999.9 -999.9 365
sta4 2011 6 18 169 10.6 18.6 18.4 3.8 1 -999.9 -999.9 365
sta4 2011 6 19 170 10.9 18 14.5 3.2 6 -999.9 -999.9 365
sta4 2011 6 20 171 12.3 22.4 11.3 2.5 0.5 -999.9 -999.9 365
sta4 2011 6 21 172 15.1 24.2 17.3 4.1 0 -999.9 -999.9 365
sta4 2011 6 22 173 11.9 20.7 17.3 3.8 5.5 -999.9 -999.9 365
sta4 2011 6 23 174 9.9 18.9 20.8 4.1 0 -999.9 -999.9 365
sta4 2011 6 24 175 7.5 19.5 22.4 3.7 0 -999.9 -999.9 365
sta4 2011 6 25 176 13.4 24.8 15.8 3.7 0 -999.9 -999.9 365
sta4 2011 6 26 177 10.8 31.1 28 5.5 0 -999.9 -999.9 365
sta4 2011 6 27 178 15.7 36.8 24.4 6.4 3.5 -999.9 -999.9 365
sta4 2011 6 28 179 18.3 27 21.2 5.6 0 -999.9 -999.9 365
sta4 2011 6 29 180 13.4 20.1 21.8 4.7 0 -999.9 -999.9 365
sta4 2011 6 30 181 8 20.2 23.5 4.2 0 -999.9 -999.9 365
sta4 2011 7 1 182 7.6 22.8 23.3 4.1 0 -999.9 -999.9 365
sta4 2011 7 2 183 8.2 23.3 27.2 4.9 0 -999.9 -999.9 365
sta4 2011 7 3 184 5 24.8 27.8 5.2 0 -999.9 -999.9 365
sta4 2011 7 4 185 10.1 27.4 27.5 5.2 0 -999.9 -999.9 365
sta4 2011 7 5 186 7.5 29.9 22.8 5.2 4 -999.9 -999.9 365
sta4 2011 7 6 187 14 22 18.5 4.6 0 -999.9 -999.9 365
sta4 2011 7 7 188 12.4 21.8 16.5 4.1 8 -999.9 -999.9 365
sta4 2011 7 8 189 12.6 21.8 15.6 4 3.5 -999.9 -999.9 365
sta4 2011 7 9 190 13.2 20.9 11.4 3.1 0 -999.9 -999.9 365
sta4 2011 7 10 191 13.3 21.9 13.2 3.3 0 -999.9 -999.9 365
sta4 2011 7 11 192 11.8 26.2 22.4 4.7 0 -999.9 -999.9 365
sta4 2011 7 12 193 14.3 18.4 4 1.3 3.5 -999.9 -999.9 365
sta4 2011 7 13 194 14.5 17.6 12.4 3.3 0.5 -999.9 -999.9 365
sta4 2011 7 14 195 9.7 22.1 20.8 4.2 0 -999.9 -999.9 365
sta4 2011 7 15 196 5 25.5 23.1 4.3 0.5 -999.9 -999.9 365
sta4 2011 7 16 197 14.9 19.9 4.7 1.8 16.5 -999.9 -999.9 365
sta4 2011 7 17 198 11.7 18 13 2.7 2 -999.9 -999.9 365
sta4 2011 7 18 199 12.1 18.9 11 3 0 -999.9 -999.9 365
sta4 2011 7 19 200 11.3 20.2 15.8 3.2 0 -999.9 -999.9 365
sta4 2011 7 20 201 13.1 16.9 9.1 2 2.5 -999.9 -999.9 365
sta4 2011 7 21 202 13.8 18.9 8.4 2.1 1.5 -999.9 -999.9 365
sta4 2011 7 22 203 13.4 21.2 18.8 4.1 2 -999.9 -999.9 365
sta4 2011 7 23 204 12.4 18.7 15.2 3.4 1 -999.9 -999.9 365
sta4 2011 7 24 205 11.3 21.4 15.5 3.5 1.5 -999.9 -999.9 365
sta4 2011 7 25 206 13.9 23.7 20.3 4.5 0.5 -999.9 -999.9 365
sta4 2011 7 26 207 9.9 22.2 15.5 3.3 0 -999.9 -999.9 365
sta4 2011 7 27 208 12.2 19 7.7 2 0 -999.9 -999.9 365
sta4 2011 7 28 209 14.2 23.6 13.4 3.3 0 -999.9 -999.9 365
sta4 2011 7 29 210 10.1 25.4 17.2 3.8 0 -999.9 -999.9 365
sta4 2011 7 30 211 12.3 22.3 18.9 3.9 0 -999.9 -999.9 365
sta4 2011 7 31 212 5.3 27.6 23.5 4.4 0 -999.9 -999.9 365
sta4 2011 8 1 213 11.3 30.3 19.4 4.9 0 -999.9 -999.9 365
sta4 2011 8 2 214 10.8 27 13 3.9 0 -999.9 -999.9 365
sta4 2011 8 3 215 16.9 28.8 14.1 4 0 -999.9 -999.9 365
sta4 2011 8 4 216 12 24.1 8.5 1.9 10 -999.9 -999.9 365
sta4 2011 8 5 217 14.8 21.1 10.7 2.2 0 -999.9 -999.9 365
sta4 2011 8 6 218 14.1 19.7 5.6 1.5 8 -999.9 -999.9 365
sta4 2011 8 7 219 11.7 22.1 18.8 4 6 -999.9 -999.9 365
sta4 2011 8 8 220 12.4 20.8 15.8 3.7 3.5 -999.9 -999.9 365
sta4 2011 8 9 221 13.4 19.5 20.4 4.5 0 -999.9 -999.9 365
sta4 2011 8 10 222 5.4 23.9 23.1 3.7 0 -999.9 -999.9 365
sta4 2011 8 11 223 8.6 26.3 16.9 3.8 2 -999.9 -999.9 365
sta4 2011 8 12 224 16.3 22.1 10.5 2.6 0 -999.9 -999.9 365
sta4 2011 8 13 225 13.9 22.4 7.9 1.7 18.5 -999.9 -999.9 365
sta4 2011 8 14 226 15.2 20.7 12.6 2.9 0 -999.9 -999.9 365
sta4 2011 8 15 227 10.4 22.5 21.6 3.7 0 -999.9 -999.9 365
sta4 2011 8 16 228 13.1 26.1 18.9 3.9 0 -999.9 -999.9 365
sta4 2011 8 17 229 11.6 27.5 18.5 3.5 1.5 -999.9 -999.9 365
sta4 2011 8 18 230 15.8 25.6 12.1 2.8 29 -999.9 -999.9 365
sta4 2011 8 19 231 16 23.7 19.7 3.8 0 -999.9 -999.9 365
sta4 2011 8 20 232 8.8 30.6 21.3 4 1 -999.9 -999.9 365
sta4 2011 8 21 233 19.4 27.2 16.3 4.2 0 -999.9 -999.9 365
sta4 2011 8 22 234 15.6 19.7 4.6 1.5 24 -999.9 -999.9 365
sta4 2011 8 23 235 16.3 24.1 9.4 2.3 0.5 -999.9 -999.9 365
sta4 2011 8 24 236 15.7 22.5 14.2 3.1 0 -999.9 -999.9 365
sta4 2011 8 25 237 13.1 22.3 14.5 2.9 27.5 -999.9 -999.9 365
sta4 2011 8 26 238 13.4 18.9 7.9 1.9 5 -999.9 -999.9 365
sta4 2011 8 27 239 10.6 18.9 15.5 2.9 3 -999.9 -999.9 365
sta4 2011 8 28 240 10.5 19.2 10.1 2.2 0 -999.9 -999.9 365
sta4 2011 8 29 241 8.5 19.1 14 2.5 0 -999.9 -999.9 365
sta4 2011 8 30 242 4.2 21.4 16.7 2.5 0 -999.9 -999.9 365
sta4 2011 8 31 243 7.2 21.1 17.1 2.7 0 -999.9 -999.9 365
sta4 2011 9 1 244 12.6 26.5 15 3.1 0 -999.9 -999.9 365
sta4 2011 9 2 245 12 29.5 18.4 3.3 0 -999.9 -999.9 365
sta4 2011 9 3 246 13 30.2 15 3.1 17 -999.9 -999.9 365
sta4 2011 9 4 247 15.5 22.7 9.1 2.5 7 -999.9 -999.9 365
sta4 2011 9 5 248 12 19.6 18.1 3.2 0 -999.9 -999.9 365
sta4 2011 9 6 249 12.4 20.1 8.8 2.4 3.5 -999.9 -999.9 365
sta4 2011 9 7 250 12.4 19.2 13.5 2.8 0 -999.9 -999.9 365
sta4 2011 9 8 251 12.4 19.4 6.3 1.2 1 -999.9 -999.9 365
sta4 2011 9 9 252 18.2 23.5 7.4 1.9 0 -999.9 -999.9 365
sta4 2011 9 10 253 15.1 28 12.7 3 2.5 -999.9 -999.9 365
sta4 2011 9 11 254 15.4 20 7.6 2.1 1.5 -999.9 -999.9 365
sta4 2011 9 12 255 14.9 23.8 10.4 2.8 0 -999.9 -999.9 365
sta4 2011 9 13 256 14.5 21.2 13.7 3.2 0 -999.9 -999.9 365
sta4 2011 9 14 257 8.8 20.6 14.8 2.2 0 -999.9 -999.9 365
sta4 2011 9 15 258 4.2 21 17.5 2.1 0 -999.9 -999.9 365
sta4 2011 9 16 259 9.5 25.9 13.3 2.8 1 -999.9 -999.9 365
sta4 2011 9 17 260 12.2 17.8 5.7 1.7 24 -999.9 -999.9 365
sta4 2011 9 18 261 8.9 15.7 11.6 1.6 14 -999.9 -999.9 365
sta4 2011 9 19 262 10.2 18.5 11.5 1.7 0 -999.9 -999.9 365
sta4 2011 9 20 263 13.9 16.9 4.9 1.4 0 -999.9 -999.9 365
sta4 2011 9 21 264 13.5 20.7 9.2 2 0 -999.9 -999.9 365
sta4 2011 9 22 265 9.2 19.6 12.7 1.7 0 -999.9 -999.9 365
sta4 2011 9 23 266 7.6 20.7 14.2 1.8 0 -999.9 -999.9 365
sta4 2011 9 24 267 5.3 23.7 15.2 1.8 0 -999.9 -999.9 365
sta4 2011 9 25 268 9.3 24.5 13.4 2.1 0 -999.9 -999.9 365
sta4 2011 9 26 269 10.3 24.8 12.7 2.1 0 -999.9 -999.9 365
sta4 2011 9 27 270 10.9 26.1 13.6 2.1 0 -999.9 -999.9 365
sta4 2011 9 28 271 9.7 26.8 14.8 2.5 0 -999.9 -999.9 365
sta4 2011 9 29 272 9.9 27.7 14.5 2.4 0 -999.9 -999.9 365
sta4 2011 9 30 273 10.4 28.9 14.4 2.6 0 -999.9 -999.9 365
sta4 2011 10 1 274 9.6 28.3 14.1 2.5 0 -999.9 -999.9 365
sta4 2011 10 2 275 7.6 27.5 14.1 2.2 0 -999.9 -999.9 365
sta4 2011 10 3 276 9.4 27.8 14 2.6 0 -999.9 -999.9 365
sta4 2011 10 4 277 11.9 20.9 6.4 1.5 0 -999.9 -999.9 365
sta4 2011 10 5 278 15.1 19.4 5.8 1.6 0 -999.9 -999.9 365
sta4 2011 10 6 279 11.5 17.8 6.5 2.2 3.5 -999.9 -999.9 365
sta4 2011 10 7 280 8.8 15.8 7 1.5 5.5 -999.9 -999.9 365
sta4 2011 10 8 281 9 14.4 4.7 0.9 0.5 -999.9 -999.9 365
sta4 2011 10 9 282 11.7 17 3.7 0.5 0.5 -999.9 -999.9 365
sta4 2011 10 10 283 14.7 17.5 3.8 1.3 0 -999.9 -999.9 365
sta4 2011 10 11 284 13.9 17 3.9 1.2 0 -999.9 -999.9 365
sta4 2011 10 12 285 13.8 16.3 3.8 1.1 1 -999.9 -999.9 365
sta4 2011 10 13 286 14.5 19.5 7.9 1.4 0 -999.9 -999.9 365
sta4 2011 10 14 287 7.1 16 11.9 1.4 0 -999.9 -999.9 365
sta4 2011 10 15 288 1.6 17 12.3 1.1 0 -999.9 -999.9 365
sta4 2011 10 16 289 0.1 17.1 10.5 0.7 0 -999.9 -999.9 365
sta4 2011 10 17 290 3.8 18 8.4 0.9 0 -999.9 -999.9 365
sta4 2011 10 18 291 8.1 14 3.2 1 4 -999.9 -999.9 365
sta4 2011 10 19 292 5.8 12.4 7.7 0.9 2 -999.9 -999.9 365
sta4 2011 10 20 293 2.3 13.1 10.2 0.8 0 -999.9 -999.9 365
sta4 2011 10 21 294 1.7 13.3 10.2 0.9 0 -999.9 -999.9 365
sta4 2011 10 22 295 -0.2 13.2 10.6 0.8 0.5 -999.9 -999.9 365
sta4 2011 10 23 296 4.1 18.2 10 1.7 0 -999.9 -999.9 365
sta4 2011 10 24 297 6.8 17.4 8.1 1.2 2.5 -999.9 -999.9 365
sta4 2011 10 25 298 7.8 15.8 7.8 1 0.5 -999.9 -999.9 365
sta4 2011 10 26 299 6.7 15.4 8.1 1.1 0 -999.9 -999.9 365
sta4 2011 10 27 300 8.6 13.7 2.5 0.9 0 -999.9 -999.9 365
sta4 2011 10 28 301 5.7 19.6 7.9 0.5 0 -999.9 -999.9 365
sta4 2011 10 29 302 7.8 16.1 3.1 0.5 0 -999.9 -999.9 365
sta4 2011 10 30 303 6.4 16.5 5.2 0.5 0 -999.9 -999.9 365
sta4 2011 10 31 304 11.2 17.6 7 1.2 0 -999.9 -999.9 365
sta4 2011 11 1 305 6.3 15.9 3.7 0.7 2.5 -999.9 -999.9 365
sta4 2011 11 2 306 3.2 17.4 4.8 0.2 0 -999.9 -999.9 365
sta4 2011 11 3 307 14.2 17.7 2.7 1.2 18 -999.9 -999.9 365
sta4 2011 11 4 308 10.5 15.9 5 0.9 5 -999.9 -999.9 365
sta4 2011 11 5 309 8 14.8 2.3 0.2 0.5 -999.9 -999.9 365
sta4 2011 11 6 310 12.5 13.3 1.6 0.6 0 -999.9 -999.9 365
sta4 2011 11 7 311 9.3 12.4 1.3 0.4 0 -999.9 -999.9 365
sta4 2011 11 8 312 8.7 10.6 1.4 0.2 0 -999.9 -999.9 365
sta4 2011 11 9 313 7.9 13.7 2.6 0.6 0.5 -999.9 -999.9 365
sta4 2011 11 10 314 5 14.7 6 0.2 0 -999.9 -999.9 365
sta4 2011 11 11 315 7.9 10.8 2 0.1 0 -999.9 -999.9 365
sta4 2011 11 12 316 8.8 15.6 4 0.5 0.5 -999.9 -999.9 365
sta4 2011 11 13 317 7 15.6 6.7 0.6 0 -999.9 -999.9 365
sta4 2011 11 14 318 6.2 10.5 3.7 0.4 0 -999.9 -999.9 365
sta4 2011 11 15 319 1.1 5.9 2.5 0.2 0.5 -999.9 -999.9 365
sta4 2011 11 16 320 1.8 6.7 3 0.2 0 -999.9 -999.9 365
sta4 2011 11 17 321 3.7 13.4 3.6 0.3 0 -999.9 -999.9 365
sta4 2011 11 18 322 0.3 12.5 3.7 0.3 0 -999.9 -999.9 365
sta4 2011 11 19 323 0.2 12.9 6 0.2 0 -999.9 -999.9 365
sta4 2011 11 20 324 -0.4 7.8 4.2 0.2 0 -999.9 -999.9 365
sta4 2011 11 21 325 0.5 12.8 4.5 0.1 0 -999.9 -999.9 365
sta4 2011 11 22 326 1.9 16.3 4.8 0.1 0 -999.9 -999.9 365
sta4 2011 11 23 327 6.4 12.7 1.6 0.2 0.5 -999.9 -999.9 365
sta4 2011 11 24 328 1.8 10.7 2.5 0 0 -999.9 -999.9 365
sta4 2011 11 25 329 6.7 11.9 1.9 0.4 0 -999.9 -999.9 365
sta4 2011 11 26 330 1.7 11.9 4.8 0.2 0 -999.9 -999.9 365
sta4 2011 11 27 331 5.1 14.2 2.8 0.4 0 -999.9 -999.9 365
sta4 2011 11 28 332 -1.9 9.6 2.5 0 0 -999.9 -999.9 365
sta4 2011 11 29 333 6.1 11.5 1.5 0.4 1.5 -999.9 -999.9 365
sta4 2011 11 30 334 1.9 12 5 0.3 0 -999.9 -999.9 365
sta4 2011 12 1 335 3.1 14.1 1.5 0 7 -999.9 -999.9 365
sta4 2011 12 2 336 3.7 10.4 4 0.2 2.5 -999.9 -999.9 365
sta4 2011 12 3 337 5.7 12.4 0.9 0 7.5 -999.9 -999.9 365
sta4 2011 12 4 338 10.2 12.5 1 0.5 22.5 -999.9 -999.9 365
sta4 2011 12 5 339 4.3 8.8 4.2 0.3 4 -999.9 -999.9 365
sta4 2011 12 6 340 4.5 9.6 3.2 0.4 3 -999.9 -999.9 365
sta4 2011 12 7 341 6.8 11.4 2.5 0.6 5 -999.9 -999.9 365
sta4 2011 12 8 342 4.3 12.3 1.7 0.3 4 -999.9 -999.9 365
sta4 2011 12 9 343 5.6 9.6 2.5 0.3 0.5 -999.9 -999.9 365
sta4 2011 12 10 344 1.1 8.7 3.6 0.1 0 -999.9 -999.9 365
sta4 2011 12 11 345 -1.8 9.1 2.4 0.1 3.5 -999.9 -999.9 365
sta4 2011 12 12 346 4.3 12.3 4.5 0.5 3.5 -999.9 -999.9 365
sta4 2011 12 13 347 6.1 12.5 2.9 0.8 8.5 -999.9 -999.9 365
sta4 2011 12 14 348 5.4 8.2 3.3 0.6 0 -999.9 -999.9 365
sta4 2011 12 15 349 4.4 13.7 2.2 1.5 34 -999.9 -999.9 365
sta4 2011 12 16 350 3.5 9.7 2 0.3 16.5 -999.9 -999.9 365
sta4 2011 12 17 351 1.6 6.2 2.9 0.2 8.5 -999.9 -999.9 365
sta4 2011 12 18 352 1.5 7 4.6 0.2 3 -999.9 -999.9 365
sta4 2011 12 19 353 -2.9 9.1 1.5 0.1 7 -999.9 -999.9 365
sta4 2011 12 20 354 4.6 9.9 3.1 0.2 5 -999.9 -999.9 365
sta4 2011 12 21 355 5.4 11.9 0.7 0 0.5 -999.9 -999.9 365
sta4 2011 12 22 356 10 12.1 1.6 0.4 0 -999.9 -999.9 365
sta4 2011 12 23 357 7.1 9.9 1.3 0.5 3.5 -999.9 -999.9 365
sta4 2011 12 24 358 3.5 9.2 4.3 0.3 0 -999.9 -999.9 365
sta4 2011 12 25 359 5.2 10 1.8 0.2 0 -999.9 -999.9 365
sta4 2011 12 26 360 3.3 12.5 3.3 0.5 0 -999.9 -999.9 365
sta4 2011 12 27 361 -2.1 7.5 3.8 0.1 0 -999.9 -999.9 365
sta4 2011 12 28 362 0.8 9 1.8 0.1 0.5 -999.9 -999.9 365
sta4 2011 12 29 363 3.9 9.5 3.3 0.3 2 -999.9 -999.9 365
sta4 2011 12 30 364 7 11.4 1.4 0.7 10 -999.9 -999.9 365
sta4 2011 12 31 365 7.2 13.1 0.9 0 0 -999.9 -999.9 365
