sta4 2012 1 1 1 12 14.3 1.7 0.6 10 -999.9 -999.9 365
sta4 2012 1 2 2 5 9.3 3.7 0.3 0 -999.9 -999.9 365
sta4 2012 1 3 3 3.7 12.9 1.4 0.2 2.5 -999.9 -999.9 365
sta4 2012 1 4 4 5.4 9.6 3.4 0.6 2 -999.9 -999.9 365
sta4 2012 1 5 5 8.1 12 1.8 1.5 4 -999.9 -999.9 365
sta4 2012 1 6 6 3.2 9.2 4.7 0.3 0 -999.9 -999.9 365
sta4 2012 1 7 7 3.4 12.2 3 0 0.5 -999.9 -999.9 365
sta4 2012 1 8 8 7.1 8.9 1.2 0.5 0 -999.9 -999.9 365
sta4 2012 1 9 9 7.3 12 3 0.2 0 -999.9 -999.9 365
sta4 2012 1 10 10 5.6 10.7 1.7 0.1 0.5 -999.9 -999.9 365
sta4 2012 1 11 11 5.1 11.7 2.7 0.4 0 -999.9 -999.9 365
sta4 2012 1 12 12 -0.7 11.2 4.4 0.1 0 -999.9 -999.9 365
sta4 2012 1 13 13 1.6 8.8 5 0.2 0 -999.9 -999.9 365
sta4 2012 1 14 14 -3.4 5.3 5.9 0.2 0 -999.9 -999.9 365
sta4 2012 1 15 15 -1.1 5.3 5.8 0.3 0 -999.9 -999.9 365
sta4 2012 1 16 16 -1.5 4.6 5.9 0.5 0 -999.9 -999.9 365
sta4 2012 1 17 17 -5.9 4.6 5.4 0.2 0 -999.9 -999.9 365
sta4 2012 1 18 18 -3.9 11.9 1.6 0.3 0 -999.9 -999.9 365
sta4 2012 1 19 19 6.5 13.2 1.5 0.1 3.5 -999.9 -999.9 365
sta4 2012 1 20 20 6.1 10.5 1.9 0.9 0 -999.9 -999.9 365
sta4 2012 1 21 21 8.1 12.6 1.8 0.6 1 -999.9 -999.9 365
sta4 2012 1 22 22 7.2 11 2.6 0.9 0 -999.9 -999.9 365
sta4 2012 1 23 23 4.2 9.5 3 0.3 3.5 -999.9 -999.9 365
sta4 2012 1 24 24 1.1 10 1.5 0 5 -999.9 -999.9 365
sta4 2012 1 25 25 8.9 9.7 1.6 0.1 0 -999.9 -999.9 365
sta4 2012 1 26 26 5.7 9.7 3.1 0.6 0 -999.9 -999.9 365
sta4 2012 1 27 27 -1.2 9.7 5.9 0.3 2 -999.9 -999.9 365
sta4 2012 1 28 28 1.2 7.2 4.7 0.2 0 -999.9 -999.9 365
sta4 2012 1 29 29 0.6 5.9 5.8 0.2 0 -999.9 -999.9 365
sta4 2012 1 30 30 0.1 1.2 1.2 0.2 0 -999.9 -999.9 365
sta4 2012 1 31 31 -3.8 0.8 3.8 0.2 0 -999.9 -999.9 365
sta4 2012 2 1 32 -5 -0.2 7.1 0.6 0 -999.9 -999.9 365
sta4 2012 2 2 33 -7.6 -0.5 8.2 1.1 0 -999.9 -999.9 365
sta4 2012 2 3 34 -8.9 -0.1 8.2 0.6 0 -999.9 -999.9 365
sta4 2012 2 4 35 -4.9 0.4 8 0.5 5 -999.9 -999.9 365
sta4 2012 2 5 36 -9.2 -4.1 4.8 0.3 2.2 -999.9 -999.9 365
sta4 2012 2 6 37 -14 -0.6 4.5 0 0.4 -999.9 -999.9 365
sta4 2012 2 7 38 -11.5 -2.4 10.3 0.3 0 -999.9 -999.9 365
sta4 2012 2 8 39 -9.3 -3.2 6.7 0.3 0 -999.9 -999.9 365
sta4 2012 2 9 40 -11.8 0.3 8.9 0.1 0 -999.9 -999.9 365
sta4 2012 2 10 41 -12 -1.8 10.5 0.1 0 -999.9 -999.9 365
sta4 2012 2 11 42 -14 -0.3 11.4 0.3 0 -999.9 -999.9 365
sta4 2012 2 12 43 -15.6 2.3 9.1 0.1 0 -999.9 -999.9 365
sta4 2012 2 13 44 -0.9 5.6 4.4 0.1 3.8 -999.9 -999.9 365
sta4 2012 2 14 45 3 6.6 4.1 0.5 0 -999.9 -999.9 365
sta4 2012 2 15 46 3.6 8.7 4.5 0.4 0 -999.9 -999.9 365
sta4 2012 2 16 47 4.8 8.2 3.2 0.6 0 -999.9 -999.9 365
sta4 2012 2 17 48 3.6 8.6 2.5 0.1 0 -999.9 -999.9 365
sta4 2012 2 18 49 7.3 10.6 3.3 0.7 3 -999.9 -999.9 365
sta4 2012 2 19 50 -0.1 8.1 9.3 0.8 0 -999.9 -999.9 365
sta4 2012 2 20 51 -5.6 8 11.4 0.6 0 -999.9 -999.9 365
sta4 2012 2 21 52 -2.7 10.8 10.4 0.8 0 -999.9 -999.9 365
sta4 2012 2 22 53 -4.4 9.4 9.2 0.6 0.5 -999.9 -999.9 365
sta4 2012 2 23 54 6 11.5 2.4 0 0 -999.9 -999.9 365
sta4 2012 2 24 55 7.9 12.1 5.8 0.6 0 -999.9 -999.9 365
sta4 2012 2 25 56 8.2 10.6 3.1 0.5 0 -999.9 -999.9 365
sta4 2012 2 26 57 4 12 9.7 0.7 0 -999.9 -999.9 365
sta4 2012 2 27 58 -0.2 8.9 6.5 0.3 0 -999.9 -999.9 365
sta4 2012 2 28 59 7.8 11.1 2.7 0.4 0 -999.9 -999.9 365
sta4 2012 2 29 60 8 15.6 8.6 0.9 0 -999.9 -999.9 365
sta4 2012 3 1 61 5.3 14.3 5.1 0.7 0 -999.9 -999.9 365
sta4 2012 3 2 62 8.7 10.3 2.3 0.3 0 -999.9 -999.9 365
sta4 2012 3 3 63 5.3 12 5.4 0.6 0.5 -999.9 -999.9 365
sta4 2012 3 4 64 3.7 10.3 3.4 0.8 7.5 -999.9 -999.9 365
sta4 2012 3 5 65 4.3 8.8 8.8 1.7 0.5 -999.9 -999.9 365
sta4 2012 3 6 66 3.7 6.1 3.3 0.7 0.5 -999.9 -999.9 365
sta4 2012 3 7 67 -1.2 8.7 3.2 0.3 2 -999.9 -999.9 365
sta4 2012 3 8 68 1.4 10.5 10.6 1 0 -999.9 -999.9 365
sta4 2012 3 9 69 -2.6 12.6 10.2 0.9 0 -999.9 -999.9 365
sta4 2012 3 10 70 7.1 11 4.7 0.7 0 -999.9 -999.9 365
sta4 2012 3 11 71 7.8 13.8 6 1.1 0 -999.9 -999.9 365
sta4 2012 3 12 72 -0.2 17 13.7 1.2 0 -999.9 -999.9 365
sta4 2012 3 13 73 1.2 10.8 4.5 0.5 0 -999.9 -999.9 365
sta4 2012 3 14 74 0.9 16.1 11.5 1.2 0 -999.9 -999.9 365
sta4 2012 3 15 75 -0.3 20.6 15.2 1.7 0 -999.9 -999.9 365
sta4 2012 3 16 76 6.8 18.2 12 1.7 0 -999.9 -999.9 365
sta4 2012 3 17 77 5.9 11.4 3.5 0.7 6 -999.9 -999.9 365
sta4 2012 3 18 78 5.1 10.6 7.1 1 0 -999.9 -999.9 365
sta4 2012 3 19 79 1.4 12.3 14.4 1.7 0 -999.9 -999.9 365
sta4 2012 3 20 80 -2.5 12.5 11.4 1.1 0 -999.9 -999.9 365
sta4 2012 3 21 81 2.6 15.9 16.5 2.1 0 -999.9 -999.9 365
sta4 2012 3 22 82 6.6 20.7 15.3 2.6 0 -999.9 -999.9 365
sta4 2012 3 23 83 2.4 21.8 15.6 2.1 0 -999.9 -999.9 365
sta4 2012 3 24 84 2.4 20.6 16.4 2.2 0 -999.9 -999.9 365
sta4 2012 3 25 85 5.8 20.3 16.5 2.2 0 -999.9 -999.9 365
sta4 2012 3 26 86 5.5 20.3 18.3 3.1 0 -999.9 -999.9 365
sta4 2012 3 27 87 6.6 19.8 18.1 2.9 0 -999.9 -999.9 365
sta4 2012 3 28 88 6.3 20.4 17.6 2.5 0 -999.9 -999.9 365
sta4 2012 3 29 89 4.3 20.5 18.3 2.6 0 -999.9 -999.9 365
sta4 2012 3 30 90 1.6 19.9 18 2.1 0 -999.9 -999.9 365
sta4 2012 3 31 91 3.3 10.5 4.3 0.7 0 -999.9 -999.9 365
sta4 2012 4 1 92 0.4 12.1 19.5 2.2 0 -999.9 -999.9 365
sta4 2012 4 2 93 -0.2 16.5 19.2 2.1 0 -999.9 -999.9 365
sta4 2012 4 3 94 -0.2 15.5 18 2 0 -999.9 -999.9 365
sta4 2012 4 4 95 1.5 12.3 9.1 1.2 1.5 -999.9 -999.9 365
sta4 2012 4 5 96 7 12.8 11.6 2 0 -999.9 -999.9 365
sta4 2012 4 6 97 3.4 13.4 16.7 2.3 0 -999.9 -999.9 365
sta4 2012 4 7 98 1.3 13.5 10 1.4 0 -999.9 -999.9 365
sta4 2012 4 8 99 -2.5 9.9 7.1 0.7 0 -999.9 -999.9 365
sta4 2012 4 9 100 8.9 12 5.3 1.4 7 -999.9 -999.9 365
sta4 2012 4 10 101 6.1 11.3 7 1.4 4 -999.9 -999.9 365
sta4 2012 4 11 102 1.5 11.6 11.4 1.4 6 -999.9 -999.9 365
sta4 2012 4 12 103 0.5 14.5 13.9 1.7 1.5 -999.9 -999.9 365
sta4 2012 4 13 104 -1.3 14.9 16.3 1.8 2 -999.9 -999.9 365
sta4 2012 4 14 105 2.9 12.7 9.7 1.5 0 -999.9 -999.9 365
sta4 2012 4 15 106 3.4 9.8 12.6 2.2 0 -999.9 -999.9 365
sta4 2012 4 16 107 0.9 10 16.9 2 0 -999.9 -999.9 365
sta4 2012 4 17 108 -2.3 12.1 8.1 1.3 2 -999.9 -999.9 365
sta4 2012 4 18 109 2.3 12.2 9.6 1.5 3 -999.9 -999.9 365
sta4 2012 4 19 110 4.7 13.2 16.8 2.4 4 -999.9 -999.9 365
sta4 2012 4 20 111 3.5 13.3 14.6 2 2.5 -999.9 -999.9 365
sta4 2012 4 21 112 5 12.1 15.5 2.2 2 -999.9 -999.9 365
sta4 2012 4 22 113 3.6 11.9 16.6 2.2 0 -999.9 -999.9 365
sta4 2012 4 23 114 2.9 13.6 8.8 1.5 3.5 -999.9 -999.9 365
sta4 2012 4 24 115 4.6 12.9 12.5 1.8 2 -999.9 -999.9 365
sta4 2012 4 25 116 3.6 16 12 2.2 2.5 -999.9 -999.9 365
sta4 2012 4 26 117 8.8 15.8 15.8 3.3 1 -999.9 -999.9 365
sta4 2012 4 27 118 4.8 15.2 11.3 1.8 10 -999.9 -999.9 365
sta4 2012 4 28 119 8.5 16.3 3.1 0.9 16 -999.9 -999.9 365
sta4 2012 4 29 120 10.8 15.6 13.3 2.9 0.5 -999.9 -999.9 365
sta4 2012 4 30 121 5 18.1 14 2.1 2 -999.9 -999.9 365
sta4 2012 5 1 122 8.8 19.6 23.7 3.6 0 -999.9 -999.9 365
sta4 2012 5 2 123 5.3 14.2 9.3 1.3 1.5 -999.9 -999.9 365
sta4 2012 5 3 124 9.6 19.3 16.7 2.8 0.5 -999.9 -999.9 365
sta4 2012 5 4 125 6 16.9 8.5 1.2 16 -999.9 -999.9 365
sta4 2012 5 5 126 8.3 14.3 12.8 2 0 -999.9 -999.9 365
sta4 2012 5 6 127 7.8 12.5 8.2 1.4 0 -999.9 -999.9 365
sta4 2012 5 7 128 2.5 18.7 20.1 2.4 1 -999.9 -999.9 365
sta4 2012 5 8 129 10.5 18.8 9.5 2 0 -999.9 -999.9 365
sta4 2012 5 9 130 13.4 20 12.5 2.7 0 -999.9 -999.9 365
sta4 2012 5 10 131 14.4 25.2 15 3.7 0 -999.9 -999.9 365
sta4 2012 5 11 132 12.1 17.1 12.9 2.7 0 -999.9 -999.9 365
sta4 2012 5 12 133 7.1 15.1 27.2 3.9 0 -999.9 -999.9 365
sta4 2012 5 13 134 2.8 16.5 27.7 3.3 0 -999.9 -999.9 365
sta4 2012 5 14 135 0.7 18.6 26 3.4 1.5 -999.9 -999.9 365
sta4 2012 5 15 136 6.1 11.3 16.7 2.4 4.5 -999.9 -999.9 365
sta4 2012 5 16 137 2.4 14.9 23.7 3 0 -999.9 -999.9 365
sta4 2012 5 17 138 1.2 14.3 12.3 2.2 0 -999.9 -999.9 365
sta4 2012 5 18 139 4.6 17 9.1 1.8 0 -999.9 -999.9 365
sta4 2012 5 19 140 2.9 17.7 14.1 2 2.5 -999.9 -999.9 365
sta4 2012 5 20 141 9.3 16.6 6.7 1.2 4 -999.9 -999.9 365
sta4 2012 5 21 142 9.8 12.8 3.9 0.6 0 -999.9 -999.9 365
sta4 2012 5 22 143 11.4 19.4 18.9 3.3 0 -999.9 -999.9 365
sta4 2012 5 23 144 11.3 22.9 24.4 3.9 0 -999.9 -999.9 365
sta4 2012 5 24 145 8.5 27.7 24.5 3.8 0 -999.9 -999.9 365
sta4 2012 5 25 146 15.3 26.3 27.6 5.6 0 -999.9 -999.9 365
sta4 2012 5 26 147 12.8 26.3 28.4 6 0 -999.9 -999.9 365
sta4 2012 5 27 148 11.4 21.9 19.3 3.4 0 -999.9 -999.9 365
sta4 2012 5 28 149 11.5 22.8 26.7 4.6 0 -999.9 -999.9 365
sta4 2012 5 29 150 10.2 24.1 25.6 4.2 0 -999.9 -999.9 365
sta4 2012 5 30 151 7.2 25.2 19.2 3.2 0 -999.9 -999.9 365
sta4 2012 5 31 152 12.5 20.9 19.7 3.4 0 -999.9 -999.9 365
sta4 2012 6 1 153 13.2 21.3 10.7 2.2 0 -999.9 -999.9 365
sta4 2012 6 2 154 8.6 25.7 22 3.6 30.5 -999.9 -999.9 365
sta4 2012 6 3 155 13.7 19.9 12.1 2.8 0 -999.9 -999.9 365
sta4 2012 6 4 156 10.3 13.3 7.2 1.7 0 -999.9 -999.9 365
sta4 2012 6 5 157 3.9 16.7 13 1.6 3 -999.9 -999.9 365
sta4 2012 6 6 158 12.8 19.8 16 3 1 -999.9 -999.9 365
sta4 2012 6 7 159 12.5 21 12.7 3 6 -999.9 -999.9 365
sta4 2012 6 8 160 11.6 19.3 21.8 4.4 0 -999.9 -999.9 365
sta4 2012 6 9 161 7.6 19 20.6 3.5 0 -999.9 -999.9 365
sta4 2012 6 10 162 10.8 17.2 9.1 1.7 13.5 -999.9 -999.9 365
sta4 2012 6 11 163 11.9 18.2 14.2 2.9 1 -999.9 -999.9 365
sta4 2012 6 12 164 10.7 14.5 5.7 1 0.5 -999.9 -999.9 365
sta4 2012 6 13 165 10.3 17 11.5 2.1 1.5 -999.9 -999.9 365
sta4 2012 6 14 166 9.5 20 15.1 2.5 1 -999.9 -999.9 365
sta4 2012 6 15 167 14.4 19.2 10.3 2.4 2 -999.9 -999.9 365
sta4 2012 6 16 168 12.4 21.6 19.7 4.1 0 -999.9 -999.9 365
sta4 2012 6 17 169 10.2 21.7 24.5 4.1 7 -999.9 -999.9 365
sta4 2012 6 18 170 11.8 17.3 12.4 2.4 0 -999.9 -999.9 365
sta4 2012 6 19 171 6.6 20.8 20.2 3.1 0 -999.9 -999.9 365
sta4 2012 6 20 172 8.4 23.9 26.8 4.1 2.5 -999.9 -999.9 365
sta4 2012 6 21 173 15.4 24.5 16.8 4.1 2 -999.9 -999.9 365
sta4 2012 6 22 174 11.8 21.4 22.1 4.4 0 -999.9 -999.9 365
sta4 2012 6 23 175 10 21.4 21.2 3.7 0 -999.9 -999.9 365
sta4 2012 6 24 176 12 16.2 6.7 1.3 8.5 -999.9 -999.9 365
sta4 2012 6 25 177 10.3 19.7 18.9 3 10 -999.9 -999.9 365
sta4 2012 6 26 178 14.2 21 10.6 1.9 0.5 -999.9 -999.9 365
sta4 2012 6 27 179 14.2 27.6 17.9 3.5 0 -999.9 -999.9 365
sta4 2012 6 28 180 17.4 31.6 20 4.9 1.5 -999.9 -999.9 365
sta4 2012 6 29 181 14.8 23.2 17.8 3.9 0 -999.9 -999.9 365
sta4 2012 6 30 182 12.5 22.2 15.3 2.9 8.5 -999.9 -999.9 365
sta4 2012 7 1 183 10.3 20 21.3 3.6 1 -999.9 -999.9 365
sta4 2012 7 2 184 7.3 21.6 22.8 3.6 0 -999.9 -999.9 365
sta4 2012 7 3 185 14.8 22.2 11.1 2.6 0 -999.9 -999.9 365
sta4 2012 7 4 186 14.5 26.2 21.7 4.3 2 -999.9 -999.9 365
sta4 2012 7 5 187 14.9 21.8 17.1 3.5 0 -999.9 -999.9 365
sta4 2012 7 6 188 12.9 21.7 20.4 3.8 1 -999.9 -999.9 365
sta4 2012 7 7 189 10.9 20.7 11.7 2.4 17.5 -999.9 -999.9 365
sta4 2012 7 8 190 14.1 20.3 11.1 3 0 -999.9 -999.9 365
sta4 2012 7 9 191 13.1 22.4 16.1 3.2 0 -999.9 -999.9 365
sta4 2012 7 10 192 13.4 19.8 13.2 3.2 0.5 -999.9 -999.9 365
sta4 2012 7 11 193 11.1 19.3 14.9 3.3 3 -999.9 -999.9 365
sta4 2012 7 12 194 10.8 17.3 8.9 1.7 17 -999.9 -999.9 365
sta4 2012 7 13 195 12.7 18.4 11.5 2.3 2.5 -999.9 -999.9 365
sta4 2012 7 14 196 12.2 21.3 20.3 4 0 -999.9 -999.9 365
sta4 2012 7 15 197 10 17.9 14.7 2.9 0.5 -999.9 -999.9 365
sta4 2012 7 16 198 6.9 22.6 18 3.3 0 -999.9 -999.9 365
sta4 2012 7 17 199 15 23.7 21.9 4.7 0 -999.9 -999.9 365
sta4 2012 7 18 200 13.2 22.9 24.4 4.5 0 -999.9 -999.9 365
sta4 2012 7 19 201 13.6 19.8 12.2 3.2 0 -999.9 -999.9 365
sta4 2012 7 20 202 11.3 20.1 17.9 3.6 0 -999.9 -999.9 365
sta4 2012 7 21 203 6.2 22.3 21.8 3.5 0 -999.9 -999.9 365
sta4 2012 7 22 204 8.4 25.1 26.4 4.3 0 -999.9 -999.9 365
sta4 2012 7 23 205 8.2 27.7 27.4 5 0 -999.9 -999.9 365
sta4 2012 7 24 206 9.9 29.8 27.4 5.2 0 -999.9 -999.9 365
sta4 2012 7 25 207 11.8 31.5 26 5.4 0 -999.9 -999.9 365
sta4 2012 7 26 208 13.4 32.5 25 5.6 0 -999.9 -999.9 365
sta4 2012 7 27 209 15.3 28 13 3.6 0 -999.9 -999.9 365
sta4 2012 7 28 210 16.2 22 23.6 5 0 -999.9 -999.9 365
sta4 2012 7 29 211 9.4 21.5 15.8 3.2 3.5 -999.9 -999.9 365
sta4 2012 7 30 212 7.9 21.4 22 3.6 0 -999.9 -999.9 365
sta4 2012 7 31 213 11 25.7 17.7 3.7 0 -999.9 -999.9 365
sta4 2012 8 1 214 9.3 26.6 12.1 2.5 1 -999.9 -999.9 365
sta4 2012 8 2 215 12.7 24.5 16.4 3.6 1.5 -999.9 -999.9 365
sta4 2012 8 3 216 10.8 24.7 16.5 3.3 5 -999.9 -999.9 365
sta4 2012 8 4 217 11.5 22.1 13.1 2.6 4 -999.9 -999.9 365
sta4 2012 8 5 218 9.8 22.9 16.3 3.2 4 -999.9 -999.9 365
sta4 2012 8 6 219 12.3 20.8 13.5 3 4.5 -999.9 -999.9 365
sta4 2012 8 7 220 11.4 21.6 14.5 3.1 0 -999.9 -999.9 365
sta4 2012 8 8 221 8.8 26.2 22.5 3.8 0 -999.9 -999.9 365
sta4 2012 8 9 222 12.3 27 21.9 3.9 0 -999.9 -999.9 365
sta4 2012 8 10 223 10.8 26.6 25.1 4.9 0 -999.9 -999.9 365
sta4 2012 8 11 224 8.7 28.1 24.2 5 0 -999.9 -999.9 365
sta4 2012 8 12 225 9.7 25.1 12.7 2.8 0 -999.9 -999.9 365
sta4 2012 8 13 226 11.4 23.9 13.4 2.8 0 -999.9 -999.9 365
sta4 2012 8 14 227 12.9 25.8 11.6 3 0 -999.9 -999.9 365
sta4 2012 8 15 228 17 26.3 10.3 3.9 0.5 -999.9 -999.9 365
sta4 2012 8 16 229 11 26.8 19.4 4.1 0 -999.9 -999.9 365
sta4 2012 8 17 230 15 32.8 23.1 5.9 0 -999.9 -999.9 365
sta4 2012 8 18 231 14.7 35.9 22.3 5.7 0 -999.9 -999.9 365
sta4 2012 8 19 232 16.7 35.4 15.7 4.6 0 -999.9 -999.9 365
sta4 2012 8 20 233 15.8 27.6 16.2 3.4 0 -999.9 -999.9 365
sta4 2012 8 21 234 14.3 28.8 16.4 3.9 0 -999.9 -999.9 365
sta4 2012 8 22 235 13.7 23.2 21.1 3.8 0 -999.9 -999.9 365
sta4 2012 8 23 236 6.5 25.4 19.5 3.1 0 -999.9 -999.9 365
sta4 2012 8 24 237 10.6 23.2 11.7 2.6 1.5 -999.9 -999.9 365
sta4 2012 8 25 238 15.3 23.4 15.4 4.4 2.5 -999.9 -999.9 365
sta4 2012 8 26 239 14.1 21.9 17.7 3.8 0 -999.9 -999.9 365
sta4 2012 8 27 240 12.4 27.6 19.4 4.8 0 -999.9 -999.9 365
sta4 2012 8 28 241 16.6 24.8 19.2 4.5 0 -999.9 -999.9 365
sta4 2012 8 29 242 8.6 25.2 17.2 3.6 0.5 -999.9 -999.9 365
sta4 2012 8 30 243 11.7 19.6 12.4 2.7 4 -999.9 -999.9 365
sta4 2012 8 31 244 7.9 17.5 17.4 3.1 0 -999.9 -999.9 365
sta4 2012 9 1 245 11.1 18.2 11 1.9 0 -999.9 -999.9 365
sta4 2012 9 2 246 13 22 16.8 3.2 0 -999.9 -999.9 365
sta4 2012 9 3 247 14.9 23.8 11.3 2.4 0 -999.9 -999.9 365
sta4 2012 9 4 248 14 25.3 16.1 3.2 0 -999.9 -999.9 365
sta4 2012 9 5 249 13.9 21.8 9.4 2.4 0 -999.9 -999.9 365
sta4 2012 9 6 250 5.8 22.6 20.3 2.9 0 -999.9 -999.9 365
sta4 2012 9 7 251 2.1 27.8 19.9 2.9 0 -999.9 -999.9 365
sta4 2012 9 8 252 4.3 28.9 19.9 3.5 0 -999.9 -999.9 365
sta4 2012 9 9 253 5.6 31.7 18.9 3.9 0 -999.9 -999.9 365
sta4 2012 9 10 254 12.5 26.1 15.6 3.3 1 -999.9 -999.9 365
sta4 2012 9 11 255 14.3 18.2 7.6 2.1 1.5 -999.9 -999.9 365
sta4 2012 9 12 256 10.6 16.9 9 1.9 3.5 -999.9 -999.9 365
sta4 2012 9 13 257 10 18.2 15.6 2.7 0 -999.9 -999.9 365
sta4 2012 9 14 258 5.7 19.2 6.9 1.3 0 -999.9 -999.9 365
sta4 2012 9 15 259 7.4 22.1 17 2.5 0 -999.9 -999.9 365
sta4 2012 9 16 260 4.6 25.5 16 2.3 0 -999.9 -999.9 365
sta4 2012 9 17 261 12.8 21.1 10 1.9 0 -999.9 -999.9 365
sta4 2012 9 18 262 8.9 19.3 12.6 2.6 0 -999.9 -999.9 365
sta4 2012 9 19 263 4.5 18.1 15.6 2.3 0 -999.9 -999.9 365
sta4 2012 9 20 264 1.1 18.5 13.9 1.9 0 -999.9 -999.9 365
sta4 2012 9 21 265 2.5 17.2 6.7 1.2 0 -999.9 -999.9 365
sta4 2012 9 22 266 4.8 18.6 14 2.1 0 -999.9 -999.9 365
sta4 2012 9 23 267 11.8 22.2 7.9 2.4 25.5 -999.9 -999.9 365
sta4 2012 9 24 268 13.5 18.5 8.4 2.1 5 -999.9 -999.9 365
sta4 2012 9 25 269 9.3 17.8 8.7 1.9 4 -999.9 -999.9 365
sta4 2012 9 26 270 10.2 16.9 10.3 1.9 2 -999.9 -999.9 365
sta4 2012 9 27 271 10.5 16.8 9.5 1.8 1.5 -999.9 -999.9 365
sta4 2012 9 28 272 7.9 18.5 13.9 1.8 0 -999.9 -999.9 365
sta4 2012 9 29 273 8.2 16.9 10.8 1.8 0 -999.9 -999.9 365
sta4 2012 9 30 274 1.4 18 14.8 1.4 0 -999.9 -999.9 365
sta4 2012 10 1 275 3.6 19.4 12 1.4 3 -999.9 -999.9 365
sta4 2012 10 2 276 10.4 18.7 11.1 1.8 0 -999.9 -999.9 365
sta4 2012 10 3 277 12.9 15.8 3.1 0.9 15.5 -999.9 -999.9 365
sta4 2012 10 4 278 11.5 17.6 12.6 2 0 -999.9 -999.9 365
sta4 2012 10 5 279 12.2 22.2 12.1 2.1 0 -999.9 -999.9 365
sta4 2012 10 6 280 13.5 17.8 3.4 0.8 8 -999.9 -999.9 365
sta4 2012 10 7 281 9.3 15.8 10.4 1.4 2.4 -999.9 -999.9 365
sta4 2012 10 8 282 9.2 18.1 2.8 0.4 8.2 -999.9 -999.9 365
sta4 2012 10 9 283 13.6 16.3 3.5 0.8 7.2 -999.9 -999.9 365
sta4 2012 10 10 284 11.3 13.9 3.4 0.5 3.8 -999.9 -999.9 365
sta4 2012 10 11 285 12.8 18.5 4.4 0.8 10.4 -999.9 -999.9 365
sta4 2012 10 12 286 8.4 15.4 11.1 1.6 1.4 -999.9 -999.9 365
sta4 2012 10 13 287 7.6 13.7 6.8 1.3 1.5 -999.9 -999.9 365
sta4 2012 10 14 288 2.9 12.6 6.9 1 2.5 -999.9 -999.9 365
sta4 2012 10 15 289 3.8 14.8 8.6 1.1 2 -999.9 -999.9 365
sta4 2012 10 16 290 9.4 15.3 9.1 1.3 0 -999.9 -999.9 365
sta4 2012 10 17 291 7.6 15.8 2.9 0.3 5 -999.9 -999.9 365
sta4 2012 10 18 292 11.9 13.9 1.5 0.2 11.5 -999.9 -999.9 365
sta4 2012 10 19 293 11.3 16.6 2.1 0.4 2.5 -999.9 -999.9 365
sta4 2012 10 20 294 11.1 14.5 2.8 0.4 15.5 -999.9 -999.9 365
sta4 2012 10 21 295 12.2 16.2 2.8 0.5 6 -999.9 -999.9 365
sta4 2012 10 22 296 11.4 23.3 9.5 0.9 0 -999.9 -999.9 365
sta4 2012 10 23 297 13.5 15.1 2.3 0.2 0 -999.9 -999.9 365
sta4 2012 10 24 298 9.6 13.5 3.6 0.7 0 -999.9 -999.9 365
sta4 2012 10 25 299 5.1 16.9 8.8 0.6 0.5 -999.9 -999.9 365
sta4 2012 10 26 300 6.9 9.8 1.3 0.7 1.5 -999.9 -999.9 365
sta4 2012 10 27 301 1.4 7.7 6.2 0.9 2.5 -999.9 -999.9 365
sta4 2012 10 28 302 0 10.8 7.3 0.5 0 -999.9 -999.9 365
sta4 2012 10 29 303 7.9 11.7 5.3 0.9 0 -999.9 -999.9 365
sta4 2012 10 30 304 6 12.8 4.2 0.6 0.5 -999.9 -999.9 365
sta4 2012 10 31 305 3.7 12.9 8.4 0.8 4.5 -999.9 -999.9 365
sta4 2012 11 1 306 6 11.5 5.7 1 2.5 -999.9 -999.9 365
sta4 2012 11 2 307 4.1 10.6 3.4 0.7 4 -999.9 -999.9 365
sta4 2012 11 3 308 3.8 12.3 6.9 0.6 1.5 -999.9 -999.9 365
sta4 2012 11 4 309 2.4 11.9 6.9 0.6 2.5 -999.9 -999.9 365
sta4 2012 11 5 310 4.7 11 5 0.5 2 -999.9 -999.9 365
sta4 2012 11 6 311 -0.2 11.6 7.5 0.3 0 -999.9 -999.9 365
sta4 2012 11 7 312 6.4 11.7 2.6 0.5 0 -999.9 -999.9 365
sta4 2012 11 8 313 7.9 10.6 2.2 0.7 0 -999.9 -999.9 365
sta4 2012 11 9 314 1.5 10 3.4 0.1 4.5 -999.9 -999.9 365
sta4 2012 11 10 315 7.3 12.2 2 0.6 4 -999.9 -999.9 365
sta4 2012 11 11 316 0.2 11.9 6.2 0.3 0.2 -999.9 -999.9 365
sta4 2012 11 12 317 0.4 12.2 5 0.1 0.8 -999.9 -999.9 365
sta4 2012 11 13 318 7.8 15 4.5 0.5 0.2 -999.9 -999.9 365
sta4 2012 11 14 319 3.9 7.3 3.5 0.2 0 -999.9 -999.9 365
sta4 2012 11 15 320 3 5 2 0.2 0.2 -999.9 -999.9 365
sta4 2012 11 16 321 3 6.6 2.9 0.1 0.2 -999.9 -999.9 365
sta4 2012 11 17 322 4.9 11.2 2.1 0.1 6.4 -999.9 -999.9 365
sta4 2012 11 18 323 7.6 9.8 2.6 0.2 2.6 -999.9 -999.9 365
sta4 2012 11 19 324 3.5 10.3 1.4 0.1 0 -999.9 -999.9 365
sta4 2012 11 20 325 6.7 12.5 3.3 0.4 0.2 -999.9 -999.9 365
sta4 2012 11 21 326 6.9 12.4 1.9 0.7 0.6 -999.9 -999.9 365
sta4 2012 11 22 327 3.8 12.8 5.9 0.3 0.2 -999.9 -999.9 365
sta4 2012 11 23 328 7.7 10.5 0.9 0.1 12.2 -999.9 -999.9 365
sta4 2012 11 24 329 7.8 13.8 1.4 0.7 0.6 -999.9 -999.9 365
sta4 2012 11 25 330 7.8 12.2 5.6 1 0 -999.9 -999.9 365
sta4 2012 11 26 331 5.2 11.5 3 0.8 0 -999.9 -999.9 365
sta4 2012 11 27 332 3.6 9.2 2.2 0.2 4 -999.9 -999.9 365
sta4 2012 11 28 333 4.2 8.6 2.7 0.2 2 -999.9 -999.9 365
sta4 2012 11 29 334 3.2 6.8 4.4 0.3 0.5 -999.9 -999.9 365
sta4 2012 11 30 335 -3.5 7.4 4.3 0.1 0.5 -999.9 -999.9 365
sta4 2012 12 1 336 -3.1 7.6 5.2 0.1 2 -999.9 -999.9 365
sta4 2012 12 2 337 -0.9 7.5 5 0.2 1.5 -999.9 -999.9 365
sta4 2012 12 3 338 0 12.1 1.9 0.2 16.5 -999.9 -999.9 365
sta4 2012 12 4 339 1.3 7.1 2.4 0.2 15 -999.9 -999.9 365
sta4 2012 12 5 340 1.1 4.6 1.5 0.2 2.5 -999.9 -999.9 365
sta4 2012 12 6 341 -1.1 3.6 2.9 0.1 6 -999.9 -999.9 365
sta4 2012 12 7 342 0.3 6.3 2.6 0.2 10 -999.9 -999.9 365
sta4 2012 12 8 343 3.8 5.9 1.3 0.2 0.5 -999.9 -999.9 365
sta4 2012 12 9 344 1.8 7.6 1.6 0.2 1 -999.9 -999.9 365
sta4 2012 12 10 345 3.2 6.5 2.9 0.3 0.5 -999.9 -999.9 365
sta4 2012 12 11 346 -1.9 4.2 4.8 0.2 0 -999.9 -999.9 365
sta4 2012 12 12 347 -5.7 0.9 6.4 0.1 0 -999.9 -999.9 365
sta4 2012 12 13 348 -3 4.4 1.2 0.2 1 -999.9 -999.9 365
sta4 2012 12 14 349 1.8 12.2 0.8 0.1 4.5 -999.9 -999.9 365
sta4 2012 12 15 350 6.3 10.8 3.4 0.5 5.5 -999.9 -999.9 365
sta4 2012 12 16 351 6.5 10.9 3.6 0.4 0.5 -999.9 -999.9 365
sta4 2012 12 17 352 5.5 9.3 2.7 0.4 11 -999.9 -999.9 365
sta4 2012 12 18 353 1.9 8.9 2.2 0.5 0 -999.9 -999.9 365
sta4 2012 12 19 354 -1.3 8.2 1.4 0 23 -999.9 -999.9 365
sta4 2012 12 20 355 6.3 10.9 1.2 0.2 6.5 -999.9 -999.9 365
sta4 2012 12 21 356 4.7 10.5 2.4 0.2 0 -999.9 -999.9 365
sta4 2012 12 22 357 4.6 14.4 0.6 0 2.5 -999.9 -999.9 365
sta4 2012 12 23 358 13 14.1 0.9 0.9 0 -999.9 -999.9 365
sta4 2012 12 24 359 8.7 13.3 2.3 0.5 0.5 -999.9 -999.9 365
sta4 2012 12 25 360 8.1 12.1 3.5 0.8 1.5 -999.9 -999.9 365
sta4 2012 12 26 361 7.2 10.9 2.4 0.6 4.5 -999.9 -999.9 365
sta4 2012 12 27 362 8 10.8 2.7 0.9 4 -999.9 -999.9 365
sta4 2012 12 28 363 6.4 12.7 1.6 0.2 0.5 -999.9 -999.9 365
sta4 2012 12 29 364 8.9 12.4 2 1.1 1.5 -999.9 -999.9 365
sta4 2012 12 30 365 6.1 10.1 3.5 0.6 0 -999.9 -999.9 365
sta4 2012 12 31 366 7 11.1 1.7 0.7 3 -999.9 -999.9 365
sta4 2013 1 1 1 5.4 8.5 3.4 0.2 1.5 -999.9 -999.9 365
sta4 2013 1 2 2 1.2 10.2 2.5 0.1 1 -999.9 -999.9 365
sta4 2013 1 3 3 7.2 11.1 1.1 0 0 -999.9 -999.9 365
sta4 2013 1 4 4 8.9 9.7 0.7 0.1 0 -999.9 -999.9 365
sta4 2013 1 5 5 6.5 8.3 1 0 0.5 -999.9 -999.9 365
sta4 2013 1 6 6 5.7 6.8 1.4 0.1 0 -999.9 -999.9 365
sta4 2013 1 7 7 4.8 5.5 0.8 0 0 -999.9 -999.9 365
sta4 2013 1 8 8 4.1 7.4 1.3 0.1 0 -999.9 -999.9 365
sta4 2013 1 9 9 4.2 7.1 0.8 0 2 -999.9 -999.9 365
sta4 2013 1 10 10 6.6 9.8 1.7 0.3 8.5 -999.9 -999.9 365
sta4 2013 1 11 11 1.6 8.8 3 0.3 1 -999.9 -999.9 365
sta4 2013 1 12 12 -0.2 6.2 1.2 0 5 -999.9 -999.9 365
sta4 2013 1 13 13 0.9 5 1.4 0.2 0 -999.9 -999.9 365
sta4 2013 1 14 14 -1.2 3.5 1.7 0.4 7.5 -999.9 -999.9 365
sta4 2013 1 15 15 0.6 4.8 2.8 0.5 0 -999.9 -999.9 365
sta4 2013 1 16 16 -3.5 1.6 7.6 0.2 0 -999.9 -999.9 365
sta4 2013 1 17 17 -4.3 3.1 6 0.2 0 -999.9 -999.9 365
sta4 2013 1 18 18 -4.3 -1.7 1.9 0.2 0 -999.9 -999.9 365
sta4 2013 1 19 19 -2.5 -0.9 2.5 0.2 0 -999.9 -999.9 365
sta4 2013 1 20 20 -3.8 0.8 3 0.1 0.5 -999.9 -999.9 365
sta4 2013 1 21 21 -3.4 1.6 3.2 0 0 -999.9 -999.9 365
sta4 2013 1 22 22 -0.6 2.3 2.2 0 2 -999.9 -999.9 365
sta4 2013 1 23 23 1.5 3.6 1.8 0.2 0.2 -999.9 -999.9 365
sta4 2013 1 24 24 -1 2.1 1.7 0.2 0 -999.9 -999.9 365
sta4 2013 1 25 25 -4.8 0.2 1.9 0.2 0 -999.9 -999.9 365
sta4 2013 1 26 26 -1.8 8.2 5.1 0.1 0.2 -999.9 -999.9 365
sta4 2013 1 27 27 1.5 11.6 4.1 0.7 4.2 -999.9 -999.9 365
sta4 2013 1 28 28 1.6 11.1 5.2 0.4 5 -999.9 -999.9 365
sta4 2013 1 29 29 9 14.6 1.8 0.5 1.4 -999.9 -999.9 365
sta4 2013 1 30 30 9.8 14.4 5.1 1.3 3.6 -999.9 -999.9 365
sta4 2013 1 31 31 3.7 11.9 3.9 0.6 2.8 -999.9 -999.9 365
sta4 2013 2 1 32 6.1 10.3 1.6 0.5 1.8 -999.9 -999.9 365
sta4 2013 2 2 33 3.8 6.4 5.5 0.7 1 -999.9 -999.9 365
sta4 2013 2 3 34 0.1 9.2 2.8 0.6 1 -999.9 -999.9 365
sta4 2013 2 4 35 5.8 11.3 2.7 0.8 5 -999.9 -999.9 365
sta4 2013 2 5 36 1.6 6.1 3.8 0.5 5 -999.9 -999.9 365
sta4 2013 2 6 37 2.1 6.6 5.2 0.6 3.5 -999.9 -999.9 365
sta4 2013 2 7 38 1.9 6.8 6.7 0.8 1 -999.9 -999.9 365
sta4 2013 2 8 39 0.1 6.4 6.6 0.4 0 -999.9 -999.9 365
sta4 2013 2 9 40 0.7 3.3 3.1 0.3 0 -999.9 -999.9 365
sta4 2013 2 10 41 0.8 5 1.6 0.3 14 -999.9 -999.9 365
sta4 2013 2 11 42 2.7 10.3 8.3 0.6 0 -999.9 -999.9 365
sta4 2013 2 12 43 1.7 3.4 2 0.4 0 -999.9 -999.9 365
sta4 2013 2 13 44 -1.6 2.3 4.1 0.7 0 -999.9 -999.9 365
sta4 2013 2 14 45 -0.1 10.5 3.6 0.5 6 -999.9 -999.9 365
sta4 2013 2 15 46 4.6 10.2 7.2 0.6 0 -999.9 -999.9 365
sta4 2013 2 16 47 -3.2 10.6 9.3 0.5 0 -999.9 -999.9 365
sta4 2013 2 17 48 -2 8.8 9.7 0.7 0 -999.9 -999.9 365
sta4 2013 2 18 49 -2 8.4 11.3 0.7 0 -999.9 -999.9 365
sta4 2013 2 19 50 -4.1 9.2 11.3 0.5 0 -999.9 -999.9 365
sta4 2013 2 20 51 -2.5 7.5 8.3 0.8 0 -999.9 -999.9 365
sta4 2013 2 21 52 -2.6 2.9 10.3 1 0 -999.9 -999.9 365
sta4 2013 2 22 53 -3.5 -0.3 5.6 0.9 0 -999.9 -999.9 365
sta4 2013 2 23 54 -3.2 2.1 8.7 1.2 0 -999.9 -999.9 365
sta4 2013 2 24 55 -1.9 2.9 5.2 0.4 0 -999.9 -999.9 365
sta4 2013 2 25 56 0.4 2.5 1.9 0.1 8 -999.9 -999.9 365
sta4 2013 2 26 57 0.9 5 5.1 0.7 0 -999.9 -999.9 365
sta4 2013 2 27 58 1.5 3.6 1.6 0.2 0 -999.9 -999.9 365
sta4 2013 2 28 59 0.4 1.8 1.6 0.2 0 -999.9 -999.9 365
sta4 2013 3 1 60 0.5 4 2.4 0.4 0 -999.9 -999.9 365
sta4 2013 3 2 61 0.9 3.1 4.1 0.8 0 -999.9 -999.9 365
sta4 2013 3 3 62 0 7 11.8 1.1 0 -999.9 -999.9 365
sta4 2013 3 4 63 -0.7 12.6 13.3 1.3 0 -999.9 -999.9 365
sta4 2013 3 5 64 1.6 15.8 10.5 1.6 0 -999.9 -999.9 365
sta4 2013 3 6 65 6.6 15.3 6.9 1.4 3 -999.9 -999.9 365
sta4 2013 3 7 66 9.1 13.3 4.2 0.8 4.5 -999.9 -999.9 365
sta4 2013 3 8 67 8.1 12.2 4.7 0.8 1 -999.9 -999.9 365
sta4 2013 3 9 68 5.3 15.4 12.9 1.3 0 -999.9 -999.9 365
sta4 2013 3 10 69 4.3 6.5 3 0.6 3 -999.9 -999.9 365
sta4 2013 3 11 70 -1.7 -0.2 2.6 0.1 7 -999.9 -999.9 365
sta4 2013 3 12 71 -3.3 -1.9 4.5 0.5 5 -999.9 -999.9 365
sta4 2013 3 13 72 -8.3 4.5 11.8 0.5 0 -999.9 -999.9 365
sta4 2013 3 14 73 -3.4 5.4 15.2 1 0 -999.9 -999.9 365
sta4 2013 3 15 74 -4.5 7.6 12.8 1.1 0 -999.9 -999.9 365
sta4 2013 3 16 75 3.8 8.4 6.1 1.5 0.5 -999.9 -999.9 365
sta4 2013 3 17 76 2.8 10.8 9.3 1.6 3.5 -999.9 -999.9 365
sta4 2013 3 18 77 0.5 6.4 4.3 0.5 10 -999.9 -999.9 365
sta4 2013 3 19 78 2.3 10.1 8.7 1.1 4.5 -999.9 -999.9 365
sta4 2013 3 20 79 2.9 9.2 10.5 1.3 0.5 -999.9 -999.9 365
sta4 2013 3 21 80 -1.2 8.3 6.1 0.6 2.5 -999.9 -999.9 365
sta4 2013 3 22 81 4.3 13.1 10.1 1.9 0 -999.9 -999.9 365
sta4 2013 3 23 82 6.3 13.1 7.7 1.4 0 -999.9 -999.9 365
sta4 2013 3 24 83 3 4.3 3.3 0.6 0 -999.9 -999.9 365
sta4 2013 3 25 84 0.6 6.8 12.2 1.7 0 -999.9 -999.9 365
sta4 2013 3 26 85 1.4 5.2 6.9 1.3 0 -999.9 -999.9 365
sta4 2013 3 27 86 1.3 6.5 9.3 1.6 0 -999.9 -999.9 365
sta4 2013 3 28 87 1.6 7.4 11 1.5 0 -999.9 -999.9 365
sta4 2013 3 29 88 -5 6.4 17.3 1.6 0 -999.9 -999.9 365
sta4 2013 3 30 89 0.1 6.3 9.4 1.8 0 -999.9 -999.9 365
sta4 2013 3 31 90 -2.6 6 16.2 1.6 0 -999.9 -999.9 365
sta4 2013 4 1 91 -1.6 8.3 20 2.4 0 -999.9 -999.9 365
sta4 2013 4 2 92 -1.2 9.5 20.6 2.6 0 -999.9 -999.9 365
sta4 2013 4 3 93 -0.9 8.4 16 1.9 0 -999.9 -999.9 365
sta4 2013 4 4 94 0.4 7.7 9.4 1.8 3 -999.9 -999.9 365
sta4 2013 4 5 95 0.5 4.4 5.1 0.8 9.5 -999.9 -999.9 365
sta4 2013 4 6 96 1.5 7.7 9.7 1.5 0 -999.9 -999.9 365
sta4 2013 4 7 97 -3.2 10.4 18.4 1.7 0 -999.9 -999.9 365
sta4 2013 4 8 98 3.9 10.5 8.7 1.5 3 -999.9 -999.9 365
sta4 2013 4 9 99 5.5 12.1 10.7 1.4 6 -999.9 -999.9 365
sta4 2013 4 10 100 6.7 12.3 7.3 1.3 5 -999.9 -999.9 365
sta4 2013 4 11 101 9.6 16.1 10.6 2.5 4.2 -999.9 -999.9 365
sta4 2013 4 12 102 8.1 14.2 13 2.4 3 -999.9 -999.9 365
sta4 2013 4 13 103 5.2 13.3 7.3 0.9 2.5 -999.9 -999.9 365
sta4 2013 4 14 104 11.9 25.1 20.7 4.7 0 -999.9 -999.9 365
sta4 2013 4 15 105 8.6 19.5 17.7 3.2 0.5 -999.9 -999.9 365
sta4 2013 4 16 106 8.6 16.8 9.9 1.9 0.5 -999.9 -999.9 365
sta4 2013 4 17 107 10.9 23.4 18.5 3.9 0 -999.9 -999.9 365
sta4 2013 4 18 108 9 16.5 19.7 3.7 0 -999.9 -999.9 365
sta4 2013 4 19 109 5.2 12.5 14.2 2.2 0 -999.9 -999.9 365
sta4 2013 4 20 110 2.4 13.2 24 2.9 0.5 -999.9 -999.9 365
sta4 2013 4 21 111 -0.4 14 23.8 2.6 0 -999.9 -999.9 365
sta4 2013 4 22 112 0.2 15.6 16.7 2.1 0 -999.9 -999.9 365
sta4 2013 4 23 113 4.3 18.4 15.2 2.3 0 -999.9 -999.9 365
sta4 2013 4 24 114 3 22.5 24 3 0 -999.9 -999.9 365
sta4 2013 4 25 115 5.8 26.6 23.7 3.7 0 -999.9 -999.9 365
sta4 2013 4 26 116 7.7 11.9 6.9 1.6 0 -999.9 -999.9 365
sta4 2013 4 27 117 4.3 10.7 15.5 2.2 1 -999.9 -999.9 365
sta4 2013 4 28 118 2 12.2 19.6 2.4 0 -999.9 -999.9 365
sta4 2013 4 29 119 -2 14.4 17.9 2.6 0 -999.9 -999.9 365
sta4 2013 4 30 120 1.6 16 18.2 2.8 0 -999.9 -999.9 365
sta4 2013 5 1 121 5 14.1 7.3 1.3 7 -999.9 -999.9 365
sta4 2013 5 2 122 7.4 13.5 7.7 1.2 0 -999.9 -999.9 365
sta4 2013 5 3 123 5.1 17.4 24.2 3.8 0 -999.9 -999.9 365
sta4 2013 5 4 124 2.8 16 15.4 2.1 0 -999.9 -999.9 365
sta4 2013 5 5 125 8.8 17.2 20.2 3 0 -999.9 -999.9 365
sta4 2013 5 6 126 2 21 24.9 3.2 0 -999.9 -999.9 365
sta4 2013 5 7 127 4.5 22.6 24 3.6 3.5 -999.9 -999.9 365
sta4 2013 5 8 128 9.4 20.7 14.2 2.9 4 -999.9 -999.9 365
sta4 2013 5 9 129 5.5 17 21.1 3.6 0 -999.9 -999.9 365
sta4 2013 5 10 130 9.8 16.1 9.7 2.3 0 -999.9 -999.9 365
sta4 2013 5 11 131 9.2 15.3 16.5 3.1 1 -999.9 -999.9 365
sta4 2013 5 12 132 6.6 15.5 18.9 3.1 1.5 -999.9 -999.9 365
sta4 2013 5 13 133 10.4 16.7 15.7 3.3 0 -999.9 -999.9 365
sta4 2013 5 14 134 8 13 9.2 2 1 -999.9 -999.9 365
sta4 2013 5 15 135 5.9 15.5 18.9 3.1 2 -999.9 -999.9 365
sta4 2013 5 16 136 3.9 17.5 19.7 2.8 13 -999.9 -999.9 365
sta4 2013 5 17 137 2.3 16.3 15.3 2.1 0 -999.9 -999.9 365
sta4 2013 5 18 138 5.2 14.9 17.2 2.2 11.5 -999.9 -999.9 365
sta4 2013 5 19 139 9 14.2 7.5 1.3 7 -999.9 -999.9 365
sta4 2013 5 20 140 9.5 13.4 2.4 0.5 13.5 -999.9 -999.9 365
sta4 2013 5 21 141 10.8 13.5 5.6 1.1 0 -999.9 -999.9 365
sta4 2013 5 22 142 7.6 15.5 18 2.7 0 -999.9 -999.9 365
sta4 2013 5 23 143 5.1 12 19.6 3 1.5 -999.9 -999.9 365
sta4 2013 5 24 144 2.7 9.9 11 1.3 15 -999.9 -999.9 365
sta4 2013 5 25 145 4.9 14.3 20.1 2.8 0 -999.9 -999.9 365
sta4 2013 5 26 146 4.1 18.1 23.7 3.4 0 -999.9 -999.9 365
sta4 2013 5 27 147 2 19.5 25.4 3.4 3.5 -999.9 -999.9 365
sta4 2013 5 28 148 10.1 14.7 13.8 2.6 4.5 -999.9 -999.9 365
sta4 2013 5 29 149 2.2 17 18.5 2.7 0 -999.9 -999.9 365
sta4 2013 5 30 150 9.8 16.2 10.2 1.9 2 -999.9 -999.9 365
sta4 2013 5 31 151 10.3 17.3 15 2.7 0 -999.9 -999.9 365
sta4 2013 6 1 152 10.1 19 23.2 3.7 0 -999.9 -999.9 365
sta4 2013 6 2 153 8 18.2 21.5 3.3 0 -999.9 -999.9 365
sta4 2013 6 3 154 6.1 17.1 17.6 2.7 0 -999.9 -999.9 365
sta4 2013 6 4 155 6.2 18.5 29.2 3.9 0 -999.9 -999.9 365
sta4 2013 6 5 156 7.5 23.2 26.2 4.1 0 -999.9 -999.9 365
sta4 2013 6 6 157 11.3 26.9 24.9 4.7 0 -999.9 -999.9 365
sta4 2013 6 7 158 14.9 27.4 28 5.9 0 -999.9 -999.9 365
sta4 2013 6 8 159 13.8 23.9 24.6 4.7 0 -999.9 -999.9 365
sta4 2013 6 9 160 11.1 15 4.5 1.2 0 -999.9 -999.9 365
sta4 2013 6 10 161 9 20.6 21.2 3.3 0 -999.9 -999.9 365
sta4 2013 6 11 162 9.6 20.6 10.8 2 0.5 -999.9 -999.9 365
sta4 2013 6 12 163 15.2 21.4 11.7 2.7 0 -999.9 -999.9 365
sta4 2013 6 13 164 13.5 18 9.6 2.5 3 -999.9 -999.9 365
sta4 2013 6 14 165 4.5 20.9 22.7 3.5 0 -999.9 -999.9 365
sta4 2013 6 15 166 11 19.2 22.8 4.2 0 -999.9 -999.9 365
sta4 2013 6 16 167 7.8 21.4 20.3 3.6 1 -999.9 -999.9 365
sta4 2013 6 17 168 12.9 25.8 17 3.5 3.5 -999.9 -999.9 365
sta4 2013 6 18 169 16.1 23.6 15.5 3.3 3 -999.9 -999.9 365
sta4 2013 6 19 170 13.6 24.3 14 2.8 2.6 -999.9 -999.9 365
sta4 2013 6 20 171 14 24.1 18.5 3.7 1.6 -999.9 -999.9 365
sta4 2013 6 21 172 13.5 20.7 12.2 2.6 1 -999.9 -999.9 365
sta4 2013 6 22 173 13.6 19.3 10.3 2.3 2.8 -999.9 -999.9 365
sta4 2013 6 23 174 11.4 16.4 11.8 2.6 3.6 -999.9 -999.9 365
sta4 2013 6 24 175 10.5 17.4 22.9 4.1 0.2 -999.9 -999.9 365
sta4 2013 6 25 176 5.2 18.7 17.7 2.8 0 -999.9 -999.9 365
sta4 2013 6 26 177 3.3 20.7 21.9 3.3 0 -999.9 -999.9 365
sta4 2013 6 27 178 9.4 21.1 22.5 3.7 1.5 -999.9 -999.9 365
sta4 2013 6 28 179 11.7 18.7 9.1 1.8 1 -999.9 -999.9 365
sta4 2013 6 29 180 13.5 19.9 21.3 4.1 0.5 -999.9 -999.9 365
sta4 2013 6 30 181 6.7 24.2 23.3 3.6 0 -999.9 -999.9 365
sta4 2013 7 1 182 10 21.6 19.3 3.4 0 -999.9 -999.9 365
sta4 2013 7 2 183 7.8 23.5 13.9 2.4 3 -999.9 -999.9 365
sta4 2013 7 3 184 14.3 18.9 9 2.3 0 -999.9 -999.9 365
sta4 2013 7 4 185 13.5 23.8 12.4 2.8 0 -999.9 -999.9 365
sta4 2013 7 5 186 14.8 24.1 28.2 4.8 0 -999.9 -999.9 365
sta4 2013 7 6 187 9.6 27.2 26.3 4.3 0 -999.9 -999.9 365
sta4 2013 7 7 188 15.7 28.8 25.7 5.2 0 -999.9 -999.9 365
sta4 2013 7 8 189 14.4 28.2 28.4 5.6 0 -999.9 -999.9 365
sta4 2013 7 9 190 15 28.4 27.5 5.6 0 -999.9 -999.9 365
sta4 2013 7 10 191 12.5 26.4 27.2 5.3 0 -999.9 -999.9 365
sta4 2013 7 11 192 11.8 22.1 25.5 4.8 0 -999.9 -999.9 365
sta4 2013 7 12 193 9.3 24.4 27 4.4 0 -999.9 -999.9 365
sta4 2013 7 13 194 10.8 26.1 25.8 4.4 0 -999.9 -999.9 365
sta4 2013 7 14 195 10.3 30.1 27.2 4.9 0 -999.9 -999.9 365
sta4 2013 7 15 196 13.4 29.4 23.3 4.6 0 -999.9 -999.9 365
sta4 2013 7 16 197 16.2 27.7 20.2 4.8 0 -999.9 -999.9 365
sta4 2013 7 17 198 16.5 29.9 24.5 5.5 0 -999.9 -999.9 365
sta4 2013 7 18 199 14.4 29.8 23.7 5.4 0 -999.9 -999.9 365
sta4 2013 7 19 200 16 30.4 26.6 6.4 0 -999.9 -999.9 365
sta4 2013 7 20 201 17.7 29.6 26.8 6.4 0 -999.9 -999.9 365
sta4 2013 7 21 202 16.1 33.5 22.2 5.6 0 -999.9 -999.9 365
sta4 2013 7 22 203 18.7 33.1 18.6 5.4 7.5 -999.9 -999.9 365
sta4 2013 7 23 204 19.2 28.7 15.3 3.9 6.5 -999.9 -999.9 365
sta4 2013 7 24 205 15.8 28.6 17.4 3.7 6 -999.9 -999.9 365
sta4 2013 7 25 206 15.9 28.6 17.6 4 1.5 -999.9 -999.9 365
sta4 2013 7 26 207 19.2 28.8 15.9 3.7 14 -999.9 -999.9 365
sta4 2013 7 27 208 16 28.1 17.9 4.1 29.5 -999.9 -999.9 365
sta4 2013 7 28 209 13.3 26.1 23.8 4.7 0 -999.9 -999.9 365
sta4 2013 7 29 210 14.4 25.4 16.5 3.7 5 -999.9 -999.9 365
sta4 2013 7 30 211 14.2 22.5 8.5 2 2.5 -999.9 -999.9 365
sta4 2013 7 31 212 16.7 27.3 19.9 4.2 0 -999.9 -999.9 365
sta4 2013 8 1 213 15.4 35.7 25.7 6.6 0 -999.9 -999.9 365
sta4 2013 8 2 214 16 29.9 19.7 4.7 0 -999.9 -999.9 365
sta4 2013 8 3 215 15.6 25.6 19.7 4.7 0 -999.9 -999.9 365
sta4 2013 8 4 216 9.8 26.7 24.9 4.5 0 -999.9 -999.9 365
sta4 2013 8 5 217 10.3 27.9 18.7 4.2 0 -999.9 -999.9 365
sta4 2013 8 6 218 13.6 24.8 15.7 3.4 0 -999.9 -999.9 365
sta4 2013 8 7 219 15.5 20.5 8.8 2.1 10.5 -999.9 -999.9 365
sta4 2013 8 8 220 13 23.9 22.2 4.1 0 -999.9 -999.9 365
sta4 2013 8 9 221 10.4 23.2 16.5 3.4 0 -999.9 -999.9 365
sta4 2013 8 10 222 11.2 21.6 20.3 3.7 0 -999.9 -999.9 365
sta4 2013 8 11 223 8.1 24.1 15 2.7 0 -999.9 -999.9 365
sta4 2013 8 12 224 14.4 21.1 17.9 3.6 0 -999.9 -999.9 365
sta4 2013 8 13 225 9.8 21.1 20.1 3.5 0 -999.9 -999.9 365
sta4 2013 8 14 226 8.2 25.3 23.1 3.5 0 -999.9 -999.9 365
sta4 2013 8 15 227 9.2 28.1 20.1 3.6 0 -999.9 -999.9 365
sta4 2013 8 16 228 10.5 27.7 15.3 3.4 0 -999.9 -999.9 365
sta4 2013 8 17 229 11.8 27.3 18.8 3.9 3.5 -999.9 -999.9 365
sta4 2013 8 18 230 17.2 24 11.8 2.9 4.5 -999.9 -999.9 365
sta4 2013 8 19 231 12.9 21.8 18.7 3.6 0 -999.9 -999.9 365
sta4 2013 8 20 232 5.7 24 21.9 3.3 0 -999.9 -999.9 365
sta4 2013 8 21 233 6.6 26.8 21.9 3.7 0 -999.9 -999.9 365
sta4 2013 8 22 234 14.3 28 20.6 4.8 0 -999.9 -999.9 365
sta4 2013 8 23 235 12.7 31.5 20.7 4.8 3 -999.9 -999.9 365
sta4 2013 8 24 236 15.1 19.7 8.2 2.3 9 -999.9 -999.9 365
sta4 2013 8 25 237 11.8 17.7 4.1 0.9 3 -999.9 -999.9 365
sta4 2013 8 26 238 12.1 23.7 16 2.9 0 -999.9 -999.9 365
sta4 2013 8 27 239 13.7 22.2 12.1 2.7 0 -999.9 -999.9 365
sta4 2013 8 28 240 11.4 24.4 18.8 3.4 0 -999.9 -999.9 365
sta4 2013 8 29 241 7 24.9 20.9 3.2 0 -999.9 -999.9 365
sta4 2013 8 30 242 6.6 24.4 18.6 2.7 0 -999.9 -999.9 365
sta4 2013 8 31 243 13.6 23.9 10.8 2.7 0 -999.9 -999.9 365
sta4 2013 9 1 244 6.1 21.2 19.2 2.7 0 -999.9 -999.9 365
sta4 2013 9 2 245 7.5 22.7 19.8 3 0 -999.9 -999.9 365
sta4 2013 9 3 246 7.9 26.4 17.7 2.8 0 -999.9 -999.9 365
sta4 2013 9 4 247 8 30.9 20 3.7 0 -999.9 -999.9 365
sta4 2013 9 5 248 11.7 33.6 19.5 4.3 0 -999.9 -999.9 365
sta4 2013 9 6 249 12.3 17 5.9 1.4 1.5 -999.9 -999.9 365
sta4 2013 9 7 250 6.2 21.2 19.5 3.3 0 -999.9 -999.9 365
sta4 2013 9 8 251 5 21.1 15.3 2.4 0 -999.9 -999.9 365
sta4 2013 9 9 252 6.6 18.3 5 0.9 17.5 -999.9 -999.9 365
sta4 2013 9 10 253 10.4 18 14.6 2.3 0.5 -999.9 -999.9 365
sta4 2013 9 11 254 11.2 15.3 5.6 1.2 2.5 -999.9 -999.9 365
sta4 2013 9 12 255 12.3 16.3 4.4 0.8 5 -999.9 -999.9 365
sta4 2013 9 13 256 13.4 21.3 6 1.1 3.5 -999.9 -999.9 365
sta4 2013 9 14 257 13 16.4 5.7 1.5 1.5 -999.9 -999.9 365
sta4 2013 9 15 258 9.7 18.4 11.8 2.1 1 -999.9 -999.9 365
sta4 2013 9 16 259 10.1 15.1 12.2 2.1 5 -999.9 -999.9 365
sta4 2013 9 17 260 8.3 16.8 6.1 0.9 9 -999.9 -999.9 365
sta4 2013 9 18 261 13.6 17.1 8.2 1.9 4 -999.9 -999.9 365
sta4 2013 9 19 262 9.9 17.9 9.8 1.6 0 -999.9 -999.9 365
sta4 2013 9 20 263 12.9 19.8 15.8 2.5 2 -999.9 -999.9 365
sta4 2013 9 21 264 5.3 22.2 14.6 1.6 0 -999.9 -999.9 365
sta4 2013 9 22 265 12.2 19.9 4.4 0.8 0 -999.9 -999.9 365
sta4 2013 9 23 266 14.7 23.2 15.8 3 0 -999.9 -999.9 365
sta4 2013 9 24 267 6.9 24.7 16.2 2.1 0 -999.9 -999.9 365
sta4 2013 9 25 268 8.1 26.6 9.6 1.7 1 -999.9 -999.9 365
sta4 2013 9 26 269 12.9 22.1 10.7 1.9 0 -999.9 -999.9 365
sta4 2013 9 27 270 13 23.1 12.8 2.5 1 -999.9 -999.9 365
sta4 2013 9 28 271 15.5 19.1 4.3 1.1 2 -999.9 -999.9 365
sta4 2013 9 29 272 11.2 19.5 4.4 0.6 2.5 -999.9 -999.9 365
sta4 2013 9 30 273 15.2 19.3 5.5 1 0.5 -999.9 -999.9 365
sta4 2013 10 1 274 12.8 18.8 5.8 0.9 1 -999.9 -999.9 365
sta4 2013 10 2 275 15 22.4 9.4 1.7 0 -999.9 -999.9 365
sta4 2013 10 3 276 13.7 21.8 5.5 1 13.5 -999.9 -999.9 365
sta4 2013 10 4 277 16.7 21.6 8.9 1.9 0 -999.9 -999.9 365
sta4 2013 10 5 278 11.7 17.2 6.4 1.2 0.5 -999.9 -999.9 365
sta4 2013 10 6 279 9.3 19.3 6.4 0.8 0.5 -999.9 -999.9 365
sta4 2013 10 7 280 7.2 21.2 11.6 1.2 0 -999.9 -999.9 365
sta4 2013 10 8 281 7.9 18.7 8.6 1 0.5 -999.9 -999.9 365
sta4 2013 10 9 282 8 16.5 4 0.7 0.5 -999.9 -999.9 365
sta4 2013 10 10 283 6.9 11.9 5.1 1.2 1 -999.9 -999.9 365
sta4 2013 10 11 284 7.9 11.3 5.4 1 6.5 -999.9 -999.9 365
sta4 2013 10 12 285 5.6 11.3 4.7 0.8 0 -999.9 -999.9 365
sta4 2013 10 13 286 1.4 11.7 6.7 0.5 0.5 -999.9 -999.9 365
sta4 2013 10 14 287 9.6 12.7 3 0.8 12.5 -999.9 -999.9 365
sta4 2013 10 15 288 8.2 15.2 6.1 0.8 0 -999.9 -999.9 365
sta4 2013 10 16 289 2.8 17.9 3.2 0.4 9 -999.9 -999.9 365
sta4 2013 10 17 290 9 18.9 9.6 1.2 0 -999.9 -999.9 365
sta4 2013 10 18 291 6.3 16.2 6.8 0.6 0.5 -999.9 -999.9 365
sta4 2013 10 19 292 9.5 18.9 3.9 0.5 8 -999.9 -999.9 365
sta4 2013 10 20 293 11.8 18.1 5 1.2 1.5 -999.9 -999.9 365
sta4 2013 10 21 294 12.7 21.2 7.3 1.5 0 -999.9 -999.9 365
sta4 2013 10 22 295 14.4 18.4 2.7 1.1 0 -999.9 -999.9 365
sta4 2013 10 23 296 13.9 19.6 7.2 1.7 4.5 -999.9 -999.9 365
sta4 2013 10 24 297 9.4 17.3 5.9 0.5 1.5 -999.9 -999.9 365
sta4 2013 10 25 298 13.5 17.9 2.4 0.5 0 -999.9 -999.9 365
sta4 2013 10 26 299 13.3 21.1 8.2 1.3 1.5 -999.9 -999.9 365
sta4 2013 10 27 300 12.2 17 6 1.7 8.5 -999.9 -999.9 365
sta4 2013 10 28 301 10.4 16.5 6.5 1.6 4.5 -999.9 -999.9 365
sta4 2013 10 29 302 6.9 14.1 8.2 1.1 0.5 -999.9 -999.9 365
sta4 2013 10 30 303 0.8 15.2 9.2 0.5 0 -999.9 -999.9 365
sta4 2013 10 31 304 4.3 13.3 5 0.3 1 -999.9 -999.9 365
sta4 2013 11 1 305 9.8 14.9 1.5 0.7 22 -999.9 -999.9 365
sta4 2013 11 2 306 9.9 15.5 4.7 0.7 2.5 -999.9 -999.9 365
sta4 2013 11 3 307 6.9 13.7 7.6 1.2 6 -999.9 -999.9 365
sta4 2013 11 4 308 5.2 12.6 3.7 0.6 0.5 -999.9 -999.9 365
sta4 2013 11 5 309 2.6 13.9 2.3 0.3 10 -999.9 -999.9 365
sta4 2013 11 6 310 10.2 15.9 3.4 0.4 0.5 -999.9 -999.9 365
sta4 2013 11 7 311 11.8 16.6 3 0.7 23 -999.9 -999.9 365
sta4 2013 11 8 312 9.4 13.6 3 0.6 3.5 -999.9 -999.9 365
sta4 2013 11 9 313 4.9 10.2 2.7 0.4 17 -999.9 -999.9 365
sta4 2013 11 10 314 4.3 11 7.5 0.5 0.5 -999.9 -999.9 365
sta4 2013 11 11 315 -1.2 9.3 3 0.1 3.5 -999.9 -999.9 365
sta4 2013 11 12 316 6.9 13.4 1.7 0.2 4 -999.9 -999.9 365
sta4 2013 11 13 317 1.3 11.5 7.2 0.2 0.5 -999.9 -999.9 365
sta4 2013 11 14 318 -0.2 11.1 3.7 0.3 5.5 -999.9 -999.9 365
sta4 2013 11 15 319 4.4 10.8 4 0.5 0 -999.9 -999.9 365
sta4 2013 11 16 320 1.8 9.1 5.2 0.1 0 -999.9 -999.9 365
sta4 2013 11 17 321 3.3 8.5 4.8 0.2 0 -999.9 -999.9 365
sta4 2013 11 18 322 3.4 6.8 1.5 0.4 0.5 -999.9 -999.9 365
sta4 2013 11 19 323 3.3 9 5.3 0.4 0.5 -999.9 -999.9 365
sta4 2013 11 20 324 -1.2 5.7 2.4 0.2 11.5 -999.9 -999.9 365
sta4 2013 11 21 325 1.8 4.5 2.1 0.2 0 -999.9 -999.9 365
sta4 2013 11 22 326 0.6 6.5 3.8 0.3 0 -999.9 -999.9 365
sta4 2013 11 23 327 3.4 8.8 5.5 0.4 0 -999.9 -999.9 365
sta4 2013 11 24 328 1.7 9.4 2.2 0.1 0 -999.9 -999.9 365
sta4 2013 11 25 329 4.3 7.9 2.9 0.3 0 -999.9 -999.9 365
sta4 2013 11 26 330 3.6 8.9 4.2 0.2 0 -999.9 -999.9 365
sta4 2013 11 27 331 -1.6 7.6 3.7 0.1 0 -999.9 -999.9 365
sta4 2013 11 28 332 -1.1 6.6 1.5 0 0 -999.9 -999.9 365
sta4 2013 11 29 333 5.5 9.6 1.3 0.1 0.5 -999.9 -999.9 365
sta4 2013 11 30 334 5 8.4 2.7 0.3 0 -999.9 -999.9 365
sta4 2013 12 1 335 4 9.9 4.2 0.2 0 -999.9 -999.9 365
sta4 2013 12 2 336 2.8 8.6 2.9 0.2 0 -999.9 -999.9 365
sta4 2013 12 3 337 -2.6 5.2 3.2 0.1 0 -999.9 -999.9 365
sta4 2013 12 4 338 0.4 8.5 1.6 0 0 -999.9 -999.9 365
sta4 2013 12 5 339 -2.6 8.7 5.6 0 2 -999.9 -999.9 365
sta4 2013 12 6 340 1.3 8.6 3.9 0.3 0.5 -999.9 -999.9 365
sta4 2013 12 7 341 2.1 8.3 1.6 0 0 -999.9 -999.9 365
sta4 2013 12 8 342 0.8 10.7 4.7 0.3 0 -999.9 -999.9 365
sta4 2013 12 9 343 -2.9 8.5 5.4 0.2 0 -999.9 -999.9 365
sta4 2013 12 10 344 -3.5 6.7 5.6 0.2 0 -999.9 -999.9 365
sta4 2013 12 11 345 -3 5.9 6.1 0.3 0.5 -999.9 -999.9 365
sta4 2013 12 12 346 -1.8 4.6 3.5 0.1 0 -999.9 -999.9 365
sta4 2013 12 13 347 -2.2 7.6 2.2 0 4 -999.9 -999.9 365
sta4 2013 12 14 348 2.7 11.1 4.2 0.2 0 -999.9 -999.9 365
sta4 2013 12 15 349 6.1 12.6 4.2 0.5 0 -999.9 -999.9 365
sta4 2013 12 16 350 4.8 14 4.5 0.5 0 -999.9 -999.9 365
sta4 2013 12 17 351 2.7 9.9 2.7 0.2 0 -999.9 -999.9 365
sta4 2013 12 18 352 4.4 10.3 3.2 0.2 2.5 -999.9 -999.9 365
sta4 2013 12 19 353 3.4 9.2 4.1 0.2 2 -999.9 -999.9 365
sta4 2013 12 20 354 0.2 9.3 4.8 0.2 0 -999.9 -999.9 365
sta4 2013 12 21 355 4.4 9.9 1.7 0.7 1 -999.9 -999.9 365
sta4 2013 12 22 356 7.3 12.3 1.9 0.6 1.5 -999.9 -999.9 365
sta4 2013 12 23 357 5.5 12.2 1.4 0.7 1.5 -999.9 -999.9 365
sta4 2013 12 24 358 8.5 11.9 0.6 0.8 13.5 -999.9 -999.9 365
sta4 2013 12 25 359 4.3 9.4 3.3 0.3 2.5 -999.9 -999.9 365
sta4 2013 12 26 360 2.4 10.1 4.7 0.3 4 -999.9 -999.9 365
sta4 2013 12 27 361 3.7 11.9 1.1 0 25.5 -999.9 -999.9 365
sta4 2013 12 28 362 3.6 8.4 2.1 0.2 3.5 -999.9 -999.9 365
sta4 2013 12 29 363 2.5 9 4.5 0.2 0 -999.9 -999.9 365
sta4 2013 12 30 364 2.3 8.1 1.3 0.1 2 -999.9 -999.9 365
sta4 2013 12 31 365 5.9 9.2 1.5 0.5 2.5 -999.9 -999.9 365
