sta1 2014 1 1 1 4.5 10.6 1.3 0.6 2 -999.9 -999.9 365
sta1 2014 1 2 2 5.6 10.6 4.1 0.4 0.8 -999.9 -999.9 365
sta1 2014 1 3 3 6.1 13.2 3.4 1.1 0.6 -999.9 -999.9 365
sta1 2014 1 4 4 6.3 11.2 3.2 0.8 1.8 -999.9 -999.9 365
sta1 2014 1 5 5 1.8 11.8 3.2 0.7 0 -999.9 -999.9 365
sta1 2014 1 6 6 6.9 13 1.8 0.3 0 -999.9 -999.9 365
sta1 2014 1 7 7 8.6 13.3 3 1.2 0.8 -999.9 -999.9 365
sta1 2014 1 8 8 4.9 11.3 3.8 0 0.8 -999.9 -999.9 365
sta1 2014 1 9 9 7.3 11.5 0.9 0.7 0.6 -999.9 -999.9 365
sta1 2014 1 10 10 1.9 5.3 1.2 0 0 -999.9 -999.9 365
sta1 2014 1 11 11 3.6 9.6 4 0.6 0 -999.9 -999.9 365
sta1 2014 1 12 12 -1.8 7.9 1.5 0.3 0.2 -999.9 -999.9 365
sta1 2014 1 13 13 4.1 9.4 3.9 0.5 2 -999.9 -999.9 365
sta1 2014 1 14 14 3.5 7.6 3.3 0.5 4.8 -999.9 -999.9 365
sta1 2014 1 15 15 1 8.7 0.9 0 2 -999.9 -999.9 365
sta1 2014 1 16 16 7 9.7 2.1 0.5 6 -999.9 -999.9 365
sta1 2014 1 17 17 6.6 9.8 3 1.1 0.8 -999.9 -999.9 365
sta1 2014 1 18 18 2.9 9 5 0.5 0 -999.9 -999.9 365
sta1 2014 1 19 19 5.2 9 1.8 0.3 0 -999.9 -999.9 365
sta1 2014 1 20 20 3.4 7.3 1.9 0.2 0.2 -999.9 -999.9 365
sta1 2014 1 21 21 1.7 4.3 1.4 0.1 0 -999.9 -999.9 365
sta1 2014 1 22 22 1.2 6.6 4.4 0.6 2.6 -999.9 -999.9 365
sta1 2014 1 23 23 2.9 8.3 2.6 0.5 5.6 -999.9 -999.9 365
sta1 2014 1 24 24 -0.6 7.1 6.9 0.4 0.4 -999.9 -999.9 365
sta1 2014 1 25 25 0.5 8.5 2.6 0.6 1.4 -999.9 -999.9 365
sta1 2014 1 26 26 1.3 9 1.4 0.5 10.1 -999.9 -999.9 365
sta1 2014 1 27 27 1.7 6 2.2 0.6 5 -999.9 -999.9 365
sta1 2014 1 28 28 2 5.6 1.1 0.1 2 -999.9 -999.9 365
sta1 2014 1 29 29 2.4 4.5 2.6 0.4 1.6 -999.9 -999.9 365
sta1 2014 1 30 30 3.3 6.3 2.3 0.3 0.2 -999.9 -999.9 365
sta1 2014 1 31 31 -0.5 7.8 5.6 0.5 11.5 -999.9 -999.9 365
sta1 2014 2 1 32 4.6 8.2 3.2 0.8 1.8 -999.9 -999.9 365
sta1 2014 2 2 33 1.4 8.8 8.1 0.7 0 -999.9 -999.9 365
sta1 2014 2 3 34 -0.2 7.1 8 0.5 0 -999.9 -999.9 365
sta1 2014 2 4 35 1.5 8.4 6.1 0.6 1.6 -999.9 -999.9 365
sta1 2014 2 5 36 4.2 10.1 4.5 1.2 0 -999.9 -999.9 365
sta1 2014 2 6 37 4.9 12.6 1.9 1.6 4 -999.9 -999.9 365
sta1 2014 2 7 38 4.9 10.2 4.8 1.2 5.8 -999.9 -999.9 365
sta1 2014 2 8 39 4.1 9.2 2.6 0.7 2.2 -999.9 -999.9 365
sta1 2014 2 9 40 4.5 8.7 6.2 1.8 0 -999.9 -999.9 365
sta1 2014 2 10 41 3.2 7.1 4.3 0.7 0 -999.9 -999.9 365
sta1 2014 2 11 42 2.6 7.9 4.8 0.6 2.4 -999.9 -999.9 365
sta1 2014 2 12 43 1.3 8.7 7.2 0.7 4 -999.9 -999.9 365
sta1 2014 2 13 44 4.2 7.7 3 0.8 4.6 -999.9 -999.9 365
sta1 2014 2 14 45 2 13.3 1.3 0.9 2 -999.9 -999.9 365
sta1 2014 2 15 46 8.5 10.8 6 2.4 0 -999.9 -999.9 365
sta1 2014 2 16 47 5.4 11.2 8.2 1.5 0.2 -999.9 -999.9 365
sta1 2014 2 17 48 2.9 10 7 0.8 0 -999.9 -999.9 365
sta1 2014 2 18 49 2.7 7.9 3 0.4 0.8 -999.9 -999.9 365
sta1 2014 2 19 50 3 9.5 3.1 0.2 1.4 -999.9 -999.9 365
sta1 2014 2 20 51 5.5 10.8 1.6 0 3.2 -999.9 -999.9 365
sta1 2014 2 21 52 5.4 9.9 8.8 1.5 2 -999.9 -999.9 365
sta1 2014 2 22 53 3.4 9.9 6.4 1 0.6 -999.9 -999.9 365
sta1 2014 2 23 54 2.1 13.1 9.3 1.1 0 -999.9 -999.9 365
sta1 2014 2 24 55 3.2 13.5 10.6 1.2 0 -999.9 -999.9 365
sta1 2014 2 25 56 7.3 12.7 4.3 1.7 1.2 -999.9 -999.9 365
sta1 2014 2 26 57 2.1 10 9.7 0.6 0 -999.9 -999.9 365
sta1 2014 2 27 58 1.3 8.7 2.8 0.3 5 -999.9 -999.9 365
sta1 2014 2 28 59 2.6 6.2 2.2 0.1 6 -999.9 -999.9 365
sta1 2014 3 1 60 0.4 7.4 2.3 0.3 3.4 -999.9 -999.9 365
sta1 2014 3 2 61 -1.9 10.1 11.3 1.1 4.6 -999.9 -999.9 365
sta1 2014 3 3 62 4.7 9.4 8.3 1.2 8.4 -999.9 -999.9 365
sta1 2014 3 4 63 0.2 10.7 8.1 0.7 0 -999.9 -999.9 365
sta1 2014 3 5 64 -1 12.3 12.9 0.8 0.2 -999.9 -999.9 365
sta1 2014 3 6 65 -0.5 13.7 14.1 1.1 0 -999.9 -999.9 365
sta1 2014 3 7 66 1.1 13.1 10.5 1.1 0.2 -999.9 -999.9 365
sta1 2014 3 8 67 1.1 16.9 15 1.7 0 -999.9 -999.9 365
sta1 2014 3 9 68 3.7 18.9 15.6 2.2 0 -999.9 -999.9 365
sta1 2014 3 10 69 2.7 18.5 15.3 1.9 0 -999.9 -999.9 365
sta1 2014 3 11 70 7.2 13.5 14.6 1.7 0 -999.9 -999.9 365
sta1 2014 3 12 71 5.1 17.8 15.6 2.1 0 -999.9 -999.9 365
sta1 2014 3 13 72 3.2 18.3 15.5 1.7 0.2 -999.9 -999.9 365
sta1 2014 3 14 73 3.5 16 13.5 1.7 0 -999.9 -999.9 365
sta1 2014 3 15 74 5.9 12.2 6.9 1.3 0.2 -999.9 -999.9 365
sta1 2014 3 16 75 5 16.4 16.9 1.9 0 -999.9 -999.9 365
sta1 2014 3 17 76 5.7 9.7 2.4 0.1 0 -999.9 -999.9 365
sta1 2014 3 18 77 7.6 10.9 4.3 1.1 0.4 -999.9 -999.9 365
sta1 2014 3 19 78 5.5 15.1 13.7 1.8 0 -999.9 -999.9 365
sta1 2014 3 20 79 2.5 19.7 18 2.6 0 -999.9 -999.9 365
sta1 2014 3 21 80 7.1 12.3 8.8 2 1 -999.9 -999.9 365
sta1 2014 3 22 81 3.5 11.6 10.2 1.8 2.8 -999.9 -999.9 365
sta1 2014 3 23 82 2 9.5 12.4 1.6 2 -999.9 -999.9 365
sta1 2014 3 24 83 0.4 11.4 16.3 1.7 0 -999.9 -999.9 365
sta1 2014 3 25 84 0.5 10.1 9 1.5 0 -999.9 -999.9 365
sta1 2014 3 26 85 1.4 10.7 15.8 1.9 0 -999.9 -999.9 365
sta1 2014 3 27 86 -1.1 13.3 16.9 1.8 0 -999.9 -999.9 365
sta1 2014 3 28 87 0.3 15.6 16.4 1.9 0 -999.9 -999.9 365
sta1 2014 3 29 88 3.9 19.9 18.7 3.3 0 -999.9 -999.9 365
sta1 2014 3 30 89 6.9 19.2 11.6 2.8 0 -999.9 -999.9 365
sta1 2014 3 31 90 6.4 21.2 15.6 2.9 0 -999.9 -999.9 365
sta1 2014 4 1 91 6.7 20.5 18.2 2.5 0 -999.9 -999.9 365
sta1 2014 4 2 92 8.1 21.5 17.6 3.2 0 -999.9 -999.9 365
sta1 2014 4 3 93 10 19.3 11.5 2.9 0 -999.9 -999.9 365
sta1 2014 4 4 94 9.8 13.5 5.2 1.2 0 -999.9 -999.9 365
sta1 2014 4 5 95 4.9 18.7 20.2 2.6 0 -999.9 -999.9 365
sta1 2014 4 6 96 8.4 18.7 9.8 1.4 0.2 -999.9 -999.9 365
sta1 2014 4 7 97 10.9 21.5 16.5 3.1 4.9 -999.9 -999.9 365
sta1 2014 4 8 98 7.1 12.7 16.8 2.6 1 -999.9 -999.9 365
sta1 2014 4 9 99 2 14.7 16.4 1.8 0 -999.9 -999.9 365
sta1 2014 4 10 100 2.9 17.5 22.2 2.2 0.2 -999.9 -999.9 365
sta1 2014 4 11 101 6 16.6 17.9 2.7 0 -999.9 -999.9 365
sta1 2014 4 12 102 6.3 15.6 15.7 2.7 0.2 -999.9 -999.9 365
sta1 2014 4 13 103 5.7 15.7 11.9 2.2 0 -999.9 -999.9 365
sta1 2014 4 14 104 4.2 14.7 21 2.9 0 -999.9 -999.9 365
sta1 2014 4 15 105 2.1 13.2 23.5 2.7 0 -999.9 -999.9 365
sta1 2014 4 16 106 1 15.2 24.3 2.9 0 -999.9 -999.9 365
sta1 2014 4 17 107 1.5 19 23.5 3.4 0 -999.9 -999.9 365
sta1 2014 4 18 108 7.8 13.6 18.1 3.4 0 -999.9 -999.9 365
sta1 2014 4 19 109 3 14 17.4 2.5 0 -999.9 -999.9 365
sta1 2014 4 20 110 11 18.1 18.3 4.2 0 -999.9 -999.9 365
sta1 2014 4 21 111 5.3 18.6 16.2 2.9 0 -999.9 -999.9 365
sta1 2014 4 22 112 8 18.7 16 2.8 0.4 -999.9 -999.9 365
sta1 2014 4 23 113 5.1 20.3 17.9 2.3 1.4 -999.9 -999.9 365
sta1 2014 4 24 114 10.5 18.5 14 2.3 7 -999.9 -999.9 365
sta1 2014 4 25 115 11.8 18.8 11.6 2.8 0.4 -999.9 -999.9 365
sta1 2014 4 26 116 6.2 13.6 8.9 1 3.4 -999.9 -999.9 365
sta1 2014 4 27 117 5.3 16.1 12.2 1.7 0.8 -999.9 -999.9 365
sta1 2014 4 28 118 7.2 16.5 14.3 2.7 0 -999.9 -999.9 365
sta1 2014 4 29 119 6.9 17.4 14.7 2.2 0 -999.9 -999.9 365
sta1 2014 4 30 120 6.7 19.4 21.9 3 3.8 -999.9 -999.9 365
sta1 2014 5 1 121 8.7 18 14.1 2.1 11.3 -999.9 -999.9 365
sta1 2014 5 2 122 10.7 16.1 11.9 2.9 0.2 -999.9 -999.9 365
sta1 2014 5 3 123 4.6 14.5 23.3 3.4 0 -999.9 -999.9 365
sta1 2014 5 4 124 2.4 16.6 24.7 2.7 0 -999.9 -999.9 365
sta1 2014 5 5 125 3.4 20.8 27.1 3.6 0 -999.9 -999.9 365
sta1 2014 5 6 126 10 19.7 14 2.6 11.7 -999.9 -999.9 365
sta1 2014 5 7 127 10 16.7 17.4 3 0.2 -999.9 -999.9 365
sta1 2014 5 8 128 8.2 13.9 6 0.7 12.9 -999.9 -999.9 365
sta1 2014 5 9 129 11.4 17.5 17.2 3.6 0 -999.9 -999.9 365
sta1 2014 5 10 130 7 15.8 7.4 1.1 8.5 -999.9 -999.9 365
sta1 2014 5 11 131 8.7 15.2 21.9 3.9 0.8 -999.9 -999.9 365
sta1 2014 5 12 132 6.8 14.6 19.5 2.6 4.8 -999.9 -999.9 365
sta1 2014 5 13 133 6.5 15.8 17.1 2.6 3.4 -999.9 -999.9 365
sta1 2014 5 14 134 2.6 17.3 25.2 2.8 0 -999.9 -999.9 365
sta1 2014 5 15 135 4.1 15.8 26.8 3.2 0 -999.9 -999.9 365
sta1 2014 5 16 136 4.7 18.5 29.4 3.6 0 -999.9 -999.9 365
sta1 2014 5 17 137 6.4 21 28.8 3.9 0 -999.9 -999.9 365
sta1 2014 5 18 138 8 23.4 28.9 4.1 0 -999.9 -999.9 365
sta1 2014 5 19 139 9.4 24.5 29.8 4.7 0 -999.9 -999.9 365
sta1 2014 5 20 140 12.3 22.8 17.3 3.6 15.1 -999.9 -999.9 365
sta1 2014 5 21 141 11.5 20.6 7.9 1.5 3.2 -999.9 -999.9 365
sta1 2014 5 22 142 10.3 20.5 20.8 3.4 2.8 -999.9 -999.9 365
sta1 2014 5 23 143 8.6 19.7 21.4 3.1 7.6 -999.9 -999.9 365
sta1 2014 5 24 144 10.6 17.8 16.3 3.2 0.2 -999.9 -999.9 365
sta1 2014 5 25 145 6.1 20.4 24.2 3 0.8 -999.9 -999.9 365
sta1 2014 5 26 146 12.2 15.3 5.4 0.9 23.2 -999.9 -999.9 365
sta1 2014 5 27 147 13 16.5 10 2 0.2 -999.9 -999.9 365
sta1 2014 5 28 148 11.9 15.8 8.1 1.6 0.2 -999.9 -999.9 365
sta1 2014 5 29 149 11.8 18.7 13.8 2.6 0 -999.9 -999.9 365
sta1 2014 5 30 150 11.5 19.8 25 3.6 0 -999.9 -999.9 365
sta1 2014 5 31 151 8 20 24.8 3.7 0.2 -999.9 -999.9 365
sta1 2014 6 1 152 8 19.1 18 3.1 0.2 -999.9 -999.9 365
sta1 2014 6 2 153 6.1 20.4 23.9 3 0 -999.9 -999.9 365
sta1 2014 6 3 154 11.5 21.2 15.5 2.7 15.7 -999.9 -999.9 365
sta1 2014 6 4 155 11.9 18.2 11.7 2.4 11.7 -999.9 -999.9 365
sta1 2014 6 5 156 7 19.5 27 3.9 0 -999.9 -999.9 365
sta1 2014 6 6 157 8.6 25.7 30.8 4.5 0 -999.9 -999.9 365
sta1 2014 6 7 158 14.4 28.3 24.7 4.6 3.6 -999.9 -999.9 365
sta1 2014 6 8 159 15.1 27.3 25.6 4.5 1.2 -999.9 -999.9 365
sta1 2014 6 9 160 16.3 26.5 17.5 3.4 17.6 -999.9 -999.9 365
sta1 2014 6 10 161 15.2 21.9 10.5 2 9.5 -999.9 -999.9 365
sta1 2014 6 11 162 13.7 23.5 30.1 5 0 -999.9 -999.9 365
sta1 2014 6 12 163 11.7 23.3 32 5 0 -999.9 -999.9 365
sta1 2014 6 13 164 11.8 23.1 28.5 4.4 0 -999.9 -999.9 365
sta1 2014 6 14 165 12.5 21.4 25.4 4.5 0.2 -999.9 -999.9 365
sta1 2014 6 15 166 10.7 20.2 24.1 4 0 -999.9 -999.9 365
sta1 2014 6 16 167 10.3 18 19.9 3.1 0.2 -999.9 -999.9 365
sta1 2014 6 17 168 10.3 18.8 15.3 3.1 0 -999.9 -999.9 365
sta1 2014 6 18 169 10.5 21.8 30.7 4.5 0.2 -999.9 -999.9 365
sta1 2014 6 19 170 10.2 21 24.7 3.8 0 -999.9 -999.9 365
sta1 2014 6 20 171 10.6 19.8 20.5 3.7 0 -999.9 -999.9 365
sta1 2014 6 21 172 7 23.1 28.8 4 0 -999.9 -999.9 365
sta1 2014 6 22 173 11.9 23.5 29.7 5 0 -999.9 -999.9 365
sta1 2014 6 23 174 10.2 23.2 31.6 5 0.2 -999.9 -999.9 365
sta1 2014 6 24 175 10.7 25.1 27.8 4.6 0.6 -999.9 -999.9 365
sta1 2014 6 25 176 13.2 20.8 31.2 5.7 0 -999.9 -999.9 365
sta1 2014 6 26 177 8.2 24.2 28.7 4.5 0 -999.9 -999.9 365
sta1 2014 6 27 178 12.5 24.3 21.8 4 0 -999.9 -999.9 365
sta1 2014 6 28 179 12.7 20 9.8 2 18 -999.9 -999.9 365
sta1 2014 6 29 180 12 18.8 15.4 2.6 2.4 -999.9 -999.9 365
sta1 2014 6 30 181 9.6 20.7 21.3 3.2 0.4 -999.9 -999.9 365
sta1 2014 7 1 182 11.1 22.5 28.1 4.8 0 -999.9 -999.9 365
sta1 2014 7 2 183 9.7 23.6 31.4 4.9 0 -999.9 -999.9 365
sta1 2014 7 3 184 9.6 28 30.8 5 0.2 -999.9 -999.9 365
sta1 2014 7 4 185 12.9 25.2 16.2 3.2 1.8 -999.9 -999.9 365
sta1 2014 7 5 186 16.7 23.4 10.8 2.6 4.2 -999.9 -999.9 365
sta1 2014 7 6 187 14.1 20.9 11.6 2.2 5 -999.9 -999.9 365
sta1 2014 7 7 188 8.6 21.3 18.8 2.7 2.8 -999.9 -999.9 365
sta1 2014 7 8 189 13.4 19.1 11.4 2.5 3.8 -999.9 -999.9 365
sta1 2014 7 9 190 12.1 16 5.8 1.1 16.9 -999.9 -999.9 365
sta1 2014 7 10 191 13.9 17.5 5 0.7 4.8 -999.9 -999.9 365
sta1 2014 7 11 192 14.3 17.4 5.2 1.7 2.8 -999.9 -999.9 365
sta1 2014 7 12 193 14.4 21.3 10.2 2.4 0 -999.9 -999.9 365
sta1 2014 7 13 194 13.4 22.7 12.1 2.5 7.2 -999.9 -999.9 365
sta1 2014 7 14 195 12.6 23.4 20.1 4.1 0 -999.9 -999.9 365
sta1 2014 7 15 196 10.2 22.3 11.1 2 0 -999.9 -999.9 365
sta1 2014 7 16 197 13.3 28.3 25.8 4.6 0 -999.9 -999.9 365
sta1 2014 7 17 198 14.4 30.9 26.4 5.4 0 -999.9 -999.9 365
sta1 2014 7 18 199 17.6 34.5 27.3 7.1 0 -999.9 -999.9 365
sta1 2014 7 19 200 20.1 30.2 16.1 5.3 5.9 -999.9 -999.9 365
sta1 2014 7 20 201 17.6 23.4 11.1 2.4 1.6 -999.9 -999.9 365
sta1 2014 7 21 202 17 24.1 18.2 3.9 0 -999.9 -999.9 365
sta1 2014 7 22 203 17 23.9 7.5 2.4 0 -999.9 -999.9 365
sta1 2014 7 23 204 16.8 30.5 26.9 6.2 0 -999.9 -999.9 365
sta1 2014 7 24 205 16.6 29.3 26 6 0 -999.9 -999.9 365
sta1 2014 7 25 206 14.4 26.5 20.1 4.4 0 -999.9 -999.9 365
sta1 2014 7 26 207 15.4 25.4 14.4 3.4 0 -999.9 -999.9 365
sta1 2014 7 27 208 15.6 27.8 20.4 4.4 3.6 -999.9 -999.9 365
sta1 2014 7 28 209 16.4 21.2 10.2 2.4 2 -999.9 -999.9 365
sta1 2014 7 29 210 14 23 8.7 2 0 -999.9 -999.9 365
sta1 2014 7 30 211 14.7 24.4 20.6 4.3 0.2 -999.9 -999.9 365
sta1 2014 7 31 212 10.1 26 26.8 4.1 0 -999.9 -999.9 365
sta1 2014 8 1 213 12.5 27.7 25.6 4.5 0 -999.9 -999.9 365
sta1 2014 8 2 214 15.1 25 18.7 4 1.4 -999.9 -999.9 365
sta1 2014 8 3 215 13.9 25.4 19.6 3.7 0 -999.9 -999.9 365
sta1 2014 8 4 216 13.3 24 16.8 4.1 0.2 -999.9 -999.9 365
sta1 2014 8 5 217 9.3 24.4 21.9 3.1 0 -999.9 -999.9 365
sta1 2014 8 6 218 14.6 21.2 7.3 1.7 10.7 -999.9 -999.9 365
sta1 2014 8 7 219 12.4 25.4 16.2 2.8 2 -999.9 -999.9 365
sta1 2014 8 8 220 17.1 22.6 8.1 1.8 4.6 -999.9 -999.9 365
sta1 2014 8 9 221 15.2 22.9 18.5 3.8 0.2 -999.9 -999.9 365
sta1 2014 8 10 222 15.4 24.1 11.5 3.4 2.2 -999.9 -999.9 365
sta1 2014 8 11 223 11.7 22.5 19.9 4.1 3.7 -999.9 -999.9 365
sta1 2014 8 12 224 11.1 21.3 17.8 2.9 11.2 -999.9 -999.9 365
sta1 2014 8 13 225 11.9 22.4 22.6 3.9 0 -999.9 -999.9 365
sta1 2014 8 14 226 11.4 20.1 13.2 2.4 7.2 -999.9 -999.9 365
sta1 2014 8 15 227 11.9 18.8 10.5 1.9 9.1 -999.9 -999.9 365
sta1 2014 8 16 228 9.4 21.4 19.7 3 0 -999.9 -999.9 365
sta1 2014 8 17 229 11.4 18.8 10.9 2.6 0.6 -999.9 -999.9 365
sta1 2014 8 18 230 12.9 20.7 19.5 4.3 0.2 -999.9 -999.9 365
sta1 2014 8 19 231 8.7 18.5 14.8 2.9 0.2 -999.9 -999.9 365
sta1 2014 8 20 232 5.6 18.3 15.1 2 0 -999.9 -999.9 365
sta1 2014 8 21 233 6.2 19.8 15.7 2.8 0 -999.9 -999.9 365
sta1 2014 8 22 234 9.7 19.7 13.6 2.7 2 -999.9 -999.9 365
sta1 2014 8 23 235 9.3 18.9 18.9 3.2 1.2 -999.9 -999.9 365
sta1 2014 8 24 236 7 20.6 18.3 2.9 0 -999.9 -999.9 365
sta1 2014 8 25 237 10.3 17 5.2 1.6 26.6 -999.9 -999.9 365
sta1 2014 8 26 238 13.2 21.2 8.5 1.7 12.3 -999.9 -999.9 365
sta1 2014 8 27 239 13 21.5 10.7 1.9 0.4 -999.9 -999.9 365
sta1 2014 8 28 240 14.3 23.5 9.9 2.1 1.4 -999.9 -999.9 365
sta1 2014 8 29 241 13.8 21.9 15.1 2.9 0.2 -999.9 -999.9 365
sta1 2014 8 30 242 12.1 19.8 7.2 1.5 1.6 -999.9 -999.9 365
sta1 2014 8 31 243 13.7 21.1 16.2 3.5 0 -999.9 -999.9 365
sta1 2014 9 1 244 9.8 21.5 14.1 2.4 0 -999.9 -999.9 365
sta1 2014 9 2 245 13.9 23.1 11.8 2.6 0 -999.9 -999.9 365
sta1 2014 9 3 246 12.2 22.1 21 3.1 0 -999.9 -999.9 365
sta1 2014 9 4 247 11.6 22.4 10.8 2.4 0 -999.9 -999.9 365
sta1 2014 9 5 248 14.8 23.8 15.3 3.1 0 -999.9 -999.9 365
sta1 2014 9 6 249 17.1 21.5 5.3 1.6 0 -999.9 -999.9 365
sta1 2014 9 7 250 12.6 24.4 15.4 2.9 0.2 -999.9 -999.9 365
sta1 2014 9 8 251 12.7 23.1 18.4 3 0 -999.9 -999.9 365
sta1 2014 9 9 252 10.3 21.1 20.2 3.1 0.2 -999.9 -999.9 365
sta1 2014 9 10 253 9.4 19.3 18.6 2.9 0 -999.9 -999.9 365
sta1 2014 9 11 254 9.6 21.1 16 2.6 0 -999.9 -999.9 365
sta1 2014 9 12 255 10.4 21.8 19.3 3 0.2 -999.9 -999.9 365
sta1 2014 9 13 256 12.4 21.5 18 3.3 0 -999.9 -999.9 365
sta1 2014 9 14 257 11.5 19.4 12.6 2.3 0 -999.9 -999.9 365
sta1 2014 9 15 258 11.8 24.2 17.6 3 0 -999.9 -999.9 365
sta1 2014 9 16 259 11.6 25.5 17.9 3.1 0.2 -999.9 -999.9 365
sta1 2014 9 17 260 14.8 26.9 14.9 3.7 0 -999.9 -999.9 365
sta1 2014 9 18 261 16.8 26.5 15.5 3.4 0 -999.9 -999.9 365
sta1 2014 9 19 262 13.6 26.8 15 2.7 0.2 -999.9 -999.9 365
sta1 2014 9 20 263 14.8 26.4 12.3 2.6 12.8 -999.9 -999.9 365
sta1 2014 9 21 264 14.9 19.3 9.1 2.2 0.2 -999.9 -999.9 365
sta1 2014 9 22 265 10.5 17.6 12.6 2.1 0.2 -999.9 -999.9 365
sta1 2014 9 23 266 6.2 17.8 13.8 1.8 0 -999.9 -999.9 365
sta1 2014 9 24 267 5.6 16.2 6 0.5 5.4 -999.9 -999.9 365
sta1 2014 9 25 268 5.1 18.1 14 1.2 0.2 -999.9 -999.9 365
sta1 2014 9 26 269 7.6 21.4 13.6 1.7 0 -999.9 -999.9 365
sta1 2014 9 27 270 14 22.9 15 2.4 0 -999.9 -999.9 365
sta1 2014 9 28 271 11.7 23.4 13.5 2.3 0 -999.9 -999.9 365
sta1 2014 9 29 272 13.3 19.9 5.2 0.9 2.4 -999.9 -999.9 365
sta1 2014 9 30 273 13.4 22.4 12.8 2 0.2 -999.9 -999.9 365
sta1 2014 10 1 274 10.9 22.9 13 1.9 0 -999.9 -999.9 365
sta1 2014 10 2 275 13.8 20.7 5.9 1.5 0 -999.9 -999.9 365
sta1 2014 10 3 276 11.4 23.3 12.8 1.8 0.2 -999.9 -999.9 365
sta1 2014 10 4 277 10.2 22.4 12.1 2.1 5.1 -999.9 -999.9 365
sta1 2014 10 5 278 11 14.6 5.6 1.7 0 -999.9 -999.9 365
sta1 2014 10 6 279 10.4 13.8 3.9 0.8 7.6 -999.9 -999.9 365
sta1 2014 10 7 280 10.4 15.8 6.2 1.6 0.2 -999.9 -999.9 365
sta1 2014 10 8 281 7.4 18.7 5.6 0.3 15.3 -999.9 -999.9 365
sta1 2014 10 9 282 13.2 18.8 8.9 2 0 -999.9 -999.9 365
sta1 2014 10 10 283 10.8 17.4 10.2 1.4 0.2 -999.9 -999.9 365
sta1 2014 10 11 284 11.1 18.2 7.3 1.3 7.3 -999.9 -999.9 365
sta1 2014 10 12 285 7.7 15.9 4.7 0.4 3.6 -999.9 -999.9 365
sta1 2014 10 13 286 12.8 17.9 7.5 2.4 0 -999.9 -999.9 365
sta1 2014 10 14 287 7.9 17.1 11.2 1.5 0 -999.9 -999.9 365
sta1 2014 10 15 288 6.7 14.8 4 0.3 3.4 -999.9 -999.9 365
sta1 2014 10 16 289 13.4 18.3 6.2 1.1 11.9 -999.9 -999.9 365
sta1 2014 10 17 290 13 18.4 6.6 1.1 0.2 -999.9 -999.9 365
sta1 2014 10 18 291 12.3 23.8 11.4 1.6 0.2 -999.9 -999.9 365
sta1 2014 10 19 292 13.5 23.1 9.4 1.6 0.4 -999.9 -999.9 365
sta1 2014 10 20 293 12 16.3 6.4 1.4 0.2 -999.9 -999.9 365
sta1 2014 10 21 294 10.1 15.3 4.9 2.2 3.8 -999.9 -999.9 365
sta1 2014 10 22 295 5.7 13.4 9.2 1.5 0 -999.9 -999.9 365
sta1 2014 10 23 296 7.4 14.7 4.4 1.1 0 -999.9 -999.9 365
sta1 2014 10 24 297 10.5 13.3 2.8 1 4.6 -999.9 -999.9 365
sta1 2014 10 25 298 11.3 15.9 4.4 1 2.8 -999.9 -999.9 365
sta1 2014 10 26 299 8.5 16.7 5.4 0.7 0.2 -999.9 -999.9 365
sta1 2014 10 27 300 10.1 17.8 8 1.2 0 -999.9 -999.9 365
sta1 2014 10 28 301 7.7 10.4 1.9 0.4 0.2 -999.9 -999.9 365
sta1 2014 10 29 302 9.1 13.1 2.5 0.5 0.2 -999.9 -999.9 365
sta1 2014 10 30 303 9.6 18.8 6.4 1.1 0.2 -999.9 -999.9 365
sta1 2014 10 31 304 9.4 19.4 7.7 1.1 0.4 -999.9 -999.9 365
sta1 2014 11 1 305 8.9 19.2 8.4 0.9 0.2 -999.9 -999.9 365
sta1 2014 11 2 306 11.5 17.3 6.2 1.3 2 -999.9 -999.9 365
sta1 2014 11 3 307 10.5 14.8 2.4 1.5 11.6 -999.9 -999.9 365
sta1 2014 11 4 308 7.1 10.7 3.6 0.7 0 -999.9 -999.9 365
sta1 2014 11 5 309 2.4 10.5 5.4 0.4 0.2 -999.9 -999.9 365
sta1 2014 11 6 310 3.6 11.7 8.2 0.8 0 -999.9 -999.9 365
sta1 2014 11 7 311 5.6 13.5 3.4 1.4 3.4 -999.9 -999.9 365
sta1 2014 11 8 312 6.1 12.7 6.5 0.7 0.2 -999.9 -999.9 365
sta1 2014 11 9 313 6.4 11.7 2.4 0.6 0 -999.9 -999.9 365
sta1 2014 11 10 314 4.9 11.7 7.1 0.6 0.2 -999.9 -999.9 365
sta1 2014 11 11 315 4.9 15.3 6.3 0.8 0.2 -999.9 -999.9 365
sta1 2014 11 12 316 8.2 14.1 5.8 1.2 0.2 -999.9 -999.9 365
sta1 2014 11 13 317 3.6 11.7 4 0.4 0 -999.9 -999.9 365
sta1 2014 11 14 318 7.5 10.1 1 0.2 16 -999.9 -999.9 365
sta1 2014 11 15 319 8.5 11.1 1.3 0.4 4 -999.9 -999.9 365
sta1 2014 11 16 320 5.7 11.7 3.7 0.5 1.8 -999.9 -999.9 365
sta1 2014 11 17 321 7.7 10 2.3 0.5 0.8 -999.9 -999.9 365
sta1 2014 11 18 322 6.5 12.3 5 0.6 0.2 -999.9 -999.9 365
sta1 2014 11 19 323 2.7 8.8 3.3 0.2 0.2 -999.9 -999.9 365
sta1 2014 11 20 324 5.7 8.8 2.3 0.5 0 -999.9 -999.9 365
sta1 2014 11 21 325 4 9 3.2 0.4 0 -999.9 -999.9 365
sta1 2014 11 22 326 6.2 11.6 3.1 0.4 0 -999.9 -999.9 365
sta1 2014 11 23 327 7.6 14.2 4.6 0.5 1 -999.9 -999.9 365
sta1 2014 11 24 328 7.4 11.2 5.3 1 0 -999.9 -999.9 365
sta1 2014 11 25 329 5.1 9.8 2.9 0.7 3 -999.9 -999.9 365
sta1 2014 11 26 330 7.3 10.5 0.8 0.2 2.6 -999.9 -999.9 365
sta1 2014 11 27 331 8.8 10 1.4 0.2 0.4 -999.9 -999.9 365
sta1 2014 11 28 332 8.2 11.4 2.7 1.3 0 -999.9 -999.9 365
sta1 2014 11 29 333 3.6 6.5 2.9 0.7 0 -999.9 -999.9 365
sta1 2014 11 30 334 2.7 6.9 1.1 0.2 0.2 -999.9 -999.9 365
sta1 2014 12 1 335 2.2 3.5 0.3 0.3 0.2 -999.9 -999.9 365
sta1 2014 12 2 336 1.8 3.4 0.6 0.3 2.4 -999.9 -999.9 365
sta1 2014 12 3 337 0.8 2.1 1.5 0.4 0 -999.9 -999.9 365
sta1 2014 12 4 338 0.3 3.5 1 0.2 0 -999.9 -999.9 365
sta1 2014 12 5 339 2.3 4.8 0.5 0.1 0.4 -999.9 -999.9 365
sta1 2014 12 6 340 3.2 8.3 3.3 0.8 0.2 -999.9 -999.9 365
sta1 2014 12 7 341 -2 6 1.3 0.1 1.4 -999.9 -999.9 365
sta1 2014 12 8 342 -0.6 4.2 1.1 0.2 4.4 -999.9 -999.9 365
sta1 2014 12 9 343 0 6 3.9 0.5 2.4 -999.9 -999.9 365
sta1 2014 12 10 344 2.3 9.5 2 0.3 1.8 -999.9 -999.9 365
sta1 2014 12 11 345 5.9 9 1.5 0.9 4.4 -999.9 -999.9 365
sta1 2014 12 12 346 7.4 10.9 0.8 1 19.2 -999.9 -999.9 365
sta1 2014 12 13 347 2.7 4.1 0.6 0.2 5.9 -999.9 -999.9 365
sta1 2014 12 14 348 -2.9 3.2 1.9 0.1 0 -999.9 -999.9 365
sta1 2014 12 15 349 0.4 5.8 0.7 0 1.6 -999.9 -999.9 365
sta1 2014 12 16 350 4.5 8.7 3.8 0.6 5 -999.9 -999.9 365
sta1 2014 12 17 351 1.8 11.7 0.6 0 4.3 -999.9 -999.9 365
sta1 2014 12 18 352 10 13.3 0.8 0.6 0.6 -999.9 -999.9 365
sta1 2014 12 19 353 7.5 12 0.5 1 4 -999.9 -999.9 365
sta1 2014 12 20 354 3.4 9 2.4 0.8 0.2 -999.9 -999.9 365
sta1 2014 12 21 355 2.2 8.5 1.6 0.4 0 -999.9 -999.9 365
sta1 2014 12 22 356 7.4 10.7 0.8 0.7 0 -999.9 -999.9 365
sta1 2014 12 23 357 9 10.4 0.9 0.9 0.2 -999.9 -999.9 365
sta1 2014 12 24 358 7.4 10.3 0.9 1 1 -999.9 -999.9 365
sta1 2014 12 25 359 3.1 7.9 3.8 0.9 0 -999.9 -999.9 365
sta1 2014 12 26 360 -1.4 7.8 3 0.6 9.9 -999.9 -999.9 365
sta1 2014 12 27 361 1 4.9 0.9 0.4 2.2 -999.9 -999.9 365
sta1 2014 12 28 362 -2.7 -0.8 4.8 0.8 0 -999.9 -999.9 365
sta1 2014 12 29 363 -5.3 3.6 2.8 0 0.2 -999.9 -999.9 365
sta1 2014 12 30 364 -0.3 1.9 2 0.1 0 -999.9 -999.9 365
sta1 2014 12 31 365 0.8 4.5 1.9 0.3 0 -999.9 -999.9 365
