sta1 2011 1 1 1 -2.2 2.2 1.1 0.1 0.6 -999.9 -999.9 365
sta1 2011 1 2 2 0.7 3.9 3.8 0.4 0 -999.9 -999.9 365
sta1 2011 1 3 3 -0.4 2.2 2.6 0.3 0 -999.9 -999.9 365
sta1 2011 1 4 4 -2.9 0.1 3.2 0.1 0 -999.9 -999.9 365
sta1 2011 1 5 5 -2.4 5.8 4.3 0.6 9.7 -999.9 -999.9 365
sta1 2011 1 6 6 2.1 11.5 0.5 0 29.3 -999.9 -999.9 365
sta1 2011 1 7 7 6.7 11.3 0.9 0.1 3.8 -999.9 -999.9 365
sta1 2011 1 8 8 8.7 12.4 1.8 1.4 6.7 -999.9 -999.9 365
sta1 2011 1 9 9 2.9 7.5 4 0.6 0 -999.9 -999.9 365
sta1 2011 1 10 10 -1.2 3.6 3 0.2 1.2 -999.9 -999.9 365
sta1 2011 1 11 11 0.4 8.6 1.8 0.2 4 -999.9 -999.9 365
sta1 2011 1 12 12 4 12.2 0.5 0.5 6.4 -999.9 -999.9 365
sta1 2011 1 13 13 10.1 13.6 1 0.5 0 -999.9 -999.9 365
sta1 2011 1 14 14 9.7 13.3 2.5 1.8 2.8 -999.9 -999.9 365
sta1 2011 1 15 15 7.1 11.1 4 1.1 0 -999.9 -999.9 365
sta1 2011 1 16 16 5.1 11.9 4.5 0.9 0 -999.9 -999.9 365
sta1 2011 1 17 17 4.2 8.4 1.3 0.1 0.4 -999.9 -999.9 365
sta1 2011 1 18 18 5.3 8.9 1.9 0.8 0.6 -999.9 -999.9 365
sta1 2011 1 19 19 0.1 4.7 2.6 0.3 0 -999.9 -999.9 365
sta1 2011 1 20 20 -0.1 5.1 5.3 0.6 0.4 -999.9 -999.9 365
sta1 2011 1 21 21 -1.3 1.9 2.6 0.4 0 -999.9 -999.9 365
sta1 2011 1 22 22 -0.3 5.7 1.5 0.1 0.2 -999.9 -999.9 365
sta1 2011 1 23 23 2.3 6.2 1.6 0.4 1 -999.9 -999.9 365
sta1 2011 1 24 24 4.1 7 1.8 0.7 1 -999.9 -999.9 365
sta1 2011 1 25 25 0 6.3 1.2 0 2.8 -999.9 -999.9 365
sta1 2011 1 26 26 4.1 7 1.2 0.6 1.6 -999.9 -999.9 365
sta1 2011 1 27 27 0.6 3.7 5 1 0 -999.9 -999.9 365
sta1 2011 1 28 28 -2.2 1 4.2 0.7 0 -999.9 -999.9 365
sta1 2011 1 29 29 -1.2 0.2 2.2 0.7 0 -999.9 -999.9 365
sta1 2011 1 30 30 -3.7 -0.1 8.1 0.6 0 -999.9 -999.9 365
sta1 2011 1 31 31 -4.3 -2.2 1.8 0.3 0 -999.9 -999.9 365
sta1 2011 2 1 32 -5.1 0.1 1.7 0.2 0.8 -999.9 -999.9 365
sta1 2011 2 2 33 -0.8 3.1 3.1 0.2 1.4 -999.9 -999.9 365
sta1 2011 2 3 34 1.2 8.9 4.6 0.4 0.2 -999.9 -999.9 365
sta1 2011 2 4 35 3 9.9 1.9 0.8 0 -999.9 -999.9 365
sta1 2011 2 5 36 8.8 10.6 1.7 1.5 0 -999.9 -999.9 365
sta1 2011 2 6 37 7.6 9.2 2.4 1.5 0 -999.9 -999.9 365
sta1 2011 2 7 38 2 12.9 8 1.1 0 -999.9 -999.9 365
sta1 2011 2 8 39 1.6 8.5 6.7 0.2 0.2 -999.9 -999.9 365
sta1 2011 2 9 40 2 5.5 1.7 0 0 -999.9 -999.9 365
sta1 2011 2 10 41 2.5 11.3 2.1 0.3 3.2 -999.9 -999.9 365
sta1 2011 2 11 42 9.8 15.2 5.2 1.7 0.6 -999.9 -999.9 365
sta1 2011 2 12 43 7.7 11.2 3.7 1.3 1 -999.9 -999.9 365
sta1 2011 2 13 44 0.8 8.4 4.1 0.5 1 -999.9 -999.9 365
sta1 2011 2 14 45 4.6 8.7 4.2 0.8 0.2 -999.9 -999.9 365
sta1 2011 2 15 46 1.6 7.1 3.1 0.5 0.2 -999.9 -999.9 365
sta1 2011 2 16 47 1.5 9.2 5.1 0.6 0 -999.9 -999.9 365
sta1 2011 2 17 48 1.1 10.7 8.7 0.8 0 -999.9 -999.9 365
sta1 2011 2 18 49 -0.3 4.1 3.1 0.2 0 -999.9 -999.9 365
sta1 2011 2 19 50 2.5 5.8 2.8 0.7 1.6 -999.9 -999.9 365
sta1 2011 2 20 51 3.5 5.2 1.6 0.2 0.6 -999.9 -999.9 365
sta1 2011 2 21 52 2.4 4.5 2.6 0.4 0 -999.9 -999.9 365
sta1 2011 2 22 53 0 6.8 9.5 0.7 0 -999.9 -999.9 365
sta1 2011 2 23 54 -2.2 4.6 2.3 0.6 6.2 -999.9 -999.9 365
sta1 2011 2 24 55 1.6 10.5 2.8 0.1 1.2 -999.9 -999.9 365
sta1 2011 2 25 56 6.4 10.1 4.3 0.6 0.2 -999.9 -999.9 365
sta1 2011 2 26 57 7.3 10.8 2.4 1.1 8.6 -999.9 -999.9 365
sta1 2011 2 27 58 4 7.6 5 1.1 0.4 -999.9 -999.9 365
sta1 2011 2 28 59 0.9 4.9 3 0.5 0 -999.9 -999.9 365
sta1 2011 3 1 60 1.5 8.3 10.4 1.3 0 -999.9 -999.9 365
sta1 2011 3 2 61 0.8 9.8 12 2 0 -999.9 -999.9 365
sta1 2011 3 3 62 -0.7 6.6 12.1 1.3 0 -999.9 -999.9 365
sta1 2011 3 4 63 -0.6 9.1 12.3 1.3 0 -999.9 -999.9 365
sta1 2011 3 5 64 -0.8 4.1 10.8 1 0 -999.9 -999.9 365
sta1 2011 3 6 65 -0.2 7.4 14 1.7 0 -999.9 -999.9 365
sta1 2011 3 7 66 -0.4 9.7 14.4 2.7 0 -999.9 -999.9 365
sta1 2011 3 8 67 -2.3 14.3 13.5 1.9 0 -999.9 -999.9 365
sta1 2011 3 9 68 4.4 11.2 7.3 1.8 0 -999.9 -999.9 365
sta1 2011 3 10 69 2.1 10.1 5.6 1.1 0.2 -999.9 -999.9 365
sta1 2011 3 11 70 7.1 12 7.5 2.1 0 -999.9 -999.9 365
sta1 2011 3 12 71 2.5 14.8 10 2 0.8 -999.9 -999.9 365
sta1 2011 3 13 72 7.8 11.6 2.9 0.9 0 -999.9 -999.9 365
sta1 2011 3 14 73 6.9 12.1 4.6 0.8 0 -999.9 -999.9 365
sta1 2011 3 15 74 4.9 19.1 15 2.4 0 -999.9 -999.9 365
sta1 2011 3 16 75 6.6 16.2 13.9 2.4 0 -999.9 -999.9 365
sta1 2011 3 17 76 4.9 6.7 1.7 0.5 0 -999.9 -999.9 365
sta1 2011 3 18 77 3.4 11 6.2 1 2.4 -999.9 -999.9 365
sta1 2011 3 19 78 5.1 8.1 4.2 1.3 0 -999.9 -999.9 365
sta1 2011 3 20 79 -0.5 11.8 13.7 1.7 0 -999.9 -999.9 365
sta1 2011 3 21 80 -1.2 14.5 17.3 2.2 0 -999.9 -999.9 365
sta1 2011 3 22 81 1.9 16.5 16.5 2.9 0 -999.9 -999.9 365
sta1 2011 3 23 82 3.8 17.7 16.3 2.9 0 -999.9 -999.9 365
sta1 2011 3 24 83 5 19.5 17.3 2.7 0 -999.9 -999.9 365
sta1 2011 3 25 84 2.5 19.6 16.6 2.2 0 -999.9 -999.9 365
sta1 2011 3 26 85 6 16.9 10.8 2.7 0 -999.9 -999.9 365
sta1 2011 3 27 86 4.2 17.1 16.3 2.5 0 -999.9 -999.9 365
sta1 2011 3 28 87 3.6 14.7 16.8 2.6 0 -999.9 -999.9 365
sta1 2011 3 29 88 0.4 17.9 17 2.1 0 -999.9 -999.9 365
sta1 2011 3 30 89 8.9 13.7 4.5 1.3 3 -999.9 -999.9 365
sta1 2011 3 31 90 9.8 15.7 5.5 1 5.9 -999.9 -999.9 365
sta1 2011 4 1 91 12.4 15.9 6.3 1.7 0.4 -999.9 -999.9 365
sta1 2011 4 2 92 8.6 23.8 17.1 3.2 2.8 -999.9 -999.9 365
sta1 2011 4 3 93 9.3 12.3 4.7 1.1 1.8 -999.9 -999.9 365
sta1 2011 4 4 94 7 13.5 11.5 2.2 0 -999.9 -999.9 365
sta1 2011 4 5 95 2.3 14.5 7.9 1.7 0 -999.9 -999.9 365
sta1 2011 4 6 96 7.7 22.8 19.1 2.7 0 -999.9 -999.9 365
sta1 2011 4 7 97 8.5 21.1 20.2 3 0 -999.9 -999.9 365
sta1 2011 4 8 98 7.5 19.6 19.1 3 0 -999.9 -999.9 365
sta1 2011 4 9 99 5.5 19.3 20.9 3.5 0 -999.9 -999.9 365
sta1 2011 4 10 100 6.9 23.4 20.8 4 0 -999.9 -999.9 365
sta1 2011 4 11 101 7.1 20 18.7 2.8 0 -999.9 -999.9 365
sta1 2011 4 12 102 5.7 13.2 17.3 3 0 -999.9 -999.9 365
sta1 2011 4 13 103 0.2 14.2 15.7 2.2 0 -999.9 -999.9 365
sta1 2011 4 14 104 6.4 14.8 15.1 3 0 -999.9 -999.9 365
sta1 2011 4 15 105 8.4 15.9 13.7 3.5 0 -999.9 -999.9 365
sta1 2011 4 16 106 2 17.6 18.9 3 0 -999.9 -999.9 365
sta1 2011 4 17 107 3.5 17.8 20.4 3.5 0 -999.9 -999.9 365
sta1 2011 4 18 108 5.1 20.2 22.4 3.8 0 -999.9 -999.9 365
sta1 2011 4 19 109 8.8 23.7 22.6 4.5 0 -999.9 -999.9 365
sta1 2011 4 20 110 8.1 24 21.9 4.3 0 -999.9 -999.9 365
sta1 2011 4 21 111 9 23.7 22.2 4.7 0 -999.9 -999.9 365
sta1 2011 4 22 112 9.1 25.2 22.1 4.5 0 -999.9 -999.9 365
sta1 2011 4 23 113 8 25.6 21.8 4.1 0 -999.9 -999.9 365
sta1 2011 4 24 114 9.9 24.7 18.7 3.6 0 -999.9 -999.9 365
sta1 2011 4 25 115 10.1 24 22.8 4.3 0 -999.9 -999.9 365
sta1 2011 4 26 116 8.2 20.9 22.4 3.7 0 -999.9 -999.9 365
sta1 2011 4 27 117 9.3 17.8 21.5 4.1 0 -999.9 -999.9 365
sta1 2011 4 28 118 8.7 14.8 4.8 1.2 11.2 -999.9 -999.9 365
sta1 2011 4 29 119 7.8 19.7 12.1 2.2 2.8 -999.9 -999.9 365
sta1 2011 4 30 120 9.6 20.9 19.5 3.4 8 -999.9 -999.9 365
sta1 2011 5 1 121 9.5 21.5 22 4 0 -999.9 -999.9 365
sta1 2011 5 2 122 8.8 18.5 24.3 5.4 0 -999.9 -999.9 365
sta1 2011 5 3 123 5.3 16 24.4 4.4 0 -999.9 -999.9 365
sta1 2011 5 4 124 3.6 17 25.8 3.9 0 -999.9 -999.9 365
sta1 2011 5 5 125 3.9 19.3 24.8 3.7 0 -999.9 -999.9 365
sta1 2011 5 6 126 7.3 23.9 23.1 4.5 0 -999.9 -999.9 365
sta1 2011 5 7 127 10.7 25.5 24 6.3 0 -999.9 -999.9 365
sta1 2011 5 8 128 15.4 24.2 18.2 5.2 0 -999.9 -999.9 365
sta1 2011 5 9 129 10.8 24.5 24.4 4.8 0 -999.9 -999.9 365
sta1 2011 5 10 130 13 23.1 20.3 4.5 0 -999.9 -999.9 365
sta1 2011 5 11 131 8.3 20.3 24.4 4.2 0 -999.9 -999.9 365
sta1 2011 5 12 132 7.3 17.7 22.5 3.8 0 -999.9 -999.9 365
sta1 2011 5 13 133 3.1 19.9 24.9 3.2 0 -999.9 -999.9 365
sta1 2011 5 14 134 6.1 18 21.8 4 0 -999.9 -999.9 365
sta1 2011 5 15 135 7.9 15.4 15.9 3.2 0 -999.9 -999.9 365
sta1 2011 5 16 136 6.9 17.5 10.6 2.1 0.2 -999.9 -999.9 365
sta1 2011 5 17 137 9.2 20.1 22.7 4.9 0 -999.9 -999.9 365
sta1 2011 5 18 138 6.3 23.4 26.5 3.9 0 -999.9 -999.9 365
sta1 2011 5 19 139 9 20.2 16.1 2.7 0.8 -999.9 -999.9 365
sta1 2011 5 20 140 8.7 20.3 18.8 3.3 3 -999.9 -999.9 365
sta1 2011 5 21 141 3.6 23.3 26.1 3.6 0 -999.9 -999.9 365
sta1 2011 5 22 142 12.3 19.9 21.9 5 0 -999.9 -999.9 365
sta1 2011 5 23 143 4.7 24.5 28.2 4.5 0 -999.9 -999.9 365
sta1 2011 5 24 144 9.4 18.3 26.9 4.9 0 -999.9 -999.9 365
sta1 2011 5 25 145 1.4 23.3 29.2 4.1 0 -999.9 -999.9 365
sta1 2011 5 26 146 8.1 18.5 15.7 4 0 -999.9 -999.9 365
sta1 2011 5 27 147 10.5 16.5 12.1 3.3 0 -999.9 -999.9 365
sta1 2011 5 28 148 3.5 20.8 25.8 4 0 -999.9 -999.9 365
sta1 2011 5 29 149 8.5 24.4 25.4 4.8 0 -999.9 -999.9 365
sta1 2011 5 30 150 8.3 29.6 22.8 5.3 0.2 -999.9 -999.9 365
sta1 2011 5 31 151 11.1 17.3 16.4 4.5 0 -999.9 -999.9 365
sta1 2011 6 1 152 3.9 20.9 29.9 4.8 0 -999.9 -999.9 365
sta1 2011 6 2 153 8.1 24.6 30.3 7.3 0 -999.9 -999.9 365
sta1 2011 6 3 154 11.9 26.8 28.2 7.1 0 -999.9 -999.9 365
sta1 2011 6 4 155 16.3 30.2 21.9 6.7 4.2 -999.9 -999.9 365
sta1 2011 6 5 156 17.5 25.3 14.7 3.8 15.9 -999.9 -999.9 365
sta1 2011 6 6 157 14.9 20.2 7.4 2.1 2.6 -999.9 -999.9 365
sta1 2011 6 7 158 12.2 19 8 1.9 4.6 -999.9 -999.9 365
sta1 2011 6 8 159 7.8 19.3 22.1 3.8 0.2 -999.9 -999.9 365
sta1 2011 6 9 160 7.5 19.6 21.4 4.1 0 -999.9 -999.9 365
sta1 2011 6 10 161 10.2 16.5 10.4 2.2 12.6 -999.9 -999.9 365
sta1 2011 6 11 162 6.2 17.4 19.7 3.1 0 -999.9 -999.9 365
sta1 2011 6 12 163 4.8 19.7 18.7 3.1 0.4 -999.9 -999.9 365
sta1 2011 6 13 164 11.9 22.1 14.1 2.9 3 -999.9 -999.9 365
sta1 2011 6 14 165 13.8 23.8 19.8 3.9 0 -999.9 -999.9 365
sta1 2011 6 15 166 15.6 23.4 19.8 4.9 3.5 -999.9 -999.9 365
sta1 2011 6 16 167 15.7 20.8 16.8 4.5 3.9 -999.9 -999.9 365
sta1 2011 6 17 168 7 17.9 10.8 1.6 1.4 -999.9 -999.9 365
sta1 2011 6 18 169 10.9 18 16.4 3.9 4.2 -999.9 -999.9 365
sta1 2011 6 19 170 11 18.6 14.1 3.8 4 -999.9 -999.9 365
sta1 2011 6 20 171 10.5 20.9 10.3 1.8 2.8 -999.9 -999.9 365
sta1 2011 6 21 172 14.8 21.8 14.9 3.2 2.2 -999.9 -999.9 365
sta1 2011 6 22 173 13.4 20 14.6 3.2 7 -999.9 -999.9 365
sta1 2011 6 23 174 12.4 19.1 23.9 4.5 0 -999.9 -999.9 365
sta1 2011 6 24 175 7.3 19.5 22 3.7 0 -999.9 -999.9 365
sta1 2011 6 25 176 11.8 22.2 13.3 3.1 0 -999.9 -999.9 365
sta1 2011 6 26 177 13.5 27 23.1 4.2 0.2 -999.9 -999.9 365
sta1 2011 6 27 178 16.1 33.9 26.9 6.6 0 -999.9 -999.9 365
sta1 2011 6 28 179 19.5 33.6 20.9 7 3.2 -999.9 -999.9 365
sta1 2011 6 29 180 15.4 21.8 18.9 4.9 0.2 -999.9 -999.9 365
sta1 2011 6 30 181 7.7 21.3 15.6 3.2 0 -999.9 -999.9 365
sta1 2011 7 1 182 7.8 21.4 26.1 4.5 0 -999.9 -999.9 365
sta1 2011 7 2 183 7.3 20.5 23.8 4.2 0 -999.9 -999.9 365
sta1 2011 7 3 184 6.2 22.3 28.3 4.5 0 -999.9 -999.9 365
sta1 2011 7 4 185 8.4 24.1 29.9 4.7 0 -999.9 -999.9 365
sta1 2011 7 5 186 8.9 29.1 26.6 5.5 0.2 -999.9 -999.9 365
sta1 2011 7 6 187 14.1 23.3 18.5 4.9 0.6 -999.9 -999.9 365
sta1 2011 7 7 188 8.8 23 21.5 4.6 0 -999.9 -999.9 365
sta1 2011 7 8 189 11.8 22.7 16.6 4.4 2.2 -999.9 -999.9 365
sta1 2011 7 9 190 14.4 21.1 13.8 4 0.4 -999.9 -999.9 365
sta1 2011 7 10 191 13.9 22.3 11.2 2.7 0 -999.9 -999.9 365
sta1 2011 7 11 192 10.3 26 25.9 5.3 0 -999.9 -999.9 365
sta1 2011 7 12 193 15 22.5 11.3 3.3 0.6 -999.9 -999.9 365
sta1 2011 7 13 194 13 18.6 9 3.3 0.6 -999.9 -999.9 365
sta1 2011 7 14 195 9.3 20.4 15.6 4.4 0 -999.9 -999.9 365
sta1 2011 7 15 196 8.9 25.6 25 5.4 0 -999.9 -999.9 365
sta1 2011 7 16 197 11.7 20.6 7.8 2.5 15.1 -999.9 -999.9 365
sta1 2011 7 17 198 12.8 19.5 15.3 3.6 1.2 -999.9 -999.9 365
sta1 2011 7 18 199 13.1 18.8 13.7 3.9 0.2 -999.9 -999.9 365
sta1 2011 7 19 200 11.7 17.1 6.6 1.5 19.4 -999.9 -999.9 365
sta1 2011 7 20 201 10.3 19.8 11.9 2.6 0 -999.9 -999.9 365
sta1 2011 7 21 202 12.9 21.5 14.8 3.5 0.2 -999.9 -999.9 365
sta1 2011 7 22 203 14.6 20.7 19.2 4.4 0.2 -999.9 -999.9 365
sta1 2011 7 23 204 6.1 16.8 10.6 1.7 14.1 -999.9 -999.9 365
sta1 2011 7 24 205 11.4 21 24 5 0 -999.9 -999.9 365
sta1 2011 7 25 206 10.8 22.4 15 3.2 0.4 -999.9 -999.9 365
sta1 2011 7 26 207 13 20.6 15.5 3.7 0 -999.9 -999.9 365
sta1 2011 7 27 208 13.7 18 7.4 1.7 4 -999.9 -999.9 365
sta1 2011 7 28 209 13.3 21.6 12.4 2.9 0 -999.9 -999.9 365
sta1 2011 7 29 210 13.9 22.9 19 4.1 0.2 -999.9 -999.9 365
sta1 2011 7 30 211 9.9 19.9 15.7 3.3 0 -999.9 -999.9 365
sta1 2011 7 31 212 7 23 25.6 4.2 0.2 -999.9 -999.9 365
sta1 2011 8 1 213 8.9 25.4 26.8 4.7 0 -999.9 -999.9 365
sta1 2011 8 2 214 11.6 28.2 21.2 4.7 1.6 -999.9 -999.9 365
sta1 2011 8 3 215 17.8 24.7 10.5 3.6 0.8 -999.9 -999.9 365
sta1 2011 8 4 216 11.6 25.6 15 2.9 6.7 -999.9 -999.9 365
sta1 2011 8 5 217 12.9 21.4 10.3 1.8 4.7 -999.9 -999.9 365
sta1 2011 8 6 218 15 22.3 8.8 2.6 0.8 -999.9 -999.9 365
sta1 2011 8 7 219 11.6 21.4 19.1 4.3 8.5 -999.9 -999.9 365
sta1 2011 8 8 220 12.1 20.6 17.8 4.5 0.2 -999.9 -999.9 365
sta1 2011 8 9 221 12.3 19.8 18.6 4.3 0 -999.9 -999.9 365
sta1 2011 8 10 222 7.9 22.1 25 3.9 0 -999.9 -999.9 365
sta1 2011 8 11 223 11 25.5 16.9 4.9 0.4 -999.9 -999.9 365
sta1 2011 8 12 224 16.3 19.6 9.4 2.2 1 -999.9 -999.9 365
sta1 2011 8 13 225 13.5 20 6.9 1.4 20.5 -999.9 -999.9 365
sta1 2011 8 14 226 15 20.6 10.2 2.7 0.2 -999.9 -999.9 365
sta1 2011 8 15 227 9.8 22.6 22.9 3.8 0 -999.9 -999.9 365
sta1 2011 8 16 228 13.5 24.5 17 4.2 0 -999.9 -999.9 365
sta1 2011 8 17 229 11.7 24.1 14.4 2.9 0.2 -999.9 -999.9 365
sta1 2011 8 18 230 15.6 27.1 15.1 3.6 0 -999.9 -999.9 365
sta1 2011 8 19 231 16.4 22.3 16.4 3.7 0 -999.9 -999.9 365
sta1 2011 8 20 232 10.2 27.4 23.2 3.8 1.4 -999.9 -999.9 365
sta1 2011 8 21 233 18.3 29.6 16.4 4.7 0 -999.9 -999.9 365
sta1 2011 8 22 234 14.5 24 12.6 3.3 4.8 -999.9 -999.9 365
sta1 2011 8 23 235 16.2 25.7 16.1 3.9 9.1 -999.9 -999.9 365
sta1 2011 8 24 236 16.1 22 12 3.2 0 -999.9 -999.9 365
sta1 2011 8 25 237 13.9 24.7 15.7 3.8 12.3 -999.9 -999.9 365
sta1 2011 8 26 238 15.6 18.5 5.4 1.8 4.4 -999.9 -999.9 365
sta1 2011 8 27 239 11.6 18.7 12.3 2.8 3.6 -999.9 -999.9 365
sta1 2011 8 28 240 10.3 18.5 12.5 2.6 0.2 -999.9 -999.9 365
sta1 2011 8 29 241 9.1 18.9 16.1 2.9 0.2 -999.9 -999.9 365
sta1 2011 8 30 242 6.1 18.6 14.5 2.5 0.2 -999.9 -999.9 365
sta1 2011 8 31 243 6.9 19.6 18.3 2.4 0 -999.9 -999.9 365
sta1 2011 9 1 244 11.3 25.2 19 3.7 0 -999.9 -999.9 365
sta1 2011 9 2 245 14.9 27.7 19.1 3.7 0 -999.9 -999.9 365
sta1 2011 9 3 246 15.5 29.9 18.3 4.1 18.5 -999.9 -999.9 365
sta1 2011 9 4 247 16.5 22.2 10.4 2.9 1.2 -999.9 -999.9 365
sta1 2011 9 5 248 11 18.9 15 3.1 0.2 -999.9 -999.9 365
sta1 2011 9 6 249 11.7 18.8 8 2.2 7.4 -999.9 -999.9 365
sta1 2011 9 7 250 12.7 18.8 14.1 3.5 0 -999.9 -999.9 365
sta1 2011 9 8 251 13.4 18.2 4.5 1.9 5.6 -999.9 -999.9 365
sta1 2011 9 9 252 15.5 22.9 6.2 1.2 1.2 -999.9 -999.9 365
sta1 2011 9 10 253 16.4 29.2 16.3 3.9 0 -999.9 -999.9 365
sta1 2011 9 11 254 15.3 17.9 6.2 1.8 1 -999.9 -999.9 365
sta1 2011 9 12 255 13.1 22.3 9.3 2.7 0 -999.9 -999.9 365
sta1 2011 9 13 256 14 20.2 14 3.7 0 -999.9 -999.9 365
sta1 2011 9 14 257 8.1 18.6 12.7 2.2 0.2 -999.9 -999.9 365
sta1 2011 9 15 258 6.9 20 17.9 2.3 0 -999.9 -999.9 365
sta1 2011 9 16 259 8.9 21.6 10.2 2 0.4 -999.9 -999.9 365
sta1 2011 9 17 260 11.3 17.7 7.4 2.2 9.3 -999.9 -999.9 365
sta1 2011 9 18 261 8.9 15.7 9.2 1.5 5.4 -999.9 -999.9 365
sta1 2011 9 19 262 7.9 18.8 16.1 2.2 0.2 -999.9 -999.9 365
sta1 2011 9 20 263 10 17.9 7.7 1.7 0 -999.9 -999.9 365
sta1 2011 9 21 264 12.9 19.1 8.2 2.2 0 -999.9 -999.9 365
sta1 2011 9 22 265 10 18.6 12.4 2.1 0.2 -999.9 -999.9 365
sta1 2011 9 23 266 6.3 19.1 14 1.7 0.2 -999.9 -999.9 365
sta1 2011 9 24 267 6.9 21.6 15.5 1.9 0.2 -999.9 -999.9 365
sta1 2011 9 25 268 9 24.1 14.7 2.1 0.2 -999.9 -999.9 365
sta1 2011 9 26 269 12.5 24.8 13.3 2.7 0 -999.9 -999.9 365
sta1 2011 9 27 270 13.7 25.1 14.6 2.1 0.2 -999.9 -999.9 365
sta1 2011 9 28 271 13.2 26.7 15 3.2 0.2 -999.9 -999.9 365
sta1 2011 9 29 272 12.5 26.2 14.7 3.1 0 -999.9 -999.9 365
sta1 2011 9 30 273 11.7 26.9 14.3 2.8 0.2 -999.9 -999.9 365
sta1 2011 10 1 274 11.2 27.9 14 2.6 0 -999.9 -999.9 365
sta1 2011 10 2 275 10.9 26.4 13.8 2.4 0.2 -999.9 -999.9 365
sta1 2011 10 3 276 9.2 26.7 13.9 2.8 0 -999.9 -999.9 365
sta1 2011 10 4 277 12.8 18.3 3 0.7 0.2 -999.9 -999.9 365
sta1 2011 10 5 278 15.6 19 5.5 2.5 0.2 -999.9 -999.9 365
sta1 2011 10 6 279 11.1 17.4 4.8 2.5 6.3 -999.9 -999.9 365
sta1 2011 10 7 280 7.2 14.7 9.6 1.8 0.6 -999.9 -999.9 365
sta1 2011 10 8 281 6.9 13.2 5.7 1.3 2.8 -999.9 -999.9 365
sta1 2011 10 9 282 10.8 16.5 2.3 0.6 8.1 -999.9 -999.9 365
sta1 2011 10 10 283 15.2 18.2 4.5 2.1 0 -999.9 -999.9 365
sta1 2011 10 11 284 14.5 17.1 3.9 2 0.2 -999.9 -999.9 365
sta1 2011 10 12 285 13.4 15.6 4.3 1.2 1.4 -999.9 -999.9 365
sta1 2011 10 13 286 12.4 16.8 8.2 1.8 0.4 -999.9 -999.9 365
sta1 2011 10 14 287 5.1 15 12.5 1.9 0 -999.9 -999.9 365
sta1 2011 10 15 288 1 13.9 12.3 1.3 0 -999.9 -999.9 365
sta1 2011 10 16 289 1.8 16.3 11.4 0.9 0 -999.9 -999.9 365
sta1 2011 10 17 290 4.4 16.8 7.1 0.9 0 -999.9 -999.9 365
sta1 2011 10 18 291 7.9 12.9 2.2 0.9 3.8 -999.9 -999.9 365
sta1 2011 10 19 292 5.8 12.7 8.7 1.4 0.2 -999.9 -999.9 365
sta1 2011 10 20 293 1.3 11.1 10.2 1.1 0 -999.9 -999.9 365
sta1 2011 10 21 294 -1.3 11.8 10.6 0.9 0 -999.9 -999.9 365
sta1 2011 10 22 295 0.9 7.7 5.6 0.8 0.2 -999.9 -999.9 365
sta1 2011 10 23 296 2.6 15.3 10 1.1 0 -999.9 -999.9 365
sta1 2011 10 24 297 4.9 15.6 9.6 1.5 5.4 -999.9 -999.9 365
sta1 2011 10 25 298 10.3 16.2 4.3 1.5 2.9 -999.9 -999.9 365
sta1 2011 10 26 299 7.8 14.9 9.3 1.5 0 -999.9 -999.9 365
sta1 2011 10 27 300 7 17.1 8.3 1.6 0 -999.9 -999.9 365
sta1 2011 10 28 301 9.7 17.2 6.2 1 0 -999.9 -999.9 365
sta1 2011 10 29 302 11.4 17 3.9 0.7 0.2 -999.9 -999.9 365
sta1 2011 10 30 303 9.7 16.5 5.9 0.8 0 -999.9 -999.9 365
sta1 2011 10 31 304 7.6 16.6 8.2 0.9 0.4 -999.9 -999.9 365
sta1 2011 11 1 305 7.2 16.5 5.1 0.6 7.9 -999.9 -999.9 365
sta1 2011 11 2 306 8.3 14.1 4.1 0.4 0 -999.9 -999.9 365
sta1 2011 11 3 307 12.3 16.6 1.8 1.2 2 -999.9 -999.9 365
sta1 2011 11 4 308 11.6 17.4 6.3 1.6 4.6 -999.9 -999.9 365
sta1 2011 11 5 309 11.1 17.5 5 1.1 0.2 -999.9 -999.9 365
sta1 2011 11 6 310 11.2 13.3 2.7 1.3 0 -999.9 -999.9 365
sta1 2011 11 7 311 8.9 10 0.7 0.7 0.2 -999.9 -999.9 365
sta1 2011 11 8 312 8.5 11 1.1 0.2 0.8 -999.9 -999.9 365
sta1 2011 11 9 313 10 15.6 4.5 1.3 0 -999.9 -999.9 365
sta1 2011 11 10 314 6.1 8.2 2.9 0.5 0 -999.9 -999.9 365
sta1 2011 11 11 315 6 8 1.5 0.5 0 -999.9 -999.9 365
sta1 2011 11 12 316 4.8 12.6 5 0.8 0.2 -999.9 -999.9 365
sta1 2011 11 13 317 5.6 8.1 1.8 0.2 0 -999.9 -999.9 365
sta1 2011 11 14 318 3.4 7 3.3 0.5 0 -999.9 -999.9 365
sta1 2011 11 15 319 1.2 4.2 1.7 0.4 0 -999.9 -999.9 365
sta1 2011 11 16 320 0.7 3.5 1.7 0.2 0 -999.9 -999.9 365
sta1 2011 11 17 321 2.3 8.8 1.3 0.1 0.2 -999.9 -999.9 365
sta1 2011 11 18 322 7.7 10.3 1.8 0.4 0.2 -999.9 -999.9 365
sta1 2011 11 19 323 4.3 11 5.7 0.7 0.2 -999.9 -999.9 365
sta1 2011 11 20 324 0.2 13.3 5.6 0.6 0.2 -999.9 -999.9 365
sta1 2011 11 21 325 0.3 10.7 4.1 0.2 0.2 -999.9 -999.9 365
sta1 2011 11 22 326 4.1 13.3 4.7 0.7 1 -999.9 -999.9 365
sta1 2011 11 23 327 3.7 10.2 1.5 0 0 -999.9 -999.9 365
sta1 2011 11 24 328 7.9 9 0.9 0.2 0.2 -999.9 -999.9 365
sta1 2011 11 25 329 4.9 8.9 0.6 0.3 0.2 -999.9 -999.9 365
sta1 2011 11 26 330 1.8 9.3 4.1 0.1 0.2 -999.9 -999.9 365
sta1 2011 11 27 331 5.8 12.9 1.7 0.9 0 -999.9 -999.9 365
sta1 2011 11 28 332 0.6 6.8 2 0 0.2 -999.9 -999.9 365
sta1 2011 11 29 333 4.1 10.2 1.4 0.6 0.2 -999.9 -999.9 365
sta1 2011 11 30 334 3 10.9 4.6 0.7 0.8 -999.9 -999.9 365
sta1 2011 12 1 335 2.4 13.1 1.1 0 1.6 -999.9 -999.9 365
sta1 2011 12 2 336 5 9.4 4.2 0.7 0.8 -999.9 -999.9 365
sta1 2011 12 3 337 4.6 11.4 0.7 0.4 9.7 -999.9 -999.9 365
sta1 2011 12 4 338 8.3 11.4 1.3 0.6 16.1 -999.9 -999.9 365
sta1 2011 12 5 339 2.5 6.9 3.3 0.8 4.4 -999.9 -999.9 365
sta1 2011 12 6 340 4.1 8.6 2.2 1 8.6 -999.9 -999.9 365
sta1 2011 12 7 341 5.4 10.5 2.9 1.6 2 -999.9 -999.9 365
sta1 2011 12 8 342 1.2 11.4 1.9 0.5 3.8 -999.9 -999.9 365
sta1 2011 12 9 343 5 9 2.8 0.8 0 -999.9 -999.9 365
sta1 2011 12 10 344 0 5.9 2.5 0.1 0 -999.9 -999.9 365
sta1 2011 12 11 345 2.3 9.1 3.4 0.6 6 -999.9 -999.9 365
sta1 2011 12 12 346 5.5 9.8 3.8 1.2 1.6 -999.9 -999.9 365
sta1 2011 12 13 347 5 11.3 1.7 1.2 10.1 -999.9 -999.9 365
sta1 2011 12 14 348 4.8 8.5 2.5 1.2 1.2 -999.9 -999.9 365
sta1 2011 12 15 349 4.3 12.8 1.9 2.3 16.5 -999.9 -999.9 365
sta1 2011 12 16 350 2.9 11.6 0.9 1.1 6.4 -999.9 -999.9 365
sta1 2011 12 17 351 1.7 7.2 3.4 0.7 5.8 -999.9 -999.9 365
sta1 2011 12 18 352 0.6 4.8 4.2 0.7 4.4 -999.9 -999.9 365
sta1 2011 12 19 353 -1.7 5.8 2.8 0.5 4.2 -999.9 -999.9 365
sta1 2011 12 20 354 1 8 2.6 0.3 1.4 -999.9 -999.9 365
sta1 2011 12 21 355 2.7 10.2 0.7 0.1 3 -999.9 -999.9 365
sta1 2011 12 22 356 7.7 12.4 3.1 0.6 0.2 -999.9 -999.9 365
sta1 2011 12 23 357 8.1 9 1.2 0.8 2.4 -999.9 -999.9 365
sta1 2011 12 24 358 3.4 7.5 3.9 1 0 -999.9 -999.9 365
sta1 2011 12 25 359 3.7 9.8 2.1 0.4 0 -999.9 -999.9 365
sta1 2011 12 26 360 8 9.9 0.7 0.7 0.2 -999.9 -999.9 365
sta1 2011 12 27 361 1.4 6.1 2.2 0.1 0 -999.9 -999.9 365
sta1 2011 12 28 362 2.6 6.5 0.6 0.4 0.4 -999.9 -999.9 365
sta1 2011 12 29 363 2.4 8.2 2.2 0.7 9.2 -999.9 -999.9 365
sta1 2011 12 30 364 4 10.2 2.8 1.2 11.1 -999.9 -999.9 365
sta1 2011 12 31 365 5 12 1 0 0.8 -999.9 -999.9 365
