sta1 2015 1 1 1 -3.4 4.5 4.9 0.4 1 -999.9 -999.9 365
sta1 2015 1 2 2 1.3 9.9 2.2 0.6 0 -999.9 -999.9 365
sta1 2015 1 3 3 0.2 12.2 0.3 0.7 9.5 -999.9 -999.9 365
sta1 2015 1 4 4 1.2 6.7 3 0.5 0 -999.9 -999.9 365
sta1 2015 1 5 5 -2.9 -0.4 1.6 0 0 -999.9 -999.9 365
sta1 2015 1 6 6 -2.2 3.3 1.3 0.1 0 -999.9 -999.9 365
sta1 2015 1 7 7 -1.6 7.3 1.7 0.4 0 -999.9 -999.9 365
sta1 2015 1 8 8 2.8 10.7 0.7 0.2 9 -999.9 -999.9 365
sta1 2015 1 9 9 5.7 15 1.3 0.8 1 -999.9 -999.9 365
sta1 2015 1 10 10 8.6 13.3 1.6 1.4 2 -999.9 -999.9 365
sta1 2015 1 11 11 2.9 7.8 4.9 1.2 0 -999.9 -999.9 365
sta1 2015 1 12 12 6 10 1.5 1.5 0 -999.9 -999.9 365
sta1 2015 1 13 13 7.4 10.6 1.5 1.3 1.4 -999.9 -999.9 365
sta1 2015 1 14 14 0.8 9.8 3.7 1 5 -999.9 -999.9 365
sta1 2015 1 15 15 3.8 10.6 0.8 0.8 3.8 -999.9 -999.9 365
sta1 2015 1 16 16 3.3 7.8 3.2 0.6 5.8 -999.9 -999.9 365
sta1 2015 1 17 17 -0.8 6 6.1 0.5 0 -999.9 -999.9 365
sta1 2015 1 18 18 0.7 6.2 4.5 0.7 2.6 -999.9 -999.9 365
sta1 2015 1 19 19 -0.1 2 1.4 0.2 1.2 -999.9 -999.9 365
sta1 2015 1 20 20 -2.8 0.2 2.3 0.1 0 -999.9 -999.9 365
sta1 2015 1 21 21 -1.7 1.7 2.8 0.5 0 -999.9 -999.9 365
sta1 2015 1 22 22 -2.5 -0.1 2.8 0.3 0 -999.9 -999.9 365
sta1 2015 1 23 23 -1 2.8 4.2 0.5 1 -999.9 -999.9 365
sta1 2015 1 24 24 -2.3 5.9 4.4 0.4 2.8 -999.9 -999.9 365
sta1 2015 1 25 25 -1 5.3 2.7 0.3 0.2 -999.9 -999.9 365
sta1 2015 1 26 26 3.1 9.2 1.3 0.4 2.8 -999.9 -999.9 365
sta1 2015 1 27 27 0.3 7.3 4 0.5 0.2 -999.9 -999.9 365
sta1 2015 1 28 28 3.2 8.4 1.5 1 2.6 -999.9 -999.9 365
sta1 2015 1 29 29 1.9 4.9 1.8 0.7 5 -999.9 -999.9 365
sta1 2015 1 30 30 0.6 2.7 1.9 0.4 1.8 -999.9 -999.9 365
sta1 2015 1 31 31 -1.3 3.8 3 0.2 2.2 -999.9 -999.9 365
sta1 2015 2 1 32 0.7 4.7 2.3 0.6 6.5 -999.9 -999.9 365
sta1 2015 2 2 33 0.2 3.7 6.6 0.8 0 -999.9 -999.9 365
sta1 2015 2 3 34 -2.5 4 7.2 0.4 0 -999.9 -999.9 365
sta1 2015 2 4 35 -0.9 4.8 8.1 0.7 0 -999.9 -999.9 365
sta1 2015 2 5 36 -1.5 1.3 5.9 0.7 0 -999.9 -999.9 365
sta1 2015 2 6 37 -1.7 1 6.5 1.3 0 -999.9 -999.9 365
sta1 2015 2 7 38 -2.8 4.5 8.6 0.8 0 -999.9 -999.9 365
sta1 2015 2 8 39 2.8 6.6 4.4 0.9 1.4 -999.9 -999.9 365
sta1 2015 2 9 40 -1.9 2.9 2.6 0.1 0 -999.9 -999.9 365
sta1 2015 2 10 41 1.9 5.8 2.1 0.4 0 -999.9 -999.9 365
sta1 2015 2 11 42 2.6 4.3 2.7 0.8 0 -999.9 -999.9 365
sta1 2015 2 12 43 -2.2 2.5 3.4 0.4 0 -999.9 -999.9 365
sta1 2015 2 13 44 -0.9 11.1 7.8 0.7 3 -999.9 -999.9 365
sta1 2015 2 14 45 4.2 9.4 3.6 0.8 0.4 -999.9 -999.9 365
sta1 2015 2 15 46 3.1 10.5 9.6 0.9 0 -999.9 -999.9 365
sta1 2015 2 16 47 -0.6 3.9 3 0.1 0 -999.9 -999.9 365
sta1 2015 2 17 48 2.7 7.7 2.4 0.7 0.6 -999.9 -999.9 365
sta1 2015 2 18 49 -0.9 2.9 4.3 0.3 0 -999.9 -999.9 365
sta1 2015 2 19 50 0.6 6.7 5.5 0.8 1.2 -999.9 -999.9 365
sta1 2015 2 20 51 2.5 7.5 1.2 0.2 10.7 -999.9 -999.9 365
sta1 2015 2 21 52 2.1 5.5 4.5 0.6 0.6 -999.9 -999.9 365
sta1 2015 2 22 53 -1.4 7.7 10.3 0.8 10.3 -999.9 -999.9 365
sta1 2015 2 23 54 3.8 10.5 7.1 1.6 0.8 -999.9 -999.9 365
sta1 2015 2 24 55 2.5 9.9 8.2 1.5 0.6 -999.9 -999.9 365
sta1 2015 2 25 56 0.2 7.8 3.3 0.2 2.8 -999.9 -999.9 365
sta1 2015 2 26 57 5.9 10.2 2.7 0.4 9.3 -999.9 -999.9 365
sta1 2015 2 27 58 2.8 8.2 10.5 1.5 0 -999.9 -999.9 365
sta1 2015 2 28 59 -1.4 9.8 9 1.2 3 -999.9 -999.9 365
sta1 2015 3 1 60 7.2 12.1 7.5 1.9 0 -999.9 -999.9 365
sta1 2015 3 2 61 3.6 9.1 9.4 1.6 4.6 -999.9 -999.9 365
sta1 2015 3 3 62 1.3 9.7 6.6 1.4 4 -999.9 -999.9 365
sta1 2015 3 4 63 0.3 8.9 11.5 1.3 1 -999.9 -999.9 365
sta1 2015 3 5 64 -1.1 10 12.2 0.9 0 -999.9 -999.9 365
sta1 2015 3 6 65 -1.3 11.1 12.3 0.9 0 -999.9 -999.9 365
sta1 2015 3 7 66 -0.1 13.7 10.4 1.6 0 -999.9 -999.9 365
sta1 2015 3 8 67 0.2 18.2 14.6 1.8 0 -999.9 -999.9 365
sta1 2015 3 9 68 7.1 12.5 4.9 1 0.2 -999.9 -999.9 365
sta1 2015 3 10 69 6.6 13.8 7.6 1.6 0 -999.9 -999.9 365
sta1 2015 3 11 70 1.4 12.1 12.4 1.6 0 -999.9 -999.9 365
sta1 2015 3 12 71 -1.9 13.7 15.6 2.1 0 -999.9 -999.9 365
sta1 2015 3 13 72 -1.2 12.2 13 1.7 0 -999.9 -999.9 365
sta1 2015 3 14 73 1.8 10 12.6 2 0.4 -999.9 -999.9 365
sta1 2015 3 15 74 3.7 7 4.7 1.1 0.4 -999.9 -999.9 365
sta1 2015 3 16 75 -0.3 12.4 13.9 1.2 0 -999.9 -999.9 365
sta1 2015 3 17 76 2.8 17.1 15.4 2.1 0 -999.9 -999.9 365
sta1 2015 3 18 77 5.4 13 12.2 2 0 -999.9 -999.9 365
sta1 2015 3 19 78 5.4 8.1 2.4 1.1 0 -999.9 -999.9 365
sta1 2015 3 20 79 6.2 11.4 10.5 1.9 0 -999.9 -999.9 365
sta1 2015 3 21 80 2.6 9.1 6.2 1.1 0 -999.9 -999.9 365
sta1 2015 3 22 81 4.9 9.3 13.8 2 0 -999.9 -999.9 365
sta1 2015 3 23 82 -1.1 12.3 17 1.6 0 -999.9 -999.9 365
sta1 2015 3 24 83 -0.3 9.2 7.7 0.9 7.9 -999.9 -999.9 365
sta1 2015 3 25 84 4 7.9 6.3 1.3 1.2 -999.9 -999.9 365
sta1 2015 3 26 85 -2.1 8.1 4.9 0.3 4.4 -999.9 -999.9 365
sta1 2015 3 27 86 1.5 11.5 14.1 1.6 0 -999.9 -999.9 365
sta1 2015 3 28 87 1.9 16.1 4.8 0.7 1.6 -999.9 -999.9 365
sta1 2015 3 29 88 9.3 12.6 2.8 1.3 3 -999.9 -999.9 365
sta1 2015 3 30 89 8.2 12.6 13.4 2.9 2.4 -999.9 -999.9 365
sta1 2015 3 31 90 8.2 12.8 9.9 3.6 1 -999.9 -999.9 365
sta1 2015 4 1 91 3.7 11 16.7 2.8 2 -999.9 -999.9 365
sta1 2015 4 2 92 6.4 10.4 11 2.2 4 -999.9 -999.9 365
sta1 2015 4 3 93 2.2 8.8 3.1 0.2 4.4 -999.9 -999.9 365
sta1 2015 4 4 94 6.1 8.3 5.7 1.2 0.6 -999.9 -999.9 365
sta1 2015 4 5 95 1.1 11 18.4 2.1 0 -999.9 -999.9 365
sta1 2015 4 6 96 0.8 12.1 12.8 1.5 0 -999.9 -999.9 365
sta1 2015 4 7 97 1.4 14.6 20.5 2.3 0 -999.9 -999.9 365
sta1 2015 4 8 98 2.4 16.4 19.6 2.1 0 -999.9 -999.9 365
sta1 2015 4 9 99 3 19.7 21 2.7 0 -999.9 -999.9 365
sta1 2015 4 10 100 4.4 22.2 20.4 3.4 1 -999.9 -999.9 365
sta1 2015 4 11 101 10.9 15.1 7.2 2.9 0.2 -999.9 -999.9 365
sta1 2015 4 12 102 0.8 18.4 21.1 2.4 0 -999.9 -999.9 365
sta1 2015 4 13 103 5.3 17.2 17.1 2.3 0 -999.9 -999.9 365
sta1 2015 4 14 104 6 23 22.2 3.5 0 -999.9 -999.9 365
sta1 2015 4 15 105 7.5 26.2 22.5 4 0 -999.9 -999.9 365
sta1 2015 4 16 106 9.2 22.2 16.2 3.4 0 -999.9 -999.9 365
sta1 2015 4 17 107 8.9 16.1 14.2 4.2 0 -999.9 -999.9 365
sta1 2015 4 18 108 5 15.6 23.9 4.2 0 -999.9 -999.9 365
sta1 2015 4 19 109 3.9 16.1 24 3.4 0 -999.9 -999.9 365
sta1 2015 4 20 110 4.6 20.1 22.3 4 0 -999.9 -999.9 365
sta1 2015 4 21 111 6.5 21 23.8 4.2 0 -999.9 -999.9 365
sta1 2015 4 22 112 5 16.8 24.5 3.4 0 -999.9 -999.9 365
sta1 2015 4 23 113 4 18.9 24.4 3.2 0 -999.9 -999.9 365
sta1 2015 4 24 114 3.8 22.4 21.7 3 3.8 -999.9 -999.9 365
sta1 2015 4 25 115 11 18.3 12.6 2.6 4 -999.9 -999.9 365
sta1 2015 4 26 116 11.1 16.6 11.1 1.9 5.4 -999.9 -999.9 365
sta1 2015 4 27 117 7.7 13 18.7 3.4 0 -999.9 -999.9 365
sta1 2015 4 28 118 0.7 13.1 22.5 2.7 0 -999.9 -999.9 365
sta1 2015 4 29 119 2.9 15.2 16.7 2.7 3.8 -999.9 -999.9 365
sta1 2015 4 30 120 6.3 12.9 9.6 1.5 4.4 -999.9 -999.9 365
sta1 2015 5 1 121 5.3 12.3 9.1 1.5 0.8 -999.9 -999.9 365
sta1 2015 5 2 122 7.7 13.4 7.6 1.2 3.4 -999.9 -999.9 365
sta1 2015 5 3 123 11.3 19.5 7.7 1.9 2.4 -999.9 -999.9 365
sta1 2015 5 4 124 9.6 19.6 17.6 2.6 5.8 -999.9 -999.9 365
sta1 2015 5 5 125 13.1 19.6 19.8 4.4 2.8 -999.9 -999.9 365
sta1 2015 5 6 126 8.1 16.5 20.5 3.3 1.2 -999.9 -999.9 365
sta1 2015 5 7 127 5.2 16.6 22.1 2.9 0 -999.9 -999.9 365
sta1 2015 5 8 128 9.7 18.8 17.2 3.2 0 -999.9 -999.9 365
sta1 2015 5 9 129 12.4 19 19.3 4.1 0 -999.9 -999.9 365
sta1 2015 5 10 130 7.5 20.6 23.2 3.1 0.2 -999.9 -999.9 365
sta1 2015 5 11 131 10.9 25.7 20.9 4.1 0 -999.9 -999.9 365
sta1 2015 5 12 132 11 18.2 21.9 3.9 0 -999.9 -999.9 365
sta1 2015 5 13 133 3.8 20.2 24.3 3.3 0 -999.9 -999.9 365
sta1 2015 5 14 134 8.8 15.2 7.7 2 6.3 -999.9 -999.9 365
sta1 2015 5 15 135 5.5 15.4 13.6 2.2 0.2 -999.9 -999.9 365
sta1 2015 5 16 136 3.7 16.9 9.9 1.3 0.4 -999.9 -999.9 365
sta1 2015 5 17 137 4.8 18.1 24 3.2 0 -999.9 -999.9 365
sta1 2015 5 18 138 5 18.7 18.6 2.9 3 -999.9 -999.9 365
sta1 2015 5 19 139 5.8 15.1 23 3.2 2.2 -999.9 -999.9 365
sta1 2015 5 20 140 4.6 15.5 23.5 3.3 0 -999.9 -999.9 365
sta1 2015 5 21 141 3.1 17.7 24.6 3.1 0 -999.9 -999.9 365
sta1 2015 5 22 142 5.4 19.1 19.5 2.8 0 -999.9 -999.9 365
sta1 2015 5 23 143 9.3 20.7 17 3 1.2 -999.9 -999.9 365
sta1 2015 5 24 144 8.4 20.5 27.3 4 0 -999.9 -999.9 365
sta1 2015 5 25 145 11.7 18.2 18.4 3.9 0 -999.9 -999.9 365
sta1 2015 5 26 146 7 18.2 18.5 3.3 0 -999.9 -999.9 365
sta1 2015 5 27 147 5.5 20.8 23.6 3.6 0 -999.9 -999.9 365
sta1 2015 5 28 148 9.6 17.4 13.4 3.1 0 -999.9 -999.9 365
sta1 2015 5 29 149 5.3 16.4 13.7 2.4 1 -999.9 -999.9 365
sta1 2015 5 30 150 5 17.8 21.4 3.2 0 -999.9 -999.9 365
sta1 2015 5 31 151 7.9 16.3 7.4 1.1 6.3 -999.9 -999.9 365
sta1 2015 6 1 152 5.8 17.6 23.2 3.5 0.2 -999.9 -999.9 365
sta1 2015 6 2 153 9.9 21.4 8.6 3.1 0.2 -999.9 -999.9 365
sta1 2015 6 3 154 12.4 19.2 19.4 4.5 0 -999.9 -999.9 365
sta1 2015 6 4 155 5.9 24.7 30.3 4.1 0 -999.9 -999.9 365
sta1 2015 6 5 156 13.7 32.2 22.2 5.8 6.6 -999.9 -999.9 365
sta1 2015 6 6 157 10.6 19.5 30.6 4.8 0 -999.9 -999.9 365
sta1 2015 6 7 158 4 20.5 29 3.6 0 -999.9 -999.9 365
sta1 2015 6 8 159 7.5 18.7 30.4 4.6 0 -999.9 -999.9 365
sta1 2015 6 9 160 8.7 17.7 28.8 4.9 0 -999.9 -999.9 365
sta1 2015 6 10 161 8 23 29.8 5.1 0 -999.9 -999.9 365
sta1 2015 6 11 162 14.1 27.1 28.8 5.8 0 -999.9 -999.9 365
sta1 2015 6 12 163 17.6 28.5 23.1 6.5 0 -999.9 -999.9 365
sta1 2015 6 13 164 14 23.9 25.7 5.7 0 -999.9 -999.9 365
sta1 2015 6 14 165 6.8 23.1 27.4 3.6 0 -999.9 -999.9 365
sta1 2015 6 15 166 13.3 19.2 14.5 3.7 0 -999.9 -999.9 365
sta1 2015 6 16 167 9.5 19.9 28.8 4.9 0 -999.9 -999.9 365
sta1 2015 6 17 168 5.7 24.9 27.7 4 0.6 -999.9 -999.9 365
sta1 2015 6 18 169 15.1 20.3 13.4 3.5 0.8 -999.9 -999.9 365
sta1 2015 6 19 170 7.2 19.2 18.9 3 0 -999.9 -999.9 365
sta1 2015 6 20 171 11.5 20.4 20.7 3.8 0.8 -999.9 -999.9 365
sta1 2015 6 21 172 13.7 22.4 17.3 4.2 1.6 -999.9 -999.9 365
sta1 2015 6 22 173 9.9 14.1 5.2 1.2 17.4 -999.9 -999.9 365
sta1 2015 6 23 174 9.6 18.3 17 2.9 0.4 -999.9 -999.9 365
sta1 2015 6 24 175 5.5 22.9 26.8 3.6 0 -999.9 -999.9 365
sta1 2015 6 25 176 12.1 26.4 28.1 4.8 0 -999.9 -999.9 365
sta1 2015 6 26 177 12.9 29.6 22.3 5 0 -999.9 -999.9 365
sta1 2015 6 27 178 13.8 22.7 30.2 5.5 0 -999.9 -999.9 365
sta1 2015 6 28 179 8.7 27 26.9 4.7 0 -999.9 -999.9 365
sta1 2015 6 29 180 12 25.5 23.6 4.4 0 -999.9 -999.9 365
sta1 2015 6 30 181 12.2 30.8 30 6.3 0 -999.9 -999.9 365
sta1 2015 7 1 182 16.3 36 29 8 0 -999.9 -999.9 365
sta1 2015 7 2 183 17 27.8 21.8 4.8 0 -999.9 -999.9 365
sta1 2015 7 3 184 16.7 33.1 26.6 6.2 0 -999.9 -999.9 365
sta1 2015 7 4 185 20 29.5 21.6 5.7 0.2 -999.9 -999.9 365
sta1 2015 7 5 186 15.5 24.9 16.2 4.2 2.2 -999.9 -999.9 365
sta1 2015 7 6 187 11 29 28.8 5.5 0 -999.9 -999.9 365
sta1 2015 7 7 188 14.5 26.7 16 4.7 3.4 -999.9 -999.9 365
sta1 2015 7 8 189 11.2 19.6 12 2.7 2.8 -999.9 -999.9 365
sta1 2015 7 9 190 12.8 20.7 23.6 4.9 0 -999.9 -999.9 365
sta1 2015 7 10 191 7.9 26.9 29.7 5.6 0 -999.9 -999.9 365
sta1 2015 7 11 192 12.5 27.5 28.5 6.5 0 -999.9 -999.9 365
sta1 2015 7 12 193 9.4 22.6 14.8 2.9 1.6 -999.9 -999.9 365
sta1 2015 7 13 194 15.1 20.9 6.7 1.9 0.4 -999.9 -999.9 365
sta1 2015 7 14 195 17.2 23.6 12.2 3.8 0 -999.9 -999.9 365
sta1 2015 7 15 196 13.3 26.3 14.6 3.2 0.4 -999.9 -999.9 365
sta1 2015 7 16 197 15.1 34 25.5 6.6 0 -999.9 -999.9 365
sta1 2015 7 17 198 20.1 29.9 23.9 7.5 0 -999.9 -999.9 365
sta1 2015 7 18 199 13.8 26.4 20.8 5.3 6.7 -999.9 -999.9 365
sta1 2015 7 19 200 14.6 25.1 14.2 3.6 0.4 -999.9 -999.9 365
sta1 2015 7 20 201 17.1 24.9 8.6 2.2 1.6 -999.9 -999.9 365
sta1 2015 7 21 202 17.6 28.2 12.7 3.8 0 -999.9 -999.9 365
sta1 2015 7 22 203 16.9 26 21 5.8 0 -999.9 -999.9 365
sta1 2015 7 23 204 11 23.7 19.8 4.2 0 -999.9 -999.9 365
sta1 2015 7 24 205 13.7 27.2 14.9 4.6 1.8 -999.9 -999.9 365
sta1 2015 7 25 206 13.1 20.3 14.3 4.1 0.2 -999.9 -999.9 365
sta1 2015 7 26 207 6.9 19.4 8.9 1.5 7 -999.9 -999.9 365
sta1 2015 7 27 208 13.5 21.8 12.5 3.7 1.4 -999.9 -999.9 365
sta1 2015 7 28 209 13.4 19.8 12.8 4.4 0 -999.9 -999.9 365
sta1 2015 7 29 210 8.7 21.9 21.4 4.5 0 -999.9 -999.9 365
sta1 2015 7 30 211 7.6 19.8 20.5 3.4 0.2 -999.9 -999.9 365
sta1 2015 7 31 212 6.5 22 21.3 3.1 0 -999.9 -999.9 365
sta1 2015 8 1 213 9 25.6 24.6 4.9 0 -999.9 -999.9 365
sta1 2015 8 2 214 7.2 28.4 25.9 4.9 0 -999.9 -999.9 365
sta1 2015 8 3 215 14.1 33.1 24.3 7.2 3 -999.9 -999.9 365
sta1 2015 8 4 216 15.1 24.3 16.4 4 0.6 -999.9 -999.9 365
sta1 2015 8 5 217 11.3 29.6 24.4 5 0 -999.9 -999.9 365
sta1 2015 8 6 218 13.3 29.1 24.5 5.4 0 -999.9 -999.9 365
sta1 2015 8 7 219 13.8 28.6 17.5 3.6 0 -999.9 -999.9 365
sta1 2015 8 8 220 13.7 27.5 18.9 5 0 -999.9 -999.9 365
sta1 2015 8 9 221 16 24.6 11.6 4.5 0 -999.9 -999.9 365
sta1 2015 8 10 222 13.3 26.8 20.5 4.4 0 -999.9 -999.9 365
sta1 2015 8 11 223 13.5 27.9 20.5 4.4 0 -999.9 -999.9 365
sta1 2015 8 12 224 17.8 31.4 19.6 6.3 0 -999.9 -999.9 365
sta1 2015 8 13 225 20.5 34.7 16.2 6.3 6.2 -999.9 -999.9 365
sta1 2015 8 14 226 17.3 26 15.4 4.3 0.8 -999.9 -999.9 365
sta1 2015 8 15 227 15.9 20.3 8 2.3 10.5 -999.9 -999.9 365
sta1 2015 8 16 228 12.2 22.3 14.6 3.3 0 -999.9 -999.9 365
sta1 2015 8 17 229 9.8 18.8 9.1 1.9 3.6 -999.9 -999.9 365
sta1 2015 8 18 230 12.2 18.6 6.9 1.8 2.8 -999.9 -999.9 365
sta1 2015 8 19 231 11.7 24.7 19 4.1 0.8 -999.9 -999.9 365
sta1 2015 8 20 232 14.7 21.4 9.4 2.2 0.8 -999.9 -999.9 365
sta1 2015 8 21 233 13.1 27.8 22.8 4 0 -999.9 -999.9 365
sta1 2015 8 22 234 15.6 29 22.7 6.2 0 -999.9 -999.9 365
sta1 2015 8 23 235 15.7 23 10 3.2 3 -999.9 -999.9 365
sta1 2015 8 24 236 12.7 20.5 11 2.4 8 -999.9 -999.9 365
sta1 2015 8 25 237 12.4 19.4 12.8 2.6 0.4 -999.9 -999.9 365
sta1 2015 8 26 238 15.1 27 16.9 4.7 1 -999.9 -999.9 365
sta1 2015 8 27 239 13.7 16 3 1.2 15.7 -999.9 -999.9 365
sta1 2015 8 28 240 12.5 22 18.4 3.2 0 -999.9 -999.9 365
sta1 2015 8 29 241 11.5 27.8 20.8 3.3 0 -999.9 -999.9 365
sta1 2015 8 30 242 17.7 31.5 18.5 4.2 0 -999.9 -999.9 365
sta1 2015 8 31 243 19.3 29.4 12.2 4.2 1.8 -999.9 -999.9 365
sta1 2015 9 1 244 16.1 20.1 11 3.1 1 -999.9 -999.9 365
sta1 2015 9 2 245 8.2 19.9 15.5 2.4 0.2 -999.9 -999.9 365
sta1 2015 9 3 246 6.3 18.7 12.4 1.8 9.3 -999.9 -999.9 365
sta1 2015 9 4 247 9 16.7 8.3 1.8 0.2 -999.9 -999.9 365
sta1 2015 9 5 248 9.8 17.6 7.6 2.2 0 -999.9 -999.9 365
sta1 2015 9 6 249 6.5 16.9 11.1 2.4 0 -999.9 -999.9 365
sta1 2015 9 7 250 4.8 17.9 8.1 1.2 0 -999.9 -999.9 365
sta1 2015 9 8 251 10.4 17.4 9.5 2 0.2 -999.9 -999.9 365
sta1 2015 9 9 252 9 21.6 18.2 3.1 0 -999.9 -999.9 365
sta1 2015 9 10 253 9.6 22 19.2 3.9 0 -999.9 -999.9 365
sta1 2015 9 11 254 7.7 22.4 18.4 3.2 0 -999.9 -999.9 365
sta1 2015 9 12 255 13.3 18.3 4.8 1.5 17.4 -999.9 -999.9 365
sta1 2015 9 13 256 9.5 18.9 5.2 1.1 8 -999.9 -999.9 365
sta1 2015 9 14 257 11.9 18.5 8.9 2.1 5.4 -999.9 -999.9 365
sta1 2015 9 15 258 10.5 18.5 17.4 3.3 4.2 -999.9 -999.9 365
sta1 2015 9 16 259 12.6 18.5 3.5 0.9 8.8 -999.9 -999.9 365
sta1 2015 9 17 260 13.2 18.6 6.9 2.3 4.6 -999.9 -999.9 365
sta1 2015 9 18 261 9.7 17.3 7.6 1.5 11.5 -999.9 -999.9 365
sta1 2015 9 19 262 9.3 19 9.7 1.8 0 -999.9 -999.9 365
sta1 2015 9 20 263 5.4 19.6 16.9 1.8 0.2 -999.9 -999.9 365
sta1 2015 9 21 264 6.3 18.3 13.5 1.6 0.8 -999.9 -999.9 365
sta1 2015 9 22 265 11.9 15.4 7.7 1.8 5 -999.9 -999.9 365
sta1 2015 9 23 266 8.2 17.2 11.3 1.9 0.2 -999.9 -999.9 365
sta1 2015 9 24 267 9.2 16.4 6.5 1 2 -999.9 -999.9 365
sta1 2015 9 25 268 7.3 18.6 9.9 1.5 0 -999.9 -999.9 365
sta1 2015 9 26 269 7.7 17.2 13.9 1.9 0 -999.9 -999.9 365
sta1 2015 9 27 270 7.9 18.5 15.9 2.6 0 -999.9 -999.9 365
sta1 2015 9 28 271 7.6 18 15.4 2.4 0 -999.9 -999.9 365
sta1 2015 9 29 272 7.7 18.9 15.7 3 0 -999.9 -999.9 365
sta1 2015 9 30 273 8.2 18.5 15.4 3.2 0 -999.9 -999.9 365
sta1 2015 10 1 274 7.1 16 15.3 3 0 -999.9 -999.9 365
sta1 2015 10 2 275 5.5 19.2 14.8 2.3 0 -999.9 -999.9 365
sta1 2015 10 3 276 5.6 20.2 13.2 1.6 0 -999.9 -999.9 365
sta1 2015 10 4 277 3.9 18.4 11.3 1.3 0.4 -999.9 -999.9 365
sta1 2015 10 5 278 11.5 18 4.1 0.8 15.7 -999.9 -999.9 365
sta1 2015 10 6 279 14.9 20.5 6.6 1.9 5.2 -999.9 -999.9 365
sta1 2015 10 7 280 12.9 14.9 2.9 1.5 0.8 -999.9 -999.9 365
sta1 2015 10 8 281 9.8 15.5 7.3 1.8 0.2 -999.9 -999.9 365
sta1 2015 10 9 282 3.8 16.6 10.9 0.9 0 -999.9 -999.9 365
sta1 2015 10 10 283 7.4 16.3 8.6 1.3 0.2 -999.9 -999.9 365
sta1 2015 10 11 284 6.5 14.7 11.1 1.2 0 -999.9 -999.9 365
sta1 2015 10 12 285 5.4 13.9 9.4 1 0 -999.9 -999.9 365
sta1 2015 10 13 286 5 9.6 9.2 1.4 0 -999.9 -999.9 365
sta1 2015 10 14 287 0.9 9.3 4.2 0.7 5.6 -999.9 -999.9 365
sta1 2015 10 15 288 3.2 6.8 3.6 0.6 4.6 -999.9 -999.9 365
sta1 2015 10 16 289 4.5 8.5 1.4 0.2 0.6 -999.9 -999.9 365
sta1 2015 10 17 290 6.5 10.8 2.1 0.2 1.4 -999.9 -999.9 365
sta1 2015 10 18 291 7.3 12.4 6.3 1.3 0 -999.9 -999.9 365
sta1 2015 10 19 292 4.7 12.1 2.2 0.1 0 -999.9 -999.9 365
sta1 2015 10 20 293 8 12.1 2.7 0.5 1 -999.9 -999.9 365
sta1 2015 10 21 294 3 13 5.1 0.4 2 -999.9 -999.9 365
sta1 2015 10 22 295 10.2 14.9 3.4 0.7 0.6 -999.9 -999.9 365
sta1 2015 10 23 296 10.1 13.9 2.7 0.9 0 -999.9 -999.9 365
sta1 2015 10 24 297 7.9 14.6 6 1 0 -999.9 -999.9 365
sta1 2015 10 25 298 9.8 12.3 3.3 0.8 0.2 -999.9 -999.9 365
sta1 2015 10 26 299 6.8 14.6 9.2 0.5 0.2 -999.9 -999.9 365
sta1 2015 10 27 300 8.6 18.2 6.6 1.4 4.4 -999.9 -999.9 365
sta1 2015 10 28 301 10.7 15 2.7 0.8 1.8 -999.9 -999.9 365
sta1 2015 10 29 302 6.3 12.5 2.4 0.3 0.2 -999.9 -999.9 365
sta1 2015 10 30 303 6.4 14.6 6.4 0.9 0 -999.9 -999.9 365
sta1 2015 10 31 304 6.8 15.2 9.1 1.1 0.2 -999.9 -999.9 365
sta1 2015 11 1 305 4.7 15.7 8.9 0.7 0.4 -999.9 -999.9 365
sta1 2015 11 2 306 5.2 8.2 1.8 0.1 0 -999.9 -999.9 365
sta1 2015 11 3 307 5.5 13.5 4.1 1 0 -999.9 -999.9 365
sta1 2015 11 4 308 9.1 14.6 2.2 0.4 1 -999.9 -999.9 365
sta1 2015 11 5 309 9.3 18.2 4.1 0.9 2.6 -999.9 -999.9 365
sta1 2015 11 6 310 14.2 17.4 2.6 0.6 2.2 -999.9 -999.9 365
sta1 2015 11 7 311 15.8 19.3 3.3 1.3 0 -999.9 -999.9 365
sta1 2015 11 8 312 8.8 19.3 5.1 0.3 0.8 -999.9 -999.9 365
sta1 2015 11 9 313 11.4 15.5 6.4 1.3 0 -999.9 -999.9 365
sta1 2015 11 10 314 10.6 13.3 1.5 0.8 0.2 -999.9 -999.9 365
sta1 2015 11 11 315 6.4 14.2 4 0.4 0.8 -999.9 -999.9 365
sta1 2015 11 12 316 10.2 14.8 4.5 0.5 0 -999.9 -999.9 365
sta1 2015 11 13 317 9.6 14.1 3.4 1.3 1.8 -999.9 -999.9 365
sta1 2015 11 14 318 6.4 12.6 2.6 1.2 2 -999.9 -999.9 365
sta1 2015 11 15 319 8.7 15.6 3.5 1 0 -999.9 -999.9 365
sta1 2015 11 16 320 8.9 14.4 1.6 0.7 5.8 -999.9 -999.9 365
sta1 2015 11 17 321 13 16.6 2.7 1.3 1.2 -999.9 -999.9 365
sta1 2015 11 18 322 11.4 14.2 4.5 1.6 0 -999.9 -999.9 365
sta1 2015 11 19 323 12.1 14.7 1.1 1.1 10.3 -999.9 -999.9 365
sta1 2015 11 20 324 6 8.7 0.5 0.2 12 -999.9 -999.9 365
sta1 2015 11 21 325 1.7 6.5 2.6 0.5 7 -999.9 -999.9 365
sta1 2015 11 22 326 1.2 6.5 3.8 0.6 0.8 -999.9 -999.9 365
sta1 2015 11 23 327 -2.7 1.8 2.7 0.1 0.6 -999.9 -999.9 365
sta1 2015 11 24 328 -0.3 7 0.9 0.1 6 -999.9 -999.9 365
sta1 2015 11 25 329 3.1 10 4.4 0.7 3.2 -999.9 -999.9 365
sta1 2015 11 26 330 2.4 9.2 4 0.5 0.2 -999.9 -999.9 365
sta1 2015 11 27 331 -0.2 7.4 1.2 0.2 1 -999.9 -999.9 365
sta1 2015 11 28 332 1.5 9.6 5.2 0.8 6 -999.9 -999.9 365
sta1 2015 11 29 333 7 11.9 1.9 0.9 3.5 -999.9 -999.9 365
sta1 2015 11 30 334 10 12.2 1.8 1.5 0.2 -999.9 -999.9 365
sta1 2015 12 1 335 10.6 12.3 1.2 0.8 0 -999.9 -999.9 365
sta1 2015 12 2 336 9 11.8 2.5 1.5 0 -999.9 -999.9 365
sta1 2015 12 3 337 3.8 10.4 1.7 0.7 1.2 -999.9 -999.9 365
sta1 2015 12 4 338 6.6 10.9 4.9 1 0.6 -999.9 -999.9 365
sta1 2015 12 5 339 1.7 8.7 3.8 0.5 0 -999.9 -999.9 365
sta1 2015 12 6 340 4.8 11.6 2.9 0.3 0 -999.9 -999.9 365
sta1 2015 12 7 341 4.6 12.2 3.1 0.5 0 -999.9 -999.9 365
sta1 2015 12 8 342 4.5 10.6 2 0.1 4.2 -999.9 -999.9 365
sta1 2015 12 9 343 3.3 10.1 4.4 0.5 0.2 -999.9 -999.9 365
sta1 2015 12 10 344 3.2 5.4 2.9 0.6 0 -999.9 -999.9 365
sta1 2015 12 11 345 1.8 9.8 0.8 0 2 -999.9 -999.9 365
sta1 2015 12 12 346 8.1 11.1 1.2 0.5 0 -999.9 -999.9 365
sta1 2015 12 13 347 7.1 9.5 2.1 0.6 0 -999.9 -999.9 365
sta1 2015 12 14 348 3.5 6.6 2.2 0.2 0.4 -999.9 -999.9 365
sta1 2015 12 15 349 3.6 11.7 1.9 0.3 7.3 -999.9 -999.9 365
sta1 2015 12 16 350 8.9 13.9 2 0 0 -999.9 -999.9 365
sta1 2015 12 17 351 10.2 15.5 3.1 0.9 0 -999.9 -999.9 365
sta1 2015 12 18 352 9.6 12.9 1.8 0.5 0 -999.9 -999.9 365
sta1 2015 12 19 353 9.2 14.7 3.6 0.9 0 -999.9 -999.9 365
sta1 2015 12 20 354 8.2 13.2 2.6 0.8 0.2 -999.9 -999.9 365
sta1 2015 12 21 355 8.8 11.9 2.8 1 3.2 -999.9 -999.9 365
sta1 2015 12 22 356 10.7 14.1 2.6 1.8 1 -999.9 -999.9 365
sta1 2015 12 23 357 7.3 12.1 3.4 0.8 0.4 -999.9 -999.9 365
sta1 2015 12 24 358 5.6 12.4 2.2 0.5 3.2 -999.9 -999.9 365
sta1 2015 12 25 359 7.8 12.7 1.1 0.7 1 -999.9 -999.9 365
sta1 2015 12 26 360 8.8 13.3 4.2 1.2 0 -999.9 -999.9 365
sta1 2015 12 27 361 7.4 12.7 3.7 1.1 0 -999.9 -999.9 365
sta1 2015 12 28 362 4.5 10.2 4.1 0.8 0 -999.9 -999.9 365
sta1 2015 12 29 363 5.6 11.5 2.4 0.9 0.4 -999.9 -999.9 365
sta1 2015 12 30 364 4.5 9.9 3.4 0.7 3.2 -999.9 -999.9 365
sta1 2015 12 31 365 5.6 10.6 4.4 1.1 0.2 -999.9 -999.9 365
