sta1 2012 1 1 1 11.1 13.9 0.8 0.9 8.7 -999.9 -999.9 365
sta1 2012 1 2 2 2.6 9 2.4 0.3 2.8 -999.9 -999.9 365
sta1 2012 1 3 3 3.1 12.3 0.9 0.8 2.4 -999.9 -999.9 365
sta1 2012 1 4 4 4.1 9.2 3.8 1.2 4.2 -999.9 -999.9 365
sta1 2012 1 5 5 7 11.4 2.2 2.1 4.4 -999.9 -999.9 365
sta1 2012 1 6 6 2.3 7.9 4.1 1.2 0 -999.9 -999.9 365
sta1 2012 1 7 7 1.7 11.4 2.5 0.5 1.6 -999.9 -999.9 365
sta1 2012 1 8 8 4.1 8.3 1.9 0.9 0.8 -999.9 -999.9 365
sta1 2012 1 9 9 6.1 10.9 3.1 0.6 0.2 -999.9 -999.9 365
sta1 2012 1 10 10 7.3 10.3 1.8 0.5 0 -999.9 -999.9 365
sta1 2012 1 11 11 7.2 11 4.1 0.8 0.2 -999.9 -999.9 365
sta1 2012 1 12 12 2.9 9.2 3.3 0.4 0.2 -999.9 -999.9 365
sta1 2012 1 13 13 0.4 7.6 4.9 0.3 0.2 -999.9 -999.9 365
sta1 2012 1 14 14 -2.9 7.1 5 0.5 0 -999.9 -999.9 365
sta1 2012 1 15 15 -1.9 5.2 5.6 0.4 0 -999.9 -999.9 365
sta1 2012 1 16 16 -2.4 4.7 5.5 1 0 -999.9 -999.9 365
sta1 2012 1 17 17 -3.3 3.5 5.2 0.7 0 -999.9 -999.9 365
sta1 2012 1 18 18 -3.5 9.8 1.6 0.6 1.2 -999.9 -999.9 365
sta1 2012 1 19 19 4.1 11.8 0.6 0 5.8 -999.9 -999.9 365
sta1 2012 1 20 20 5 8.5 1.4 0.7 2.4 -999.9 -999.9 365
sta1 2012 1 21 21 7.4 11.4 1.5 1.1 1.2 -999.9 -999.9 365
sta1 2012 1 22 22 4.7 10.2 2.2 1.1 0.2 -999.9 -999.9 365
sta1 2012 1 23 23 2.2 8.7 4.3 0.6 0 -999.9 -999.9 365
sta1 2012 1 24 24 0.3 5.9 2.1 0.2 4 -999.9 -999.9 365
sta1 2012 1 25 25 3.5 8.4 1.3 0.3 1.8 -999.9 -999.9 365
sta1 2012 1 26 26 5.2 10.2 2.1 0.6 1.6 -999.9 -999.9 365
sta1 2012 1 27 27 0.1 8.6 6.6 0.6 3.4 -999.9 -999.9 365
sta1 2012 1 28 28 1.7 3.8 1.2 0.2 3.9 -999.9 -999.9 365
sta1 2012 1 29 29 -0.1 0.7 1.7 0.6 0 -999.9 -999.9 365
sta1 2012 1 30 30 -1.7 -0.5 0.7 0.6 0 -999.9 -999.9 365
sta1 2012 1 31 31 -1.8 1.6 3.1 0.8 0 -999.9 -999.9 365
sta1 2012 2 1 32 -6.1 -1.7 6.9 1.2 0 -999.9 -999.9 365
sta1 2012 2 2 33 -8.2 -2.3 7.8 1.4 0 -999.9 -999.9 365
sta1 2012 2 3 34 -9.9 -3.4 4.8 0.7 0 -999.9 -999.9 365
sta1 2012 2 4 35 -10.9 -3.5 8.8 0.6 0 -999.9 -999.9 365
sta1 2012 2 5 36 -9.3 -2.9 5.3 0.8 0 -999.9 -999.9 365
sta1 2012 2 6 37 -6.9 -0.5 5.9 1 0 -999.9 -999.9 365
sta1 2012 2 7 38 -10.7 -3.7 8.5 0.9 0 -999.9 -999.9 365
sta1 2012 2 8 39 -7.1 -1.1 7.2 0.9 0 -999.9 -999.9 365
sta1 2012 2 9 40 -9.3 -0.7 7.6 0.5 0 -999.9 -999.9 365
sta1 2012 2 10 41 -8.8 0.2 9.4 0.7 0 -999.9 -999.9 365
sta1 2012 2 11 42 -9.9 -0.8 10.1 1 0 -999.9 -999.9 365
sta1 2012 2 12 43 -9.9 0.2 6.5 0.4 0 -999.9 -999.9 365
sta1 2012 2 13 44 -1.3 4.5 3 0.3 4.8 -999.9 -999.9 365
sta1 2012 2 14 45 2 6.3 4.5 0.7 2 -999.9 -999.9 365
sta1 2012 2 15 46 2.5 8.9 4.2 0.9 2 -999.9 -999.9 365
sta1 2012 2 16 47 3.5 6.9 2.8 0.5 0.2 -999.9 -999.9 365
sta1 2012 2 17 48 1.8 7.9 2.6 0.2 1 -999.9 -999.9 365
sta1 2012 2 18 49 6.1 9.1 2.3 0.7 2.4 -999.9 -999.9 365
sta1 2012 2 19 50 0.3 6.1 9 1.2 0 -999.9 -999.9 365
sta1 2012 2 20 51 -3.9 5.8 11.2 0.7 0 -999.9 -999.9 365
sta1 2012 2 21 52 -2 6.3 4.2 1 0 -999.9 -999.9 365
sta1 2012 2 22 53 -1.6 8.4 9.5 0.9 0 -999.9 -999.9 365
sta1 2012 2 23 54 4.6 10.8 2.6 0.1 0.6 -999.9 -999.9 365
sta1 2012 2 24 55 8.6 11.1 3.2 0.7 0 -999.9 -999.9 365
sta1 2012 2 25 56 7.3 9 1.9 0.6 0.2 -999.9 -999.9 365
sta1 2012 2 26 57 3.2 8 4.4 0.7 0 -999.9 -999.9 365
sta1 2012 2 27 58 -0.8 10.3 5.7 0.5 0 -999.9 -999.9 365
sta1 2012 2 28 59 7 10.2 2.2 0.5 0.2 -999.9 -999.9 365
sta1 2012 2 29 60 7.9 10 2.3 0.5 0 -999.9 -999.9 365
sta1 2012 3 1 61 5.5 13.2 10.5 1 0.2 -999.9 -999.9 365
sta1 2012 3 2 62 7.2 10 1.7 0.3 0 -999.9 -999.9 365
sta1 2012 3 3 63 7.3 12.1 5.2 1.2 0.2 -999.9 -999.9 365
sta1 2012 3 4 64 5.9 11.1 3.7 1.1 5.2 -999.9 -999.9 365
sta1 2012 3 5 65 2 3.8 1.6 0.5 19.2 -999.9 -999.9 365
sta1 2012 3 6 66 2.6 6.1 3.9 0.8 0.2 -999.9 -999.9 365
sta1 2012 3 7 67 -1.3 7 3.4 0.4 8.7 -999.9 -999.9 365
sta1 2012 3 8 68 0.4 9.3 10.1 1.2 0 -999.9 -999.9 365
sta1 2012 3 9 69 0 12.8 10.1 0.9 0 -999.9 -999.9 365
sta1 2012 3 10 70 6.9 11.9 4.6 1 0 -999.9 -999.9 365
sta1 2012 3 11 71 7.8 13.7 7.3 1.8 0.2 -999.9 -999.9 365
sta1 2012 3 12 72 1.9 15.6 13.8 1.1 0 -999.9 -999.9 365
sta1 2012 3 13 73 6.5 12.3 8.7 1.6 0.2 -999.9 -999.9 365
sta1 2012 3 14 74 2.8 11.7 8.7 1.1 0.2 -999.9 -999.9 365
sta1 2012 3 15 75 1.8 19.4 15.5 1.9 0 -999.9 -999.9 365
sta1 2012 3 16 76 5.3 21.2 11.5 2.4 0.2 -999.9 -999.9 365
sta1 2012 3 17 77 4.8 10.4 3 0.6 0.2 -999.9 -999.9 365
sta1 2012 3 18 78 6 11.7 8 1.8 0 -999.9 -999.9 365
sta1 2012 3 19 79 4 11.3 13.6 2.1 0 -999.9 -999.9 365
sta1 2012 3 20 80 -1.3 13.4 15.2 1.4 0 -999.9 -999.9 365
sta1 2012 3 21 81 2.8 16.5 16.3 2.5 0 -999.9 -999.9 365
sta1 2012 3 22 82 4.5 19.4 15.8 3 0 -999.9 -999.9 365
sta1 2012 3 23 83 5.7 20.6 16.5 2.7 0 -999.9 -999.9 365
sta1 2012 3 24 84 7.2 20.3 16.2 2.7 0.4 -999.9 -999.9 365
sta1 2012 3 25 85 7 19.2 16.2 2.3 0 -999.9 -999.9 365
sta1 2012 3 26 86 5 19.8 18.2 3.4 0 -999.9 -999.9 365
sta1 2012 3 27 87 5.3 19.9 18.1 3.2 0 -999.9 -999.9 365
sta1 2012 3 28 88 6.1 19.9 17.6 2.7 0 -999.9 -999.9 365
sta1 2012 3 29 89 3.6 19.7 17.7 2.7 0 -999.9 -999.9 365
sta1 2012 3 30 90 3.3 14.3 16.8 1.7 0.2 -999.9 -999.9 365
sta1 2012 3 31 91 7.5 11.2 4.1 1.6 0 -999.9 -999.9 365
sta1 2012 4 1 92 -0.1 11.4 19.1 1.9 0 -999.9 -999.9 365
sta1 2012 4 2 93 0.7 15.3 19.1 2.2 0 -999.9 -999.9 365
sta1 2012 4 3 94 3.2 17.1 18.7 2.4 2.6 -999.9 -999.9 365
sta1 2012 4 4 95 0.8 12.5 10.2 0.9 0.4 -999.9 -999.9 365
sta1 2012 4 5 96 4.9 8.8 4 0.8 0 -999.9 -999.9 365
sta1 2012 4 6 97 2.9 12.3 19.2 2.5 0 -999.9 -999.9 365
sta1 2012 4 7 98 4.5 11.9 9.3 2.3 0.8 -999.9 -999.9 365
sta1 2012 4 8 99 0.5 9.8 12.4 1.5 0.8 -999.9 -999.9 365
sta1 2012 4 9 100 6.3 11.5 5.7 0.6 8.3 -999.9 -999.9 365
sta1 2012 4 10 101 8.5 11.1 4.9 1.2 9.9 -999.9 -999.9 365
sta1 2012 4 11 102 2.8 12.7 13.8 1.5 2.4 -999.9 -999.9 365
sta1 2012 4 12 103 -0.2 12.3 13.5 1.3 7.1 -999.9 -999.9 365
sta1 2012 4 13 104 -0.9 13.8 17.5 1.5 0 -999.9 -999.9 365
sta1 2012 4 14 105 3.3 12.7 17.8 1.9 0 -999.9 -999.9 365
sta1 2012 4 15 106 4 9.7 12 2.2 0 -999.9 -999.9 365
sta1 2012 4 16 107 1.6 10.6 16 2.3 0 -999.9 -999.9 365
sta1 2012 4 17 108 -1.4 9.5 7.8 0.9 4.6 -999.9 -999.9 365
sta1 2012 4 18 109 3.4 12.3 10.4 1.5 4 -999.9 -999.9 365
sta1 2012 4 19 110 4.4 14.3 16.5 2.8 0 -999.9 -999.9 365
sta1 2012 4 20 111 1.4 12.4 11.6 1.1 4.6 -999.9 -999.9 365
sta1 2012 4 21 112 5.3 12.7 15.2 2.4 1 -999.9 -999.9 365
sta1 2012 4 22 113 3.8 11.9 15.5 1.7 2.4 -999.9 -999.9 365
sta1 2012 4 23 114 2.3 10.6 10.9 0.9 10.6 -999.9 -999.9 365
sta1 2012 4 24 115 6.1 12.5 10.9 2 5 -999.9 -999.9 365
sta1 2012 4 25 116 3 12.2 6.8 0.8 1.8 -999.9 -999.9 365
sta1 2012 4 26 117 9.1 15.8 13.5 3 6.1 -999.9 -999.9 365
sta1 2012 4 27 118 9.5 14.7 11.5 2.4 0.8 -999.9 -999.9 365
sta1 2012 4 28 119 10.1 16.9 5.1 1.1 1.4 -999.9 -999.9 365
sta1 2012 4 29 120 13 17.8 11.9 3.3 1.2 -999.9 -999.9 365
sta1 2012 4 30 121 7.1 18.6 14.5 2.3 3.8 -999.9 -999.9 365
sta1 2012 5 1 122 9.2 18.5 19 2.7 0 -999.9 -999.9 365
sta1 2012 5 2 123 9.4 11.8 4.6 0.8 6.9 -999.9 -999.9 365
sta1 2012 5 3 124 9.4 15.5 7.9 1.4 0.4 -999.9 -999.9 365
sta1 2012 5 4 125 6.3 16.8 15.5 1.6 4.8 -999.9 -999.9 365
sta1 2012 5 5 126 8 10.1 5.6 0.8 1 -999.9 -999.9 365
sta1 2012 5 6 127 7.5 9.9 4.7 0.7 0.2 -999.9 -999.9 365
sta1 2012 5 7 128 3.3 17 18.9 2.2 0 -999.9 -999.9 365
sta1 2012 5 8 129 9.6 19.1 11.6 2 1.2 -999.9 -999.9 365
sta1 2012 5 9 130 12.8 21.3 11.3 2.4 1.8 -999.9 -999.9 365
sta1 2012 5 10 131 14.1 26.3 14.1 3.6 0 -999.9 -999.9 365
sta1 2012 5 11 132 11.9 17.1 10.1 2.2 0 -999.9 -999.9 365
sta1 2012 5 12 133 7.6 14.9 21 3.1 0 -999.9 -999.9 365
sta1 2012 5 13 134 2.5 14.7 27.9 2.8 0 -999.9 -999.9 365
sta1 2012 5 14 135 2.2 18.2 27.1 3.1 0.4 -999.9 -999.9 365
sta1 2012 5 15 136 5.9 12.2 13.6 1.9 5.4 -999.9 -999.9 365
sta1 2012 5 16 137 2.4 14.4 24.9 3 0 -999.9 -999.9 365
sta1 2012 5 17 138 2 15.2 19.7 2.3 0.4 -999.9 -999.9 365
sta1 2012 5 18 139 8.9 16.8 11.5 2.1 1 -999.9 -999.9 365
sta1 2012 5 19 140 8.9 19.8 21.3 3.1 3.5 -999.9 -999.9 365
sta1 2012 5 20 141 10.4 21.7 15.8 2.8 0 -999.9 -999.9 365
sta1 2012 5 21 142 10.7 12.7 4.6 0.5 1.4 -999.9 -999.9 365
sta1 2012 5 22 143 10.7 18.4 6.3 1.4 0 -999.9 -999.9 365
sta1 2012 5 23 144 11.3 23.9 18.7 2.9 0 -999.9 -999.9 365
sta1 2012 5 24 145 12.6 27.4 25.8 4 0 -999.9 -999.9 365
sta1 2012 5 25 146 15.9 25.5 28.7 6.1 0 -999.9 -999.9 365
sta1 2012 5 26 147 11.1 25 29.1 5.4 0 -999.9 -999.9 365
sta1 2012 5 27 148 11.6 27.7 28.7 5.5 0 -999.9 -999.9 365
sta1 2012 5 28 149 10.7 26.6 23.1 4.8 0 -999.9 -999.9 365
sta1 2012 5 29 150 8.6 24.7 27.4 3.5 0.2 -999.9 -999.9 365
sta1 2012 5 30 151 10.2 23.5 22.3 3.3 0 -999.9 -999.9 365
sta1 2012 5 31 152 12.3 20.5 19.5 3.6 0 -999.9 -999.9 365
sta1 2012 6 1 153 13.2 21.2 12 2.7 0 -999.9 -999.9 365
sta1 2012 6 2 154 12.5 22.8 21.4 3.7 2 -999.9 -999.9 365
sta1 2012 6 3 155 14.8 18.6 10.9 2.9 0 -999.9 -999.9 365
sta1 2012 6 4 156 10.4 13.9 6.3 1.5 1.2 -999.9 -999.9 365
sta1 2012 6 5 157 2.1 17 22.2 2.3 15.5 -999.9 -999.9 365
sta1 2012 6 6 158 11.4 19.3 14.1 2.7 3.6 -999.9 -999.9 365
sta1 2012 6 7 159 11.6 21.5 11.9 2.2 7.1 -999.9 -999.9 365
sta1 2012 6 8 160 11.9 19.6 19.3 4.1 4.9 -999.9 -999.9 365
sta1 2012 6 9 161 7.3 17.6 21.2 3 0.2 -999.9 -999.9 365
sta1 2012 6 10 162 7.9 18.9 14.2 2.2 10.3 -999.9 -999.9 365
sta1 2012 6 11 163 12.8 17.6 10.4 2.1 8.8 -999.9 -999.9 365
sta1 2012 6 12 164 8.1 17.9 10.3 1.5 12.5 -999.9 -999.9 365
sta1 2012 6 13 165 9.8 15.4 9.7 1.9 0.4 -999.9 -999.9 365
sta1 2012 6 14 166 5.9 19.7 23.8 2.7 10.5 -999.9 -999.9 365
sta1 2012 6 15 167 13.2 20.8 10.1 2.5 12.2 -999.9 -999.9 365
sta1 2012 6 16 168 14.3 19.2 11.2 2.7 0.2 -999.9 -999.9 365
sta1 2012 6 17 169 9.2 21.3 24.6 3.6 21.2 -999.9 -999.9 365
sta1 2012 6 18 170 12.6 18.6 17 3 0.2 -999.9 -999.9 365
sta1 2012 6 19 171 7.7 19.9 16 2.4 0.2 -999.9 -999.9 365
sta1 2012 6 20 172 11.9 23.6 25.9 4 1 -999.9 -999.9 365
sta1 2012 6 21 173 13.9 23.7 10.9 2.6 2 -999.9 -999.9 365
sta1 2012 6 22 174 11.5 20.4 23 4.3 0 -999.9 -999.9 365
sta1 2012 6 23 175 11.8 19.8 19.8 3.7 0 -999.9 -999.9 365
sta1 2012 6 24 176 9.3 15.3 6.2 1.1 11.7 -999.9 -999.9 365
sta1 2012 6 25 177 8.7 20.8 18.8 2.9 0 -999.9 -999.9 365
sta1 2012 6 26 178 10.9 20.7 15 2.2 0.2 -999.9 -999.9 365
sta1 2012 6 27 179 15.7 25.3 13.4 2.7 0 -999.9 -999.9 365
sta1 2012 6 28 180 17.9 29.1 18.1 4.2 15.3 -999.9 -999.9 365
sta1 2012 6 29 181 15.5 21.6 12.7 3.1 2.8 -999.9 -999.9 365
sta1 2012 6 30 182 11.4 23.7 26.1 3.8 0.2 -999.9 -999.9 365
sta1 2012 7 1 183 12 19.9 25.9 4.3 0 -999.9 -999.9 365
sta1 2012 7 2 184 8.4 23.7 27.4 4.1 0.2 -999.9 -999.9 365
sta1 2012 7 3 185 12.4 21.9 14.8 2.3 0 -999.9 -999.9 365
sta1 2012 7 4 186 15.2 27.3 18.6 4.1 2.4 -999.9 -999.9 365
sta1 2012 7 5 187 14.2 24 14.6 2.6 5.4 -999.9 -999.9 365
sta1 2012 7 6 188 13.6 23 20.9 3.9 0.6 -999.9 -999.9 365
sta1 2012 7 7 189 12.4 22.5 18.9 2.9 11.9 -999.9 -999.9 365
sta1 2012 7 8 190 15.2 20.1 12.4 2.7 3.9 -999.9 -999.9 365
sta1 2012 7 9 191 10.4 20.7 12.5 2 0 -999.9 -999.9 365
sta1 2012 7 10 192 11 20.2 11.4 2.2 2 -999.9 -999.9 365
sta1 2012 7 11 193 12.5 19.3 15.4 3.1 9.3 -999.9 -999.9 365
sta1 2012 7 12 194 11 20 15.8 2.9 18.3 -999.9 -999.9 365
sta1 2012 7 13 195 12.6 18.7 13.1 2.2 8.6 -999.9 -999.9 365
sta1 2012 7 14 196 12.8 20.3 17.3 3.2 8.1 -999.9 -999.9 365
sta1 2012 7 15 197 12.3 18.5 14.1 2.9 7.7 -999.9 -999.9 365
sta1 2012 7 16 198 8.1 19.5 15 2.2 0 -999.9 -999.9 365
sta1 2012 7 17 199 14.9 23.1 15.3 3.7 0.2 -999.9 -999.9 365
sta1 2012 7 18 200 12.8 24 20.9 3.9 0.6 -999.9 -999.9 365
sta1 2012 7 19 201 14.1 21 16.4 4 0 -999.9 -999.9 365
sta1 2012 7 20 202 9.2 20.8 17.4 2.8 0.2 -999.9 -999.9 365
sta1 2012 7 21 203 10.2 20.1 19.1 3 0 -999.9 -999.9 365
sta1 2012 7 22 204 9 23.8 27.6 4.2 0.2 -999.9 -999.9 365
sta1 2012 7 23 205 10.5 26.5 27.8 5 0 -999.9 -999.9 365
sta1 2012 7 24 206 10.8 29.3 27.6 4.8 0 -999.9 -999.9 365
sta1 2012 7 25 207 14.4 29.7 26.4 5.7 0 -999.9 -999.9 365
sta1 2012 7 26 208 13.3 30 25.9 4.8 0.4 -999.9 -999.9 365
sta1 2012 7 27 209 17.1 28.4 15.7 3.6 2.6 -999.9 -999.9 365
sta1 2012 7 28 210 18.1 24.2 13.1 3.5 3.8 -999.9 -999.9 365
sta1 2012 7 29 211 9.2 21.1 21.9 3.6 5.8 -999.9 -999.9 365
sta1 2012 7 30 212 9.6 20.4 20.4 3.5 0 -999.9 -999.9 365
sta1 2012 7 31 213 11.1 23.3 15.7 3.4 0.2 -999.9 -999.9 365
sta1 2012 8 1 214 11.4 29 19.5 4 0 -999.9 -999.9 365
sta1 2012 8 2 215 15.1 23.9 17.5 4.2 0.2 -999.9 -999.9 365
sta1 2012 8 3 216 12.6 23.7 20.5 3.8 11.7 -999.9 -999.9 365
sta1 2012 8 4 217 12 23.9 20.9 3.6 3.8 -999.9 -999.9 365
sta1 2012 8 5 218 11.1 22.4 15.6 2.4 1.6 -999.9 -999.9 365
sta1 2012 8 6 219 13 21.4 12.8 3 0.2 -999.9 -999.9 365
sta1 2012 8 7 220 11.9 21 14.8 3.2 0 -999.9 -999.9 365
sta1 2012 8 8 221 11.7 23.3 14.7 2.8 0 -999.9 -999.9 365
sta1 2012 8 9 222 15.7 24.7 19.8 4.4 0 -999.9 -999.9 365
sta1 2012 8 10 223 11.2 24.3 25.2 4.5 0 -999.9 -999.9 365
sta1 2012 8 11 224 11 24.6 25.2 4.5 0 -999.9 -999.9 365
sta1 2012 8 12 225 11.7 26.7 22.3 3.9 0.2 -999.9 -999.9 365
sta1 2012 8 13 226 13 25.3 16 3.1 0 -999.9 -999.9 365
sta1 2012 8 14 227 12.9 24.3 13 2.5 0 -999.9 -999.9 365
sta1 2012 8 15 228 16.1 29.1 15.8 5.2 0 -999.9 -999.9 365
sta1 2012 8 16 229 10.9 24.5 20.5 3.5 0 -999.9 -999.9 365
sta1 2012 8 17 230 16.1 30.1 22.7 5.9 0 -999.9 -999.9 365
sta1 2012 8 18 231 16.8 34.8 23 6.5 0 -999.9 -999.9 365
sta1 2012 8 19 232 18 33.9 20 5.4 0 -999.9 -999.9 365
sta1 2012 8 20 233 13.9 26 11.6 2.6 0.4 -999.9 -999.9 365
sta1 2012 8 21 234 16.5 28 17.2 4.3 5.7 -999.9 -999.9 365
sta1 2012 8 22 235 13.7 22.8 20.6 4.1 0 -999.9 -999.9 365
sta1 2012 8 23 236 8 24.3 21.2 3.1 4 -999.9 -999.9 365
sta1 2012 8 24 237 13.8 23 11.4 2.6 2.2 -999.9 -999.9 365
sta1 2012 8 25 238 14.7 23.2 15.4 4.4 0.6 -999.9 -999.9 365
sta1 2012 8 26 239 14.8 21.7 16.1 4.3 0 -999.9 -999.9 365
sta1 2012 8 27 240 10.2 25.5 20.9 4.1 0.4 -999.9 -999.9 365
sta1 2012 8 28 241 14.1 24.1 14.6 3.7 0.2 -999.9 -999.9 365
sta1 2012 8 29 242 9.8 25.7 19.2 3.9 0 -999.9 -999.9 365
sta1 2012 8 30 243 10.6 22 14.4 3.1 0.8 -999.9 -999.9 365
sta1 2012 8 31 244 11 18.3 14.7 3.6 0.2 -999.9 -999.9 365
sta1 2012 9 1 245 4.3 20.7 21.3 2.8 0 -999.9 -999.9 365
sta1 2012 9 2 246 9.1 23.1 13.6 2.5 0.2 -999.9 -999.9 365
sta1 2012 9 3 247 15.1 21.6 8.6 2.3 0.2 -999.9 -999.9 365
sta1 2012 9 4 248 11.7 25.2 18.9 3.4 0 -999.9 -999.9 365
sta1 2012 9 5 249 13.7 22.9 10.8 3.3 0.2 -999.9 -999.9 365
sta1 2012 9 6 250 9 20.8 20.1 3.1 0 -999.9 -999.9 365
sta1 2012 9 7 251 5.5 25.4 19.6 2.9 0 -999.9 -999.9 365
sta1 2012 9 8 252 6.9 28.2 19.4 3.4 0 -999.9 -999.9 365
sta1 2012 9 9 253 10 29.4 19.2 4.6 0.2 -999.9 -999.9 365
sta1 2012 9 10 254 12 25.9 16.7 3.1 0.2 -999.9 -999.9 365
sta1 2012 9 11 255 14.2 18.2 4.5 1.5 3.4 -999.9 -999.9 365
sta1 2012 9 12 256 10 18.2 11.3 2.8 4.8 -999.9 -999.9 365
sta1 2012 9 13 257 9.9 18.5 9.7 2.1 0.2 -999.9 -999.9 365
sta1 2012 9 14 258 7.5 16.8 4.6 0.6 0 -999.9 -999.9 365
sta1 2012 9 15 259 10.3 21 15.7 2.5 0 -999.9 -999.9 365
sta1 2012 9 16 260 7.3 22.6 16.7 2.2 0.2 -999.9 -999.9 365
sta1 2012 9 17 261 8.7 18.7 6.9 1.1 0.2 -999.9 -999.9 365
sta1 2012 9 18 262 10.7 18.1 7.8 2.2 0.2 -999.9 -999.9 365
sta1 2012 9 19 263 4.1 17.1 16.2 2.3 0 -999.9 -999.9 365
sta1 2012 9 20 264 3.4 17.6 13.7 2 0 -999.9 -999.9 365
sta1 2012 9 21 265 5.2 17.5 8.6 1.8 0 -999.9 -999.9 365
sta1 2012 9 22 266 4.3 18.1 13.1 2 0.2 -999.9 -999.9 365
sta1 2012 9 23 267 10.2 19.5 8.2 2.6 7.5 -999.9 -999.9 365
sta1 2012 9 24 268 14.2 19.2 6.4 2 0.6 -999.9 -999.9 365
sta1 2012 9 25 269 11.2 16.1 8.5 1.9 1 -999.9 -999.9 365
sta1 2012 9 26 270 12.1 16.2 7.5 1.6 1.5 -999.9 -999.9 365
sta1 2012 9 27 271 11.8 17.9 9.7 2.2 1.4 -999.9 -999.9 365
sta1 2012 9 28 272 6.7 17.9 11.9 1.6 0 -999.9 -999.9 365
sta1 2012 9 29 273 8 17.9 12.2 2.1 0.2 -999.9 -999.9 365
sta1 2012 9 30 274 1.1 17.4 14.7 1.1 0.2 -999.9 -999.9 365
sta1 2012 10 1 275 3.6 19.4 12.6 1.5 1.4 -999.9 -999.9 365
sta1 2012 10 2 276 12.3 17.9 8.5 1.9 1.6 -999.9 -999.9 365
sta1 2012 10 3 277 12.1 16.3 3.5 1.2 9.8 -999.9 -999.9 365
sta1 2012 10 4 278 9.9 16.1 10.1 1.6 3.7 -999.9 -999.9 365
sta1 2012 10 5 279 8.6 19.8 5.1 0.4 0 -999.9 -999.9 365
sta1 2012 10 6 280 11.6 15.5 1.7 0.5 21.8 -999.9 -999.9 365
sta1 2012 10 7 281 6.9 15.3 11.3 1.3 0 -999.9 -999.9 365
sta1 2012 10 8 282 5.4 14.3 3.2 0.2 5.2 -999.9 -999.9 365
sta1 2012 10 9 283 10.9 15.6 9.9 1.6 0.2 -999.9 -999.9 365
sta1 2012 10 10 284 10 15.3 11.3 1.9 0 -999.9 -999.9 365
sta1 2012 10 11 285 7 15.6 5.3 0.4 2.4 -999.9 -999.9 365
sta1 2012 10 12 286 10.3 15 9.7 1.8 0.2 -999.9 -999.9 365
sta1 2012 10 13 287 6.8 11.1 2.6 0.4 7.4 -999.9 -999.9 365
sta1 2012 10 14 288 3 8.5 3.5 0.2 3.8 -999.9 -999.9 365
sta1 2012 10 15 289 5.5 13.4 9.6 1.1 1.4 -999.9 -999.9 365
sta1 2012 10 16 290 7.8 14.4 6.8 1.2 1.8 -999.9 -999.9 365
sta1 2012 10 17 291 7.3 14.8 2 0.1 3 -999.9 -999.9 365
sta1 2012 10 18 292 13.3 20.2 3.7 1.4 2.4 -999.9 -999.9 365
sta1 2012 10 19 293 13.4 19.1 3.5 1.1 1 -999.9 -999.9 365
sta1 2012 10 20 294 13.5 14.7 1.5 0.2 1 -999.9 -999.9 365
sta1 2012 10 21 295 12.9 22 8.6 1.2 0 -999.9 -999.9 365
sta1 2012 10 22 296 14.1 23.5 8.9 1.5 0 -999.9 -999.9 365
sta1 2012 10 23 297 9.4 21.5 7.6 1 0.2 -999.9 -999.9 365
sta1 2012 10 24 298 7.7 13.4 5.2 0.6 0.2 -999.9 -999.9 365
sta1 2012 10 25 299 7.9 16.1 8.5 0.5 0 -999.9 -999.9 365
sta1 2012 10 26 300 5 9.2 2.6 0.8 0 -999.9 -999.9 365
sta1 2012 10 27 301 0.2 8.2 7.7 1.1 0.2 -999.9 -999.9 365
sta1 2012 10 28 302 -1 9.8 9.2 0.6 1.2 -999.9 -999.9 365
sta1 2012 10 29 303 4.2 9.4 3.5 0.5 1.6 -999.9 -999.9 365
sta1 2012 10 30 304 6.8 11.7 4.6 0.9 0.2 -999.9 -999.9 365
sta1 2012 10 31 305 3.8 11.9 7.9 0.8 0.2 -999.9 -999.9 365
sta1 2012 11 1 306 6 11.7 4.1 1.1 1.4 -999.9 -999.9 365
sta1 2012 11 2 307 4 8.7 2.4 0.4 7 -999.9 -999.9 365
sta1 2012 11 3 308 3.8 11.5 4.9 0.5 1.2 -999.9 -999.9 365
sta1 2012 11 4 309 3.4 12.1 4.7 0.8 1 -999.9 -999.9 365
sta1 2012 11 5 310 4 9.7 3.3 0.5 0 -999.9 -999.9 365
sta1 2012 11 6 311 0.8 10 6.4 0.3 0 -999.9 -999.9 365
sta1 2012 11 7 312 7 12.2 2.5 0.6 0 -999.9 -999.9 365
sta1 2012 11 8 313 8 10.4 2.9 1.1 0 -999.9 -999.9 365
sta1 2012 11 9 314 5.7 10.4 4.2 0.4 4.6 -999.9 -999.9 365
sta1 2012 11 10 315 7.5 12.9 2.3 0.3 2.6 -999.9 -999.9 365
sta1 2012 11 11 316 1.7 7.9 1.6 0 0.2 -999.9 -999.9 365
sta1 2012 11 12 317 1 8.1 2.3 0.1 1.4 -999.9 -999.9 365
sta1 2012 11 13 318 6.3 8.4 1.4 0.1 0.4 -999.9 -999.9 365
sta1 2012 11 14 319 1.3 6.7 2.6 0 0 -999.9 -999.9 365
sta1 2012 11 15 320 4.1 5.3 0.7 0.3 0 -999.9 -999.9 365
sta1 2012 11 16 321 2.1 4.8 2.1 0.2 0.2 -999.9 -999.9 365
sta1 2012 11 17 322 1 9.1 1.2 0 2.4 -999.9 -999.9 365
sta1 2012 11 18 323 5.7 9.2 2.2 0.2 3.6 -999.9 -999.9 365
sta1 2012 11 19 324 3.9 10.8 1.7 0.1 0 -999.9 -999.9 365
sta1 2012 11 20 325 6.9 12.2 5 0.7 0 -999.9 -999.9 365
sta1 2012 11 21 326 3.7 10.2 1.3 0.4 1.4 -999.9 -999.9 365
sta1 2012 11 22 327 1.9 8.3 3.6 0 0 -999.9 -999.9 365
sta1 2012 11 23 328 5.7 8.8 0.8 0 9.1 -999.9 -999.9 365
sta1 2012 11 24 329 7.9 13.8 1.6 0.9 0 -999.9 -999.9 365
sta1 2012 11 25 330 7 11.1 4.9 1.2 0 -999.9 -999.9 365
sta1 2012 11 26 331 4.4 12.7 2.2 0.8 0 -999.9 -999.9 365
sta1 2012 11 27 332 6.2 8.3 1.8 0.4 1 -999.9 -999.9 365
sta1 2012 11 28 333 4.8 7.9 1.9 0.3 0 -999.9 -999.9 365
sta1 2012 11 29 334 3.5 6.6 3.6 0.6 0.2 -999.9 -999.9 365
sta1 2012 11 30 335 -1.6 3.2 1.7 0 0.2 -999.9 -999.9 365
sta1 2012 12 1 336 0.3 3.2 1.3 0 1.6 -999.9 -999.9 365
sta1 2012 12 2 337 -0.6 4.7 4.8 0.5 0.2 -999.9 -999.9 365
sta1 2012 12 3 338 -2 9.9 1.1 0 8.7 -999.9 -999.9 365
sta1 2012 12 4 339 2.2 6.9 3 0.4 0 -999.9 -999.9 365
sta1 2012 12 5 340 -0.2 3.5 1.1 0.1 0.4 -999.9 -999.9 365
sta1 2012 12 6 341 -0.4 2.9 3.9 0.4 2.8 -999.9 -999.9 365
sta1 2012 12 7 342 0.3 2.6 1.9 0.1 4 -999.9 -999.9 365
sta1 2012 12 8 343 -1.1 1.6 2.3 0.2 0.2 -999.9 -999.9 365
sta1 2012 12 9 344 -2.8 6.8 0.9 0 1.5 -999.9 -999.9 365
sta1 2012 12 10 345 2.3 6.2 2.6 0.7 0 -999.9 -999.9 365
sta1 2012 12 11 346 -1.4 2.7 4.5 0.4 0 -999.9 -999.9 365
sta1 2012 12 12 347 -5.8 0.5 5.5 0.1 0 -999.9 -999.9 365
sta1 2012 12 13 348 -4.3 3.1 1.4 0.2 0.2 -999.9 -999.9 365
sta1 2012 12 14 349 1.2 10.7 0.3 0 8 -999.9 -999.9 365
sta1 2012 12 15 350 5.4 10.7 2.9 0.5 2 -999.9 -999.9 365
sta1 2012 12 16 351 6.5 9.9 3.3 0.7 5 -999.9 -999.9 365
sta1 2012 12 17 352 6 9.6 2.2 0.6 1 -999.9 -999.9 365
sta1 2012 12 18 353 1.5 7.6 1.7 0 0.6 -999.9 -999.9 365
sta1 2012 12 19 354 3.9 7.2 2.8 0.1 3 -999.9 -999.9 365
sta1 2012 12 20 355 3.9 8.4 0.5 0.2 8.3 -999.9 -999.9 365
sta1 2012 12 21 356 6.2 8.8 1.6 0.1 0 -999.9 -999.9 365
sta1 2012 12 22 357 3.2 13 0.3 0 18.4 -999.9 -999.9 365
sta1 2012 12 23 358 10.1 13.7 0.6 0.6 0.4 -999.9 -999.9 365
sta1 2012 12 24 359 9.6 12 1.7 0.8 3.6 -999.9 -999.9 365
sta1 2012 12 25 360 8.5 11.5 2.8 1.2 4.8 -999.9 -999.9 365
sta1 2012 12 26 361 6.5 10.2 1.8 0.7 5.2 -999.9 -999.9 365
sta1 2012 12 27 362 7.5 10.3 1.7 1 4.4 -999.9 -999.9 365
sta1 2012 12 28 363 5.7 11.1 0.7 0.1 2 -999.9 -999.9 365
sta1 2012 12 29 364 8.4 12.9 3 1.2 0.6 -999.9 -999.9 365
sta1 2012 12 30 365 6.1 9 2.5 1.1 0 -999.9 -999.9 365
sta1 2012 12 31 366 7 10.3 0.9 0.8 8.7 -999.9 -999.9 365
