sta2 2012 1 1 1 11.5 13.9 2.4 1 7.1 -999.9 -999.9 365
sta2 2012 1 2 2 6 10.1 3.3 0.9 1 -999.9 -999.9 365
sta2 2012 1 3 3 2.3 11.5 2.2 0.4 12.7 -999.9 -999.9 365
sta2 2012 1 4 4 5.1 9.1 5.1 1.2 0.2 -999.9 -999.9 365
sta2 2012 1 5 5 7.5 11.8 2 2.2 5.1 -999.9 -999.9 365
sta2 2012 1 6 6 0.6 7.6 5.5 1.1 0.2 -999.9 -999.9 365
sta2 2012 1 7 7 -0.4 10.3 1.9 0 0.6 -999.9 -999.9 365
sta2 2012 1 8 8 6.4 8.3 2.4 1 0.4 -999.9 -999.9 365
sta2 2012 1 9 9 3.4 9.1 1.9 0.3 0.4 -999.9 -999.9 365
sta2 2012 1 10 10 7.6 10.4 2.7 0.8 0.4 -999.9 -999.9 365
sta2 2012 1 11 11 2 9.3 2.3 0.4 0 -999.9 -999.9 365
sta2 2012 1 12 12 -1 5.1 3.7 0.3 1.2 -999.9 -999.9 365
sta2 2012 1 13 13 0.8 8 4.5 0.4 0.2 -999.9 -999.9 365
sta2 2012 1 14 14 -3.1 5.1 6.1 0.5 0.2 -999.9 -999.9 365
sta2 2012 1 15 15 -2.3 5.8 6 0.8 0 -999.9 -999.9 365
sta2 2012 1 16 16 -2.3 4.7 6.3 1.2 0 -999.9 -999.9 365
sta2 2012 1 17 17 -7.4 5.2 6 0.6 0.2 -999.9 -999.9 365
sta2 2012 1 18 18 -5.7 7.3 2.3 0.3 0.4 -999.9 -999.9 365
sta2 2012 1 19 19 3.2 11.7 1.8 0 1.2 -999.9 -999.9 365
sta2 2012 1 20 20 6.1 8.6 2.1 1 1.8 -999.9 -999.9 365
sta2 2012 1 21 21 7.4 12.3 3.6 1 1.2 -999.9 -999.9 365
sta2 2012 1 22 22 7.1 9.8 2.1 1.1 0.2 -999.9 -999.9 365
sta2 2012 1 23 23 5.8 9.3 4.1 1 1 -999.9 -999.9 365
sta2 2012 1 24 24 2.9 7.3 3 0.6 3.2 -999.9 -999.9 365
sta2 2012 1 25 25 3.9 9.5 2.1 0.1 0.2 -999.9 -999.9 365
sta2 2012 1 26 26 7.4 9.8 1.9 0.7 0.4 -999.9 -999.9 365
sta2 2012 1 27 27 -0.9 8 5.3 0.4 0.2 -999.9 -999.9 365
sta2 2012 1 28 28 -1.1 5.4 2.5 0.2 0.2 -999.9 -999.9 365
sta2 2012 1 29 29 0.6 2.1 1.5 0.8 0 -999.9 -999.9 365
sta2 2012 1 30 30 -0.7 0.3 1 0.6 0 -999.9 -999.9 365
sta2 2012 1 31 31 -1.3 0.7 1.2 0.7 0 -999.9 -999.9 365
sta2 2012 2 1 32 -5.4 -1.3 7.4 1 0 -999.9 -999.9 365
sta2 2012 2 2 33 -8.6 -1.9 8.2 1.4 0 -999.9 -999.9 365
sta2 2012 2 3 34 -11.4 -2.4 8.6 1 0 -999.9 -999.9 365
sta2 2012 2 4 35 -12.8 -2.8 8.9 0.7 0 -999.9 -999.9 365
sta2 2012 2 5 36 -14 -2.4 8.7 0.7 0 -999.9 -999.9 365
sta2 2012 2 6 37 -12 -1.5 9.4 0.9 0 -999.9 -999.9 365
sta2 2012 2 7 38 -14.1 -3.6 9.4 0.8 0 -999.9 -999.9 365
sta2 2012 2 8 39 -7.4 -2.2 5.1 1 0 -999.9 -999.9 365
sta2 2012 2 9 40 -12.5 0.8 8.1 0.6 0 -999.9 -999.9 365
sta2 2012 2 10 41 -10 -0.5 9.1 0.8 0.2 -999.9 -999.9 365
sta2 2012 2 11 42 -10.2 -2.1 9.6 1 0 -999.9 -999.9 365
sta2 2012 2 12 43 -14.6 0.4 9.9 0.8 0 -999.9 -999.9 365
sta2 2012 2 13 44 -3.2 2.2 1.9 0.4 1.6 -999.9 -999.9 365
sta2 2012 2 14 45 1 5.5 2.9 0.6 4.2 -999.9 -999.9 365
sta2 2012 2 15 46 2.2 7.9 4.6 0.8 0.4 -999.9 -999.9 365
sta2 2012 2 16 47 3.2 8.1 4.3 0.9 0.2 -999.9 -999.9 365
sta2 2012 2 17 48 3.1 10.1 6.2 1.4 0 -999.9 -999.9 365
sta2 2012 2 18 49 4 7.6 2.4 0.7 2.6 -999.9 -999.9 365
sta2 2012 2 19 50 0.6 7 9.2 1.2 0 -999.9 -999.9 365
sta2 2012 2 20 51 -4.9 5.5 11.1 0.8 0.2 -999.9 -999.9 365
sta2 2012 2 21 52 -7 6.6 11.9 0.5 0 -999.9 -999.9 365
sta2 2012 2 22 53 -6.2 9.9 12 0.7 1.4 -999.9 -999.9 365
sta2 2012 2 23 54 0.2 8.2 1.5 0 2 -999.9 -999.9 365
sta2 2012 2 24 55 7 10.4 2.3 0.3 0.4 -999.9 -999.9 365
sta2 2012 2 25 56 7.9 10 2.4 0.4 0.2 -999.9 -999.9 365
sta2 2012 2 26 57 1.7 9.7 7.7 1.1 0 -999.9 -999.9 365
sta2 2012 2 27 58 -1.8 11.5 9.5 0.9 0 -999.9 -999.9 365
sta2 2012 2 28 59 2.1 11.6 6.9 1.2 0 -999.9 -999.9 365
sta2 2012 2 29 60 -0.9 14.2 7.5 0.8 0.4 -999.9 -999.9 365
sta2 2012 3 1 61 5.2 9 3.2 0.2 0.2 -999.9 -999.9 365
sta2 2012 3 2 62 8.1 10.3 2.9 0.2 0 -999.9 -999.9 365
sta2 2012 3 3 63 5.9 10.4 5 0.6 1.2 -999.9 -999.9 365
sta2 2012 3 4 64 7.9 11.6 4.6 1.1 3 -999.9 -999.9 365
sta2 2012 3 5 65 2.4 8.4 8.7 1.6 0.6 -999.9 -999.9 365
sta2 2012 3 6 66 4 7.6 3.6 0.8 0 -999.9 -999.9 365
sta2 2012 3 7 67 -3.6 7.2 7 0.6 5.8 -999.9 -999.9 365
sta2 2012 3 8 68 -0.2 9.8 11.1 1.4 0.2 -999.9 -999.9 365
sta2 2012 3 9 69 -3 11.8 14.4 1.2 0 -999.9 -999.9 365
sta2 2012 3 10 70 -0.6 12.3 6.5 0.9 0 -999.9 -999.9 365
sta2 2012 3 11 71 7.9 12.8 4.1 1.5 0.2 -999.9 -999.9 365
sta2 2012 3 12 72 1.1 16.2 15 1.4 0.2 -999.9 -999.9 365
sta2 2012 3 13 73 2.2 16.2 15.3 1.6 0.2 -999.9 -999.9 365
sta2 2012 3 14 74 2.3 15.9 14.9 1.6 0 -999.9 -999.9 365
sta2 2012 3 15 75 -1.3 23.1 15.8 2.2 0.2 -999.9 -999.9 365
sta2 2012 3 16 76 1.6 23.6 15.5 2.6 0 -999.9 -999.9 365
sta2 2012 3 17 77 5.7 13.3 2.9 0.9 2.8 -999.9 -999.9 365
sta2 2012 3 18 78 7.1 12.3 6.6 1.7 14.7 -999.9 -999.9 365
sta2 2012 3 19 79 5 11.4 5.9 2 0.4 -999.9 -999.9 365
sta2 2012 3 20 80 -1.2 13 18 2 0 -999.9 -999.9 365
sta2 2012 3 21 81 -1 18.7 16.4 2.3 0.2 -999.9 -999.9 365
sta2 2012 3 22 82 2.1 19.7 16.4 2.4 0 -999.9 -999.9 365
sta2 2012 3 23 83 1 20.2 16.9 2.1 0 -999.9 -999.9 365
sta2 2012 3 24 84 1.5 21.5 17.2 2.4 0 -999.9 -999.9 365
sta2 2012 3 25 85 4.1 21.7 17.3 3 0 -999.9 -999.9 365
sta2 2012 3 26 86 4.4 21 18.9 4.2 0 -999.9 -999.9 365
sta2 2012 3 27 87 4.7 21.1 18.6 3.7 0 -999.9 -999.9 365
sta2 2012 3 28 88 4 21.6 17.6 3 0 -999.9 -999.9 365
sta2 2012 3 29 89 4.6 19.9 18.6 3.5 0 -999.9 -999.9 365
sta2 2012 3 30 90 3.8 18.4 18.3 2.4 0 -999.9 -999.9 365
sta2 2012 3 31 91 5.4 11 4.2 1.2 0 -999.9 -999.9 365
sta2 2012 4 1 92 1.9 13.4 20.5 3.3 0 -999.9 -999.9 365
sta2 2012 4 2 93 -2 17.8 20.3 2.8 0 -999.9 -999.9 365
sta2 2012 4 3 94 -1.7 19.6 18.2 2.8 0 -999.9 -999.9 365
sta2 2012 4 4 95 5.5 15.3 11.3 2.5 0 -999.9 -999.9 365
sta2 2012 4 5 96 3.4 15.9 13.4 2.3 0 -999.9 -999.9 365
sta2 2012 4 6 97 3.4 14.8 19.4 2.5 0.2 -999.9 -999.9 365
sta2 2012 4 7 98 0.4 11.8 9.1 1.7 0.2 -999.9 -999.9 365
sta2 2012 4 8 99 -1.5 11.3 18.8 2.1 0.2 -999.9 -999.9 365
sta2 2012 4 9 100 7.3 14.1 6.4 2.3 0.8 -999.9 -999.9 365
sta2 2012 4 10 101 8.9 13.6 6.5 2.4 1 -999.9 -999.9 365
sta2 2012 4 11 102 2.3 13 14.1 1.8 2.6 -999.9 -999.9 365
sta2 2012 4 12 103 4.4 14.4 16.3 2.5 1.4 -999.9 -999.9 365
sta2 2012 4 13 104 -2.2 15.4 21.6 2.1 0.2 -999.9 -999.9 365
sta2 2012 4 14 105 0.2 15.7 17.9 2.5 0.2 -999.9 -999.9 365
sta2 2012 4 15 106 5.9 11.7 13.1 3.5 0 -999.9 -999.9 365
sta2 2012 4 16 107 2.4 11.4 21.2 3.8 0 -999.9 -999.9 365
sta2 2012 4 17 108 -4.3 12.7 15 1.7 3.6 -999.9 -999.9 365
sta2 2012 4 18 109 4.3 14.4 15.5 2.5 6.8 -999.9 -999.9 365
sta2 2012 4 19 110 6.1 13.4 12.7 2.3 8.4 -999.9 -999.9 365
sta2 2012 4 20 111 5.9 14.6 16.1 3.1 1.4 -999.9 -999.9 365
sta2 2012 4 21 112 5.5 12.4 13.8 2.1 6.2 -999.9 -999.9 365
sta2 2012 4 22 113 6.1 14.7 17.6 3.5 0.4 -999.9 -999.9 365
sta2 2012 4 23 114 4.2 11.4 10 1.6 12.2 -999.9 -999.9 365
sta2 2012 4 24 115 6.2 13 14.8 2.3 3.6 -999.9 -999.9 365
sta2 2012 4 25 116 4 14 6.7 1.2 23.6 -999.9 -999.9 365
sta2 2012 4 26 117 8.7 11.7 5.5 1.4 5.4 -999.9 -999.9 365
sta2 2012 4 27 118 8.9 13.5 5.5 1.1 5.2 -999.9 -999.9 365
sta2 2012 4 28 119 9.8 22.8 8.6 2.4 2.4 -999.9 -999.9 365
sta2 2012 4 29 120 12.4 19.6 16.9 4.4 2 -999.9 -999.9 365
sta2 2012 4 30 121 5.2 20.1 13.3 2.3 2.2 -999.9 -999.9 365
sta2 2012 5 1 122 8 18.3 20.1 3.1 0 -999.9 -999.9 365
sta2 2012 5 2 123 8.5 11.6 1.7 0.9 23.3 -999.9 -999.9 365
sta2 2012 5 3 124 9.5 20.5 23.3 3.8 0 -999.9 -999.9 365
sta2 2012 5 4 125 6.9 20.8 16.5 2.6 3.2 -999.9 -999.9 365
sta2 2012 5 5 126 11.1 16.4 9.3 2.1 0 -999.9 -999.9 365
sta2 2012 5 6 127 6.3 16 11.4 1.8 6.1 -999.9 -999.9 365
sta2 2012 5 7 128 6.3 17.6 16.6 2.5 0 -999.9 -999.9 365
sta2 2012 5 8 129 6.5 17.1 9 1.1 0.8 -999.9 -999.9 365
sta2 2012 5 9 130 13.3 23.5 18.7 3.8 0 -999.9 -999.9 365
sta2 2012 5 10 131 11.9 28.7 25.5 4.6 0 -999.9 -999.9 365
sta2 2012 5 11 132 13.8 25.4 18.5 4 0.2 -999.9 -999.9 365
sta2 2012 5 12 133 10.7 16.4 25.3 4.7 0 -999.9 -999.9 365
sta2 2012 5 13 134 4.4 16 27 3.6 0 -999.9 -999.9 365
sta2 2012 5 14 135 1.2 19.1 28.3 3.2 0 -999.9 -999.9 365
sta2 2012 5 15 136 3.5 14.5 14.2 2.3 8.8 -999.9 -999.9 365
sta2 2012 5 16 137 3.9 14.1 21.6 3.3 0 -999.9 -999.9 365
sta2 2012 5 17 138 0 18.3 21.1 3.1 0.2 -999.9 -999.9 365
sta2 2012 5 18 139 8.7 17.1 9 2 0 -999.9 -999.9 365
sta2 2012 5 19 140 11.8 23.6 20.6 4.1 0.4 -999.9 -999.9 365
sta2 2012 5 20 141 11.9 21.3 14.9 2.9 16.7 -999.9 -999.9 365
sta2 2012 5 21 142 10.7 14.9 3.8 0.6 6.6 -999.9 -999.9 365
sta2 2012 5 22 143 11.4 15.2 3.3 0.7 0.6 -999.9 -999.9 365
sta2 2012 5 23 144 14.1 21.5 10.4 2.3 0 -999.9 -999.9 365
sta2 2012 5 24 145 11.9 28.1 21.4 3.7 0 -999.9 -999.9 365
sta2 2012 5 25 146 15.9 25.7 29.2 6.6 0 -999.9 -999.9 365
sta2 2012 5 26 147 9.2 25.9 29.4 5.2 0 -999.9 -999.9 365
sta2 2012 5 27 148 8.3 26 29.3 4.5 0 -999.9 -999.9 365
sta2 2012 5 28 149 11.4 25.8 24.5 4.1 0 -999.9 -999.9 365
sta2 2012 5 29 150 11.2 25.8 29 4.7 0.2 -999.9 -999.9 365
sta2 2012 5 30 151 10 24.8 26.4 3.8 0 -999.9 -999.9 365
sta2 2012 5 31 152 13.5 23.1 23.1 4.2 0 -999.9 -999.9 365
sta2 2012 6 1 153 11.1 21.9 13.2 2.6 0 -999.9 -999.9 365
sta2 2012 6 2 154 8.5 26.4 27.9 4.1 2.6 -999.9 -999.9 365
sta2 2012 6 3 155 16.4 20.3 10 2.9 1.4 -999.9 -999.9 365
sta2 2012 6 4 156 12.4 18 16.5 3.8 1.4 -999.9 -999.9 365
sta2 2012 6 5 157 1.7 18.7 22.4 2.5 0.2 -999.9 -999.9 365
sta2 2012 6 6 158 13 22.2 20.9 4.5 0 -999.9 -999.9 365
sta2 2012 6 7 159 12.7 24 15.9 3.4 6.9 -999.9 -999.9 365
sta2 2012 6 8 160 12.1 22.3 20.8 4.9 0.2 -999.9 -999.9 365
sta2 2012 6 9 161 8.9 19 23 4.1 0 -999.9 -999.9 365
sta2 2012 6 10 162 10.3 20.2 17.2 3.5 1.8 -999.9 -999.9 365
sta2 2012 6 11 163 13.3 19.6 12.3 3.3 8.7 -999.9 -999.9 365
sta2 2012 6 12 164 12.4 16.2 9.5 2.2 1 -999.9 -999.9 365
sta2 2012 6 13 165 10.9 17.6 11.3 2.7 9.3 -999.9 -999.9 365
sta2 2012 6 14 166 7 21.9 24.1 3.5 0.6 -999.9 -999.9 365
sta2 2012 6 15 167 13.8 24.2 22.3 4.7 1.2 -999.9 -999.9 365
sta2 2012 6 16 168 14.1 17.1 2.5 1 3 -999.9 -999.9 365
sta2 2012 6 17 169 9.6 23 29.5 4.4 2.8 -999.9 -999.9 365
sta2 2012 6 18 170 13.4 21.5 19.9 3.6 0.2 -999.9 -999.9 365
sta2 2012 6 19 171 12 19.9 8.3 1.9 24.2 -999.9 -999.9 365
sta2 2012 6 20 172 14.4 21.7 11.5 2.7 0.2 -999.9 -999.9 365
sta2 2012 6 21 173 11.7 27.6 16.2 3.7 5.5 -999.9 -999.9 365
sta2 2012 6 22 174 9.7 22 22.3 4.2 0 -999.9 -999.9 365
sta2 2012 6 23 175 10.3 22.2 23.4 4.3 0.2 -999.9 -999.9 365
sta2 2012 6 24 176 8.1 21 13 2.6 6.3 -999.9 -999.9 365
sta2 2012 6 25 177 11.9 22.2 27.1 4.6 0.4 -999.9 -999.9 365
sta2 2012 6 26 178 11.4 22.8 14.1 2.3 0.2 -999.9 -999.9 365
sta2 2012 6 27 179 13.8 26.9 20.5 3.7 0 -999.9 -999.9 365
sta2 2012 6 28 180 17.4 32.3 20.2 5.1 0.2 -999.9 -999.9 365
sta2 2012 6 29 181 17.3 23.4 12.6 3.6 0.4 -999.9 -999.9 365
sta2 2012 6 30 182 12.3 24.7 13.6 3.1 1.4 -999.9 -999.9 365
sta2 2012 7 1 183 14.4 21.7 23.9 5 0.2 -999.9 -999.9 365
sta2 2012 7 2 184 9.8 24.6 26.9 4.7 0 -999.9 -999.9 365
sta2 2012 7 3 185 11.4 26.2 23.2 4.2 0 -999.9 -999.9 365
sta2 2012 7 4 186 13.6 28.6 20.2 4.5 0.6 -999.9 -999.9 365
sta2 2012 7 5 187 16.4 22.9 8.9 2.3 14.5 -999.9 -999.9 365
sta2 2012 7 6 188 14.2 23 20.8 4.5 0 -999.9 -999.9 365
sta2 2012 7 7 189 13 26.2 22.2 5 1.6 -999.9 -999.9 365
sta2 2012 7 8 190 15.6 21.7 15.9 4 1.4 -999.9 -999.9 365
sta2 2012 7 9 191 12.4 22.7 14.9 3.1 2 -999.9 -999.9 365
sta2 2012 7 10 192 15.3 23.1 23.5 5.2 0 -999.9 -999.9 365
sta2 2012 7 11 193 13.5 20.3 13 4.1 0.6 -999.9 -999.9 365
sta2 2012 7 12 194 12.7 21.1 16.6 4.1 4 -999.9 -999.9 365
sta2 2012 7 13 195 14 18.9 8.9 2 14.4 -999.9 -999.9 365
sta2 2012 7 14 196 13.1 21.8 14.1 3.8 3.2 -999.9 -999.9 365
sta2 2012 7 15 197 13.6 19.9 13.5 3.8 3 -999.9 -999.9 365
sta2 2012 7 16 198 8.3 22.6 21.7 4 0 -999.9 -999.9 365
sta2 2012 7 17 199 13.4 26.2 22.7 5.5 0 -999.9 -999.9 365
sta2 2012 7 18 200 16.5 28.6 25.4 6.9 0 -999.9 -999.9 365
sta2 2012 7 19 201 14.3 22.7 14.6 4.8 0.2 -999.9 -999.9 365
sta2 2012 7 20 202 14.1 18.6 9.2 2.2 4.2 -999.9 -999.9 365
sta2 2012 7 21 203 10.5 22.4 23.7 4.4 0 -999.9 -999.9 365
sta2 2012 7 22 204 9 23.5 27.5 4.6 0.2 -999.9 -999.9 365
sta2 2012 7 23 205 9.1 26 28.7 5.5 0 -999.9 -999.9 365
sta2 2012 7 24 206 9.7 29.6 28.2 5.1 0 -999.9 -999.9 365
sta2 2012 7 25 207 12 31.6 26.6 5.3 0 -999.9 -999.9 365
sta2 2012 7 26 208 15.4 32.9 26 5.8 0 -999.9 -999.9 365
sta2 2012 7 27 209 16.1 32.4 18.2 5.3 4.4 -999.9 -999.9 365
sta2 2012 7 28 210 18.1 23.8 6.9 3 0.2 -999.9 -999.9 365
sta2 2012 7 29 211 11.3 22.9 24 4.8 0 -999.9 -999.9 365
sta2 2012 7 30 212 10.7 20.1 12.5 2.5 1.6 -999.9 -999.9 365
sta2 2012 7 31 213 15.2 26.1 23.5 4.9 0 -999.9 -999.9 365
sta2 2012 8 1 214 10.5 32.7 19.4 5.1 0 -999.9 -999.9 365
sta2 2012 8 2 215 16.9 24.9 17.9 5.3 0 -999.9 -999.9 365
sta2 2012 8 3 216 14.5 25.7 23.7 5.3 0 -999.9 -999.9 365
sta2 2012 8 4 217 12.3 27 21.8 4.8 0.2 -999.9 -999.9 365
sta2 2012 8 5 218 14.4 25.6 14.1 3.6 2.4 -999.9 -999.9 365
sta2 2012 8 6 219 12.9 23.6 19 4.7 0 -999.9 -999.9 365
sta2 2012 8 7 220 12.9 22.8 14.4 4.2 0 -999.9 -999.9 365
sta2 2012 8 8 221 7.2 26.2 24.8 3.6 0 -999.9 -999.9 365
sta2 2012 8 9 222 11.2 27.8 22.1 4.2 0 -999.9 -999.9 365
sta2 2012 8 10 223 10.8 26.7 25.4 5.1 0 -999.9 -999.9 365
sta2 2012 8 11 224 8.2 27.8 25.9 4.9 0 -999.9 -999.9 365
sta2 2012 8 12 225 9.2 24.7 12.7 2.5 0 -999.9 -999.9 365
sta2 2012 8 13 226 11.7 28 16.4 3.9 0 -999.9 -999.9 365
sta2 2012 8 14 227 11.1 26.6 11.1 2.8 0.2 -999.9 -999.9 365
sta2 2012 8 15 228 17.2 32.3 13.7 6.4 0.4 -999.9 -999.9 365
sta2 2012 8 16 229 12.6 26.1 20.7 4.6 0 -999.9 -999.9 365
sta2 2012 8 17 230 10.3 32.2 24.1 5.4 0 -999.9 -999.9 365
sta2 2012 8 18 231 13.3 38.3 23.6 7.1 0 -999.9 -999.9 365
sta2 2012 8 19 232 18.4 39.8 21.6 7.4 0 -999.9 -999.9 365
sta2 2012 8 20 233 19.7 30.6 15 4.3 0.6 -999.9 -999.9 365
sta2 2012 8 21 234 17.3 33.2 19.3 5.4 0 -999.9 -999.9 365
sta2 2012 8 22 235 13.3 25.7 22.8 4.8 0 -999.9 -999.9 365
sta2 2012 8 23 236 9.3 27.5 19.9 4.2 0.4 -999.9 -999.9 365
sta2 2012 8 24 237 13.8 26.3 12.6 4.3 0 -999.9 -999.9 365
sta2 2012 8 25 238 17 26.2 18.5 6.9 0 -999.9 -999.9 365
sta2 2012 8 26 239 15.8 23.2 15.6 5.9 0 -999.9 -999.9 365
sta2 2012 8 27 240 13.6 28.4 21.4 5.9 0 -999.9 -999.9 365
sta2 2012 8 28 241 13.9 26.6 12.9 3.9 0 -999.9 -999.9 365
sta2 2012 8 29 242 15.7 29 18.8 5.2 0 -999.9 -999.9 365
sta2 2012 8 30 243 12.3 22.8 12 4 0 -999.9 -999.9 365
sta2 2012 8 31 244 10 20.4 11.4 4.2 0.2 -999.9 -999.9 365
sta2 2012 9 1 245 4.6 21 20.1 3.7 0.2 -999.9 -999.9 365
sta2 2012 9 2 246 6 24.2 19.2 3.7 0 -999.9 -999.9 365
sta2 2012 9 3 247 10.1 25.3 20.3 3.8 0 -999.9 -999.9 365
sta2 2012 9 4 248 10.9 27.2 19 4.2 0 -999.9 -999.9 365
sta2 2012 9 5 249 13.4 25.1 13.2 4.4 0 -999.9 -999.9 365
sta2 2012 9 6 250 8.1 23.6 20.9 3.9 0 -999.9 -999.9 365
sta2 2012 9 7 251 3.4 26.1 20.6 3.2 0 -999.9 -999.9 365
sta2 2012 9 8 252 5.6 29.4 20 3.8 0 -999.9 -999.9 365
sta2 2012 9 9 253 7.2 31.5 19.7 4.6 0 -999.9 -999.9 365
sta2 2012 9 10 254 12.4 28.4 11.6 3.7 1.2 -999.9 -999.9 365
sta2 2012 9 11 255 15.6 21.6 7.6 2.4 1 -999.9 -999.9 365
sta2 2012 9 12 256 11 17.2 10.5 3 4 -999.9 -999.9 365
sta2 2012 9 13 257 8.8 18.1 11.2 2.1 0.2 -999.9 -999.9 365
sta2 2012 9 14 258 5.7 19.6 16 2.2 0.2 -999.9 -999.9 365
sta2 2012 9 15 259 11 21.4 12.8 2.9 0 -999.9 -999.9 365
sta2 2012 9 16 260 4.8 24.5 17.8 2.4 0 -999.9 -999.9 365
sta2 2012 9 17 261 7.9 25.3 17.7 2.8 0.2 -999.9 -999.9 365
sta2 2012 9 18 262 6.9 20.3 8.4 2 0 -999.9 -999.9 365
sta2 2012 9 19 263 5.4 18.1 17.5 2.9 0 -999.9 -999.9 365
sta2 2012 9 20 264 1.1 18.9 15.8 2.2 0 -999.9 -999.9 365
sta2 2012 9 21 265 1.8 24.3 11.6 2.2 6.3 -999.9 -999.9 365
sta2 2012 9 22 266 11.1 18.2 14.3 2.5 0 -999.9 -999.9 365
sta2 2012 9 23 267 8.4 24.7 11.6 2.3 0 -999.9 -999.9 365
sta2 2012 9 24 268 16.2 20.9 8.1 4.6 5.4 -999.9 -999.9 365
sta2 2012 9 25 269 12.1 16.3 4.4 1.7 15.4 -999.9 -999.9 365
sta2 2012 9 26 270 11.5 14.2 2.9 1.2 1.8 -999.9 -999.9 365
sta2 2012 9 27 271 11.7 16.9 7.5 2.2 6.8 -999.9 -999.9 365
sta2 2012 9 28 272 8.3 20 13.1 2.2 0.2 -999.9 -999.9 365
sta2 2012 9 29 273 4.8 19 14.7 1.9 0.2 -999.9 -999.9 365
sta2 2012 9 30 274 2.9 18 16.2 1.7 0.2 -999.9 -999.9 365
sta2 2012 10 1 275 0.8 19.2 15.4 1.5 0 -999.9 -999.9 365
sta2 2012 10 2 276 9.6 17.8 7 1.9 0 -999.9 -999.9 365
sta2 2012 10 3 277 11.5 20.1 7.9 2.8 1.4 -999.9 -999.9 365
sta2 2012 10 4 278 10.9 18.3 8 2 7.7 -999.9 -999.9 365
sta2 2012 10 5 279 9.6 21.4 8.8 1.8 0.2 -999.9 -999.9 365
sta2 2012 10 6 280 9.9 21.5 7.1 2.1 1.4 -999.9 -999.9 365
sta2 2012 10 7 281 11.1 16.5 7.1 1.7 0.6 -999.9 -999.9 365
sta2 2012 10 8 282 3.7 17 2.8 0.2 12.1 -999.9 -999.9 365
sta2 2012 10 9 283 14 17.2 2.6 0.8 3 -999.9 -999.9 365
sta2 2012 10 10 284 13 15.3 3.1 0.7 0 -999.9 -999.9 365
sta2 2012 10 11 285 13.1 19.7 5.8 1.4 2.6 -999.9 -999.9 365
sta2 2012 10 12 286 8.4 16.6 10.4 1.9 0.2 -999.9 -999.9 365
sta2 2012 10 13 287 6.7 15.3 6.1 1.7 6.5 -999.9 -999.9 365
sta2 2012 10 14 288 6.1 11.2 1.3 0.4 36.3 -999.9 -999.9 365
sta2 2012 10 15 289 5.6 14.1 11.8 1.9 0 -999.9 -999.9 365
sta2 2012 10 16 290 6.1 14.4 6.2 1.5 1.2 -999.9 -999.9 365
sta2 2012 10 17 291 4.5 19.6 4.3 0.8 0 -999.9 -999.9 365
sta2 2012 10 18 292 11.6 19.8 4.1 2 0 -999.9 -999.9 365
sta2 2012 10 19 293 10.4 22 5.6 1.9 0 -999.9 -999.9 365
sta2 2012 10 20 294 12.5 21.6 7.9 1.4 0 -999.9 -999.9 365
sta2 2012 10 21 295 12.8 25.1 8.3 2 0 -999.9 -999.9 365
sta2 2012 10 22 296 11.2 22.1 10.1 1.1 0.4 -999.9 -999.9 365
sta2 2012 10 23 297 8.2 13.2 6.2 0.5 0.2 -999.9 -999.9 365
sta2 2012 10 24 298 7.1 14 5.1 1 0.2 -999.9 -999.9 365
sta2 2012 10 25 299 4 15.6 4 0.5 0.2 -999.9 -999.9 365
sta2 2012 10 26 300 6.9 13 2.6 0.9 9.5 -999.9 -999.9 365
sta2 2012 10 27 301 1.4 7.7 10.6 1.8 0 -999.9 -999.9 365
sta2 2012 10 28 302 -2.8 8 10.3 1.1 0.2 -999.9 -999.9 365
sta2 2012 10 29 303 -3.6 10.3 5.4 0.8 0 -999.9 -999.9 365
sta2 2012 10 30 304 2.3 12.6 9.7 1.4 0 -999.9 -999.9 365
sta2 2012 10 31 305 -4 14 9.3 0.7 0 -999.9 -999.9 365
sta2 2012 11 1 306 3.7 12.4 3.9 1.1 3.4 -999.9 -999.9 365
sta2 2012 11 2 307 5.3 10.8 2.3 0.8 16.5 -999.9 -999.9 365
sta2 2012 11 3 308 8 13.5 1.9 1.1 10.6 -999.9 -999.9 365
sta2 2012 11 4 309 8.2 12.5 2.5 1.2 0.4 -999.9 -999.9 365
sta2 2012 11 5 310 3.8 12.6 5.3 0.9 0.2 -999.9 -999.9 365
sta2 2012 11 6 311 1.8 10.4 6 0.6 0 -999.9 -999.9 365
sta2 2012 11 7 312 4.2 11.3 2.7 0.6 0 -999.9 -999.9 365
sta2 2012 11 8 313 2.6 10.9 5.9 0.7 0.2 -999.9 -999.9 365
sta2 2012 11 9 314 0.9 11.7 4.3 0.2 0.6 -999.9 -999.9 365
sta2 2012 11 10 315 7.7 13.5 1.9 0.5 3.4 -999.9 -999.9 365
sta2 2012 11 11 316 2.2 8.6 1.7 0.3 0 -999.9 -999.9 365
sta2 2012 11 12 317 1.6 7 1.8 0.1 0 -999.9 -999.9 365
sta2 2012 11 13 318 0 7.5 4.7 0.4 0 -999.9 -999.9 365
sta2 2012 11 14 319 -1.5 6.5 1.3 0 0.2 -999.9 -999.9 365
sta2 2012 11 15 320 3.5 4.1 1 0.3 0 -999.9 -999.9 365
sta2 2012 11 16 321 2.2 7.5 3.4 0.3 0 -999.9 -999.9 365
sta2 2012 11 17 322 5.8 11.7 1.7 0.6 0 -999.9 -999.9 365
sta2 2012 11 18 323 4.4 10.3 1.7 0.1 0 -999.9 -999.9 365
sta2 2012 11 19 324 7 15.6 5.6 0.9 0 -999.9 -999.9 365
sta2 2012 11 20 325 3.3 8.1 1.5 0 0.2 -999.9 -999.9 365
sta2 2012 11 21 326 1.6 10.3 1.9 0.3 1 -999.9 -999.9 365
sta2 2012 11 22 327 1.8 9.8 3.4 0.2 0 -999.9 -999.9 365
sta2 2012 11 23 328 2.7 11.5 2.2 0.8 0 -999.9 -999.9 365
sta2 2012 11 24 329 4 15.2 2.3 1 0.2 -999.9 -999.9 365
sta2 2012 11 25 330 2.5 12.3 3.2 0.9 2.4 -999.9 -999.9 365
sta2 2012 11 26 331 1.5 13 2.1 0.1 0 -999.9 -999.9 365
sta2 2012 11 27 332 5.4 9.8 2.5 0.9 0 -999.9 -999.9 365
sta2 2012 11 28 333 1.9 9 3 0.7 0 -999.9 -999.9 365
sta2 2012 11 29 334 0.9 6.8 2.3 0.5 0.8 -999.9 -999.9 365
sta2 2012 11 30 335 -1.9 4.1 3.4 0.3 0 -999.9 -999.9 365
sta2 2012 12 1 336 -3.4 3.5 1.4 0.2 1.8 -999.9 -999.9 365
sta2 2012 12 2 337 -1.2 5.6 4.7 0.7 0 -999.9 -999.9 365
sta2 2012 12 3 338 -3 10.3 1.2 0.1 6 -999.9 -999.9 365
sta2 2012 12 4 339 4.1 7.3 3.1 0.8 4 -999.9 -999.9 365
sta2 2012 12 5 340 1.9 4.4 0.7 0.5 0.8 -999.9 -999.9 365
sta2 2012 12 6 341 -1.3 3.9 5.1 0.6 0 -999.9 -999.9 365
sta2 2012 12 7 342 -0.4 4.1 2.4 0.6 4 -999.9 -999.9 365
sta2 2012 12 8 343 1.3 2.8 1.2 0.5 0 -999.9 -999.9 365
sta2 2012 12 9 344 -3.4 5.7 2.6 0.3 4 -999.9 -999.9 365
sta2 2012 12 10 345 2.6 6.3 2.6 0.8 0 -999.9 -999.9 365
sta2 2012 12 11 346 -3.5 2.1 4.2 0.5 0 -999.9 -999.9 365
sta2 2012 12 12 347 -7.6 0.8 3.7 0.4 0 -999.9 -999.9 365
sta2 2012 12 13 348 -4.5 5.5 1.2 0.3 2.2 -999.9 -999.9 365
sta2 2012 12 14 349 1.1 11.4 0.6 0.1 3.4 -999.9 -999.9 365
sta2 2012 12 15 350 7.4 11.8 3.4 1.5 1.2 -999.9 -999.9 365
sta2 2012 12 16 351 7.1 10.9 2.7 1.2 13.1 -999.9 -999.9 365
sta2 2012 12 17 352 5.3 10.4 2.1 1 11.4 -999.9 -999.9 365
sta2 2012 12 18 353 4.9 9.1 2.6 0.8 2.4 -999.9 -999.9 365
sta2 2012 12 19 354 2.8 9 4.2 0.8 0.2 -999.9 -999.9 365
sta2 2012 12 20 355 4.8 9.7 0.7 0.8 3.6 -999.9 -999.9 365
sta2 2012 12 21 356 5.8 9.5 1.2 0.5 0 -999.9 -999.9 365
sta2 2012 12 22 357 4.6 13.8 0.3 0.6 11.1 -999.9 -999.9 365
sta2 2012 12 23 358 11.8 14.1 1.9 1.7 0 -999.9 -999.9 365
sta2 2012 12 24 359 3.4 15.1 2.9 1.3 0 -999.9 -999.9 365
sta2 2012 12 25 360 8.3 11.7 2.9 1.5 5.4 -999.9 -999.9 365
sta2 2012 12 26 361 7.3 10.9 4 1.5 4.4 -999.9 -999.9 365
sta2 2012 12 27 362 8.3 11.9 2.5 1.7 6.8 -999.9 -999.9 365
sta2 2012 12 28 363 5.7 9.8 1.5 0.5 0.8 -999.9 -999.9 365
sta2 2012 12 29 364 6.6 14.7 4.9 1.8 0 -999.9 -999.9 365
sta2 2012 12 30 365 6.7 10.6 3.4 1.5 0 -999.9 -999.9 365
sta2 2012 12 31 366 5.1 10.5 3 1.1 5.2 -999.9 -999.9 365
