sta2 2010 1 1 1 0 0.9 0.5 0.4 0 -999.9 -999.9 365
sta2 2010 1 2 2 -4 3.7 4.6 0.4 0 -999.9 -999.9 365
sta2 2010 1 3 3 -2.6 4.6 5.5 0.6 0 -999.9 -999.9 365
sta2 2010 1 4 4 -7.9 -3.3 3.1 0.4 0 -999.9 -999.9 365
sta2 2010 1 5 5 -11 -1.8 5.8 0.3 0 -999.9 -999.9 365
sta2 2010 1 6 6 -11.9 -2.4 1.6 0.1 2.4 -999.9 -999.9 365
sta2 2010 1 7 7 -4.3 -1.4 3.3 0.4 0.4 -999.9 -999.9 365
sta2 2010 1 8 8 -10.2 -0.7 3.7 0.4 0 -999.9 -999.9 365
sta2 2010 1 9 9 -4.1 -1.3 2.1 0.6 0.2 -999.9 -999.9 365
sta2 2010 1 10 10 -2.6 -1.1 2.1 0.2 0.4 -999.9 -999.9 365
sta2 2010 1 11 11 -2.4 -0.1 2.1 0.3 0 -999.9 -999.9 365
sta2 2010 1 12 12 -1.8 0.9 2.6 0.6 1.4 -999.9 -999.9 365
sta2 2010 1 13 13 -2 5.3 2.8 0 0.2 -999.9 -999.9 365
sta2 2010 1 14 14 -2.8 6.5 4.1 0.2 0 -999.9 -999.9 365
sta2 2010 1 15 15 0.9 2.9 1.4 0.2 0 -999.9 -999.9 365
sta2 2010 1 16 16 1.2 9.4 1.2 0.9 5.8 -999.9 -999.9 365
sta2 2010 1 17 17 4.9 10 5.1 1 0.2 -999.9 -999.9 365
sta2 2010 1 18 18 -0.2 4.4 1.6 0.1 0 -999.9 -999.9 365
sta2 2010 1 19 19 -0.9 1.9 1.9 0.1 0 -999.9 -999.9 365
sta2 2010 1 20 20 -0.2 6 0.9 0.3 4.6 -999.9 -999.9 365
sta2 2010 1 21 21 3.3 4.8 0.8 0.3 0.2 -999.9 -999.9 365
sta2 2010 1 22 22 0.6 7.8 4.4 0.7 0 -999.9 -999.9 365
sta2 2010 1 23 23 -0.5 4.7 3.3 0.4 0 -999.9 -999.9 365
sta2 2010 1 24 24 1.8 4.4 0.9 0.2 10 -999.9 -999.9 365
sta2 2010 1 25 25 -0.8 6 5.2 0.3 0.2 -999.9 -999.9 365
sta2 2010 1 26 26 -1.4 1.1 1.4 0.8 0 -999.9 -999.9 365
sta2 2010 1 27 27 -6.5 1.2 6.2 0.7 0.6 -999.9 -999.9 365
sta2 2010 1 28 28 -1.4 3.5 2.2 0.1 1.8 -999.9 -999.9 365
sta2 2010 1 29 29 1.3 5.7 1.4 0.6 8.8 -999.9 -999.9 365
sta2 2010 1 30 30 -1.2 3 6.4 0.9 0.4 -999.9 -999.9 365
sta2 2010 1 31 31 -3.6 3.3 4.9 0.7 0 -999.9 -999.9 365
sta2 2010 2 1 32 -3 3.2 4.2 0.5 0.8 -999.9 -999.9 365
sta2 2010 2 2 33 -0.7 7 2.7 0.6 7 -999.9 -999.9 365
sta2 2010 2 3 34 4.9 9.2 3.2 0.8 0.8 -999.9 -999.9 365
sta2 2010 2 4 35 0.3 8.7 6.6 0.6 4.2 -999.9 -999.9 365
sta2 2010 2 5 36 2.4 10.3 3.8 0.5 4.4 -999.9 -999.9 365
sta2 2010 2 6 37 2.5 9.1 3.1 0.5 3.4 -999.9 -999.9 365
sta2 2010 2 7 38 2 5.2 2.1 0.3 0 -999.9 -999.9 365
sta2 2010 2 8 39 1.3 4.3 2.6 0.8 0 -999.9 -999.9 365
sta2 2010 2 9 40 -0.9 0.3 1.3 0.7 0 -999.9 -999.9 365
sta2 2010 2 10 41 -5.3 -0.9 5.2 0.7 0.4 -999.9 -999.9 365
sta2 2010 2 11 42 -9.9 -2.1 4.4 0.2 1.2 -999.9 -999.9 365
sta2 2010 2 12 43 -3.5 -0.5 6.1 0.7 0 -999.9 -999.9 365
sta2 2010 2 13 44 -5.4 -2 4.5 0.6 0 -999.9 -999.9 365
sta2 2010 2 14 45 -4.4 1.2 8.2 0.6 0 -999.9 -999.9 365
sta2 2010 2 15 46 -4.6 1 5.5 0.8 0 -999.9 -999.9 365
sta2 2010 2 16 47 -11 4.8 11.1 0.4 0 -999.9 -999.9 365
sta2 2010 2 17 48 -2 8.5 5 0.3 0.2 -999.9 -999.9 365
sta2 2010 2 18 49 3.1 11.8 9 1.3 0 -999.9 -999.9 365
sta2 2010 2 19 50 1 8.2 5.8 1.4 0 -999.9 -999.9 365
sta2 2010 2 20 51 -1.7 3.5 3.1 0.5 1 -999.9 -999.9 365
sta2 2010 2 21 52 -0.7 9.9 8.1 1 0.6 -999.9 -999.9 365
sta2 2010 2 22 53 2.8 15.6 7.9 1.6 2 -999.9 -999.9 365
sta2 2010 2 23 54 8.5 14.7 7.5 2 1 -999.9 -999.9 365
sta2 2010 2 24 55 5.2 12.5 7.2 1.4 0.4 -999.9 -999.9 365
sta2 2010 2 25 56 7.3 11.3 3.9 1.3 3.2 -999.9 -999.9 365
sta2 2010 2 26 57 5.2 10.3 6.6 2.2 5.6 -999.9 -999.9 365
sta2 2010 2 27 58 2.1 13.4 8.9 1.8 6.8 -999.9 -999.9 365
sta2 2010 2 28 59 6.6 12.7 4.8 2.7 4.4 -999.9 -999.9 365
sta2 2010 3 1 60 -0.3 10.9 11.7 1.2 2 -999.9 -999.9 365
sta2 2010 3 2 61 4.9 11.2 7.3 1.6 1.2 -999.9 -999.9 365
sta2 2010 3 3 62 1.1 9.9 9.8 2.3 0 -999.9 -999.9 365
sta2 2010 3 4 63 1.8 8.8 13.8 2.7 0 -999.9 -999.9 365
sta2 2010 3 5 64 -2.3 5.6 14.7 1.6 0 -999.9 -999.9 365
sta2 2010 3 6 65 -1.8 6.3 8.3 1.8 0.2 -999.9 -999.9 365
sta2 2010 3 7 66 -4.1 4.1 14.4 2.1 0 -999.9 -999.9 365
sta2 2010 3 8 67 -4 5.6 15.7 2.5 0 -999.9 -999.9 365
sta2 2010 3 9 68 -4.6 3.6 15.2 2.2 0 -999.9 -999.9 365
sta2 2010 3 10 69 -1.7 5.4 6.9 2.9 0 -999.9 -999.9 365
sta2 2010 3 11 70 -0.5 6.9 13.7 2.1 0 -999.9 -999.9 365
sta2 2010 3 12 71 -7.5 7 14.9 1 0 -999.9 -999.9 365
sta2 2010 3 13 72 -7.6 7.3 8.7 0.6 0.2 -999.9 -999.9 365
sta2 2010 3 14 73 2 7.5 4.1 1.4 0 -999.9 -999.9 365
sta2 2010 3 15 74 1.6 12.9 13.3 2.1 0 -999.9 -999.9 365
sta2 2010 3 16 75 0.8 13.4 14.4 2 0 -999.9 -999.9 365
sta2 2010 3 17 76 -1.8 17.3 13.6 2.1 0 -999.9 -999.9 365
sta2 2010 3 18 77 0.4 18.9 11.8 3.1 0 -999.9 -999.9 365
sta2 2010 3 19 78 9.8 21.3 13.9 4 2.4 -999.9 -999.9 365
sta2 2010 3 20 79 11.6 15.1 3.2 1.2 5.2 -999.9 -999.9 365
sta2 2010 3 21 80 8 11.7 5.4 1.5 0.2 -999.9 -999.9 365
sta2 2010 3 22 81 -0.5 17.2 17.8 1.8 0 -999.9 -999.9 365
sta2 2010 3 23 82 -0.9 18.3 17.1 1.6 0.2 -999.9 -999.9 365
sta2 2010 3 24 83 3 20 13.5 2.7 0 -999.9 -999.9 365
sta2 2010 3 25 84 4.5 21.2 12.2 2.7 12.4 -999.9 -999.9 365
sta2 2010 3 26 85 7.9 11.7 6 1.7 3 -999.9 -999.9 365
sta2 2010 3 27 86 5.6 13.9 10.1 1.9 2.4 -999.9 -999.9 365
sta2 2010 3 28 87 7.9 12.7 5.9 1.1 2.6 -999.9 -999.9 365
sta2 2010 3 29 88 10 19.1 15.8 3.2 5.6 -999.9 -999.9 365
sta2 2010 3 30 89 5.9 13.1 7.7 1.7 3.6 -999.9 -999.9 365
sta2 2010 3 31 90 5 12.9 15.6 3.3 0 -999.9 -999.9 365
sta2 2010 4 1 91 -0.7 11.3 17.1 2.2 0.2 -999.9 -999.9 365
sta2 2010 4 2 92 0.3 12 9.7 1.3 3 -999.9 -999.9 365
sta2 2010 4 3 93 4.5 11.4 7.8 1.5 0.2 -999.9 -999.9 365
sta2 2010 4 4 94 6.8 13 9.1 3 0.8 -999.9 -999.9 365
sta2 2010 4 5 95 0.5 14.5 17.7 2.2 0 -999.9 -999.9 365
sta2 2010 4 6 96 -1.3 20.4 21.6 3 0 -999.9 -999.9 365
sta2 2010 4 7 97 4.8 15.8 5.6 1.2 3.4 -999.9 -999.9 365
sta2 2010 4 8 98 8.5 10 1.9 0.5 1.4 -999.9 -999.9 365
sta2 2010 4 9 99 6.9 17.6 17.6 3 0 -999.9 -999.9 365
sta2 2010 4 10 100 4 16.1 17.9 2.7 0 -999.9 -999.9 365
sta2 2010 4 11 101 2.4 13 15.4 2.7 0 -999.9 -999.9 365
sta2 2010 4 12 102 2.5 10.8 9.9 1.5 1.2 -999.9 -999.9 365
sta2 2010 4 13 103 2.5 10.7 9 0.9 3.8 -999.9 -999.9 365
sta2 2010 4 14 104 0.2 15.4 11.7 1.3 0.2 -999.9 -999.9 365
sta2 2010 4 15 105 2.3 14.9 18.3 2.3 0 -999.9 -999.9 365
sta2 2010 4 16 106 4.3 16.5 20.9 3.1 0.2 -999.9 -999.9 365
sta2 2010 4 17 107 0.7 18.3 22.4 2.8 0 -999.9 -999.9 365
sta2 2010 4 18 108 0.6 19.4 22.3 2.4 0 -999.9 -999.9 365
sta2 2010 4 19 109 1.1 20.1 22.3 2.7 0 -999.9 -999.9 365
sta2 2010 4 20 110 3.7 19 22.3 2.9 0.2 -999.9 -999.9 365
sta2 2010 4 21 111 0.6 15.9 21.2 2.7 0 -999.9 -999.9 365
sta2 2010 4 22 112 0.8 16.5 20.5 3 0 -999.9 -999.9 365
sta2 2010 4 23 113 0.5 21.3 23.8 3.8 0 -999.9 -999.9 365
sta2 2010 4 24 114 1.2 22.9 24.7 3.5 0 -999.9 -999.9 365
sta2 2010 4 25 115 3.1 23.4 20.8 3.2 0.2 -999.9 -999.9 365
sta2 2010 4 26 116 6.6 18.7 20.1 2.9 0 -999.9 -999.9 365
sta2 2010 4 27 117 3.8 20 24.1 3.1 0.2 -999.9 -999.9 365
sta2 2010 4 28 118 2 25.6 24.7 3.3 0 -999.9 -999.9 365
sta2 2010 4 29 119 6.7 26.6 18.8 3.9 0 -999.9 -999.9 365
sta2 2010 4 30 120 8.9 18.8 10.6 2.4 0.2 -999.9 -999.9 365
sta2 2010 5 1 121 9.5 17.2 10.2 2.3 1.6 -999.9 -999.9 365
sta2 2010 5 2 122 9.1 17.4 16.6 3.5 2.2 -999.9 -999.9 365
sta2 2010 5 3 123 4.8 9.7 4.7 1.1 0.2 -999.9 -999.9 365
sta2 2010 5 4 124 6.4 11.6 9.5 2.8 0 -999.9 -999.9 365
sta2 2010 5 5 125 5.4 13.7 12 3.8 5.8 -999.9 -999.9 365
sta2 2010 5 6 126 5.5 10.1 5.3 1.1 1.6 -999.9 -999.9 365
sta2 2010 5 7 127 4 14.6 15.3 2.3 0.2 -999.9 -999.9 365
sta2 2010 5 8 128 2.2 18 15.3 2 11.5 -999.9 -999.9 365
sta2 2010 5 9 129 8.6 18.7 21.8 3.3 0 -999.9 -999.9 365
sta2 2010 5 10 130 6.9 17.5 13.6 1.9 0.4 -999.9 -999.9 365
sta2 2010 5 11 131 7.7 11.4 3.4 0.7 9.9 -999.9 -999.9 365
sta2 2010 5 12 132 5 8.9 6.1 1.1 0 -999.9 -999.9 365
sta2 2010 5 13 133 5.6 10.4 8 1.3 0.2 -999.9 -999.9 365
sta2 2010 5 14 134 5.7 12.3 11.1 1.9 0 -999.9 -999.9 365
sta2 2010 5 15 135 6.5 15.6 14.1 3 0 -999.9 -999.9 365
sta2 2010 5 16 136 2.8 17.7 19.3 2.9 0 -999.9 -999.9 365
sta2 2010 5 17 137 5.5 17.8 19.2 3.1 0.2 -999.9 -999.9 365
sta2 2010 5 18 138 2.3 17.9 23.8 2.9 0 -999.9 -999.9 365
sta2 2010 5 19 139 4.2 18.4 28.9 4.1 0 -999.9 -999.9 365
sta2 2010 5 20 140 4.5 21 28.9 4.6 0 -999.9 -999.9 365
sta2 2010 5 21 141 4 22.6 27 3.6 0.2 -999.9 -999.9 365
sta2 2010 5 22 142 6.8 24.3 28 4.2 0 -999.9 -999.9 365
sta2 2010 5 23 143 8.5 26.2 28.6 4.9 0 -999.9 -999.9 365
sta2 2010 5 24 144 6.4 29 28.9 4.4 0 -999.9 -999.9 365
sta2 2010 5 25 145 9.6 30.1 22.3 4.6 15.1 -999.9 -999.9 365
sta2 2010 5 26 146 14.2 22.4 17.1 3.6 11.3 -999.9 -999.9 365
sta2 2010 5 27 147 13.2 21.9 18.9 3.8 0 -999.9 -999.9 365
sta2 2010 5 28 148 10.2 19.1 16.7 3 0.6 -999.9 -999.9 365
sta2 2010 5 29 149 4.9 19.9 16.4 2.2 4.4 -999.9 -999.9 365
sta2 2010 5 30 150 13.5 18 12.4 3 2.4 -999.9 -999.9 365
sta2 2010 5 31 151 9.7 15.9 14 2.3 0.2 -999.9 -999.9 365
sta2 2010 6 1 152 11 17.7 10.9 2.1 5 -999.9 -999.9 365
sta2 2010 6 2 153 11.8 21.6 22.4 4.3 0 -999.9 -999.9 365
sta2 2010 6 3 154 8.8 24.4 28.9 4.6 0.2 -999.9 -999.9 365
sta2 2010 6 4 155 9.9 26.5 29.5 4.6 0 -999.9 -999.9 365
sta2 2010 6 5 156 10.1 28.1 29.3 4.5 0 -999.9 -999.9 365
sta2 2010 6 6 157 13.6 25.3 14.4 3.3 2.8 -999.9 -999.9 365
sta2 2010 6 7 158 9.6 23.7 23.2 3.8 0 -999.9 -999.9 365
sta2 2010 6 8 159 12.6 18.8 5.3 1.1 6 -999.9 -999.9 365
sta2 2010 6 9 160 15.1 19.5 7 1.3 4.4 -999.9 -999.9 365
sta2 2010 6 10 161 16.1 23.9 6.7 2.2 0 -999.9 -999.9 365
sta2 2010 6 11 162 13.1 27.7 29.5 5.3 4.7 -999.9 -999.9 365
sta2 2010 6 12 163 14.7 21.5 13.8 3 1 -999.9 -999.9 365
sta2 2010 6 13 164 11.6 22.2 22 4 0.8 -999.9 -999.9 365
sta2 2010 6 14 165 10.7 20.5 12.7 2.3 0.8 -999.9 -999.9 365
sta2 2010 6 15 166 10.4 23.3 20.1 4.3 0 -999.9 -999.9 365
sta2 2010 6 16 167 11.3 22.1 17.1 4 9.9 -999.9 -999.9 365
sta2 2010 6 17 168 13.2 16.1 3.6 1.1 2 -999.9 -999.9 365
sta2 2010 6 18 169 9.9 23.2 16.6 3.3 0.2 -999.9 -999.9 365
sta2 2010 6 19 170 11.6 17 15.5 3.9 0.4 -999.9 -999.9 365
sta2 2010 6 20 171 4.9 14.3 10.3 1.7 0.4 -999.9 -999.9 365
sta2 2010 6 21 172 6.1 17.4 20.3 3.1 0 -999.9 -999.9 365
sta2 2010 6 22 173 8.2 21.8 25.5 4.3 0.2 -999.9 -999.9 365
sta2 2010 6 23 174 5.1 24.6 28.5 4 0 -999.9 -999.9 365
sta2 2010 6 24 175 7.2 27.1 27.5 4 0 -999.9 -999.9 365
sta2 2010 6 25 176 12.3 28.1 28.3 5.1 0.2 -999.9 -999.9 365
sta2 2010 6 26 177 11.6 29.7 27.9 4.9 0 -999.9 -999.9 365
sta2 2010 6 27 178 12.9 30 28.4 5.3 0 -999.9 -999.9 365
sta2 2010 6 28 179 12.4 31 27.1 5.5 0 -999.9 -999.9 365
sta2 2010 6 29 180 15.3 29.2 22 5.3 0 -999.9 -999.9 365
sta2 2010 6 30 181 10.3 30.4 29 5.4 0 -999.9 -999.9 365
sta2 2010 7 1 182 13.3 33.1 27.5 6.3 0 -999.9 -999.9 365
sta2 2010 7 2 183 14.9 35.5 28.4 6.6 0 -999.9 -999.9 365
sta2 2010 7 3 184 16.2 29.1 23.1 5 0 -999.9 -999.9 365
sta2 2010 7 4 185 17.6 28.4 26.7 7 0 -999.9 -999.9 365
sta2 2010 7 5 186 9.9 28.7 24.1 5.2 0 -999.9 -999.9 365
sta2 2010 7 6 187 10.5 25.6 23.7 4.6 0 -999.9 -999.9 365
sta2 2010 7 7 188 9.8 29.3 28.8 5.4 0 -999.9 -999.9 365
sta2 2010 7 8 189 10.5 34.6 28.8 6.2 0 -999.9 -999.9 365
sta2 2010 7 9 190 18.9 32.4 13.3 5 0.6 -999.9 -999.9 365
sta2 2010 7 10 191 17.6 30.1 19.2 4.5 0 -999.9 -999.9 365
sta2 2010 7 11 192 17.8 33.8 27.6 7 0 -999.9 -999.9 365
sta2 2010 7 12 193 17 24.1 7.2 2 6.2 -999.9 -999.9 365
sta2 2010 7 13 194 17.4 29.2 22.2 6.2 0 -999.9 -999.9 365
sta2 2010 7 14 195 14.7 34.2 19.9 6.4 5.1 -999.9 -999.9 365
sta2 2010 7 15 196 13.6 25.7 22.4 5.8 0 -999.9 -999.9 365
sta2 2010 7 16 197 11.2 30.3 26 5.9 0.2 -999.9 -999.9 365
sta2 2010 7 17 198 13.4 23.7 17.5 5.2 0 -999.9 -999.9 365
sta2 2010 7 18 199 9.3 26.5 28.7 5.7 0 -999.9 -999.9 365
sta2 2010 7 19 200 10.1 31 28.4 6.2 0 -999.9 -999.9 365
sta2 2010 7 20 201 11.7 33.7 27.1 6.5 0 -999.9 -999.9 365
sta2 2010 7 21 202 17.1 22.9 5.9 2.5 7.9 -999.9 -999.9 365
sta2 2010 7 22 203 16.4 21.8 10.8 3.3 0 -999.9 -999.9 365
sta2 2010 7 23 204 14.1 23.3 18.9 4.7 2.4 -999.9 -999.9 365
sta2 2010 7 24 205 10.1 22.8 15.7 3.6 0 -999.9 -999.9 365
sta2 2010 7 25 206 11.3 21.4 8.1 2.3 0.2 -999.9 -999.9 365
sta2 2010 7 26 207 9.7 24.1 9.9 2.3 1.8 -999.9 -999.9 365
sta2 2010 7 27 208 14.3 23.5 12.1 2.7 5.9 -999.9 -999.9 365
sta2 2010 7 28 209 15.7 26.8 17.6 4.6 0 -999.9 -999.9 365
sta2 2010 7 29 210 12.7 22.6 11.6 3.6 0.2 -999.9 -999.9 365
sta2 2010 7 30 211 11.1 25.4 22.7 4.6 0 -999.9 -999.9 365
sta2 2010 7 31 212 11.7 29.9 22.6 5.3 0.4 -999.9 -999.9 365
sta2 2010 8 1 213 14.7 27.5 20.3 5 0 -999.9 -999.9 365
sta2 2010 8 2 214 12.5 25.9 18 4.2 0 -999.9 -999.9 365
sta2 2010 8 3 215 13.6 25.1 20.2 4.6 0 -999.9 -999.9 365
sta2 2010 8 4 216 12.8 23.5 10.6 3.7 1.6 -999.9 -999.9 365
sta2 2010 8 5 217 13.8 22.7 17.9 5.3 0 -999.9 -999.9 365
sta2 2010 8 6 218 8.5 24.5 22.7 4.3 0 -999.9 -999.9 365
sta2 2010 8 7 219 8.8 28.9 21.3 5 0 -999.9 -999.9 365
sta2 2010 8 8 220 14 25.1 18.4 4.5 0 -999.9 -999.9 365
sta2 2010 8 9 221 10.5 27.6 19.7 4.5 0 -999.9 -999.9 365
sta2 2010 8 10 222 11.9 27.9 17.4 4.9 0.4 -999.9 -999.9 365
sta2 2010 8 11 223 17.2 22.6 8.6 2.7 0.4 -999.9 -999.9 365
sta2 2010 8 12 224 12.3 23.9 16.8 4.3 0 -999.9 -999.9 365
sta2 2010 8 13 225 13.6 23.8 15.1 4.5 0 -999.9 -999.9 365
sta2 2010 8 14 226 10.5 24.6 16.9 4 5.4 -999.9 -999.9 365
sta2 2010 8 15 227 14.4 15.9 3.6 0.9 45 -999.9 -999.9 365
sta2 2010 8 16 228 13.3 16.8 4.1 1.3 11.5 -999.9 -999.9 365
sta2 2010 8 17 229 14 20.4 10.3 3.2 0.4 -999.9 -999.9 365
sta2 2010 8 18 230 15.1 24.6 19.2 5 0 -999.9 -999.9 365
sta2 2010 8 19 231 8.9 25.8 20.8 3.5 0.2 -999.9 -999.9 365
sta2 2010 8 20 232 12.1 30.2 21.7 4.1 0 -999.9 -999.9 365
sta2 2010 8 21 233 14.4 31.7 23.4 4.7 0 -999.9 -999.9 365
sta2 2010 8 22 234 15.7 26.6 11.1 3 1.2 -999.9 -999.9 365
sta2 2010 8 23 235 19.1 25.7 10.2 3.9 23.9 -999.9 -999.9 365
sta2 2010 8 24 236 14.8 21.5 18.5 4.4 0 -999.9 -999.9 365
sta2 2010 8 25 237 11.5 23.3 14 3.6 0 -999.9 -999.9 365
sta2 2010 8 26 238 16.6 29 13.5 4.1 4.2 -999.9 -999.9 365
sta2 2010 8 27 239 17.5 24.2 13.3 3.5 9.2 -999.9 -999.9 365
sta2 2010 8 28 240 11.4 20.7 19.2 3.7 0 -999.9 -999.9 365
sta2 2010 8 29 241 10.7 19.4 11.5 3.2 0.2 -999.9 -999.9 365
sta2 2010 8 30 242 9.1 18.9 15.5 3.1 0.4 -999.9 -999.9 365
sta2 2010 8 31 243 6.9 20.1 18.1 3 0.2 -999.9 -999.9 365
sta2 2010 9 1 244 6 22.2 21.4 3.3 0 -999.9 -999.9 365
sta2 2010 9 2 245 8.7 23.9 19.4 3.4 0 -999.9 -999.9 365
sta2 2010 9 3 246 10.3 24.1 21 3.6 0.2 -999.9 -999.9 365
sta2 2010 9 4 247 9.1 23.6 17.7 2.9 0 -999.9 -999.9 365
sta2 2010 9 5 248 8.6 23.4 20.1 3.3 0 -999.9 -999.9 365
sta2 2010 9 6 249 11.5 20.6 7 1.6 3 -999.9 -999.9 365
sta2 2010 9 7 250 15.8 18.2 5.2 1.2 3.6 -999.9 -999.9 365
sta2 2010 9 8 251 14.3 18.3 7.8 2.1 5.6 -999.9 -999.9 365
sta2 2010 9 9 252 11.7 20.7 11.2 2.4 3 -999.9 -999.9 365
sta2 2010 9 10 253 10.4 22.5 16.8 2.7 0.2 -999.9 -999.9 365
sta2 2010 9 11 254 8.9 25.8 18.9 2.9 0.2 -999.9 -999.9 365
sta2 2010 9 12 255 10.4 20.7 10.5 1.7 2.6 -999.9 -999.9 365
sta2 2010 9 13 256 8.3 20.8 16.8 2.3 0 -999.9 -999.9 365
sta2 2010 9 14 257 12.2 22.7 14.2 3.8 0.2 -999.9 -999.9 365
sta2 2010 9 15 258 12.6 17.9 7 1.8 7.1 -999.9 -999.9 365
sta2 2010 9 16 259 11.2 17.3 12.7 2.9 0 -999.9 -999.9 365
sta2 2010 9 17 260 7.6 18.4 12.2 2.2 0.2 -999.9 -999.9 365
sta2 2010 9 18 261 4.4 16.4 18.5 2.3 0.2 -999.9 -999.9 365
sta2 2010 9 19 262 1.3 19.5 18.1 1.9 0.2 -999.9 -999.9 365
sta2 2010 9 20 263 2.9 22.7 17.9 2.2 0 -999.9 -999.9 365
sta2 2010 9 21 264 3.4 24 17.4 2 0.2 -999.9 -999.9 365
sta2 2010 9 22 265 6.8 25.7 17.3 2.6 0.2 -999.9 -999.9 365
sta2 2010 9 23 266 9.6 26.4 13.4 2.8 15.9 -999.9 -999.9 365
sta2 2010 9 24 267 13 19.1 10.3 2.3 10.9 -999.9 -999.9 365
sta2 2010 9 25 268 8.9 15.3 9.7 2.1 1.6 -999.9 -999.9 365
sta2 2010 9 26 269 6.1 13 6.5 1.3 9.7 -999.9 -999.9 365
sta2 2010 9 27 270 9 13.4 5.8 1.3 0.6 -999.9 -999.9 365
sta2 2010 9 28 271 6.1 15.6 8 1 1 -999.9 -999.9 365
sta2 2010 9 29 272 12.9 17.4 3.2 0.9 0.2 -999.9 -999.9 365
sta2 2010 9 30 273 12.4 15.4 3 0.9 1 -999.9 -999.9 365
sta2 2010 10 1 274 7.4 17.9 13.3 1.6 3.4 -999.9 -999.9 365
sta2 2010 10 2 275 13 22.6 9.1 2.8 0 -999.9 -999.9 365
sta2 2010 10 3 276 12.3 25.1 12.9 3.4 0 -999.9 -999.9 365
sta2 2010 10 4 277 16.1 19.3 4.8 2.2 2 -999.9 -999.9 365
sta2 2010 10 5 278 11.5 17.2 4.3 0.9 0 -999.9 -999.9 365
sta2 2010 10 6 279 12.9 23.3 12.3 2.8 0.2 -999.9 -999.9 365
sta2 2010 10 7 280 11.4 24.2 13.3 2.3 0.2 -999.9 -999.9 365
sta2 2010 10 8 281 8.6 24.3 12.8 1.6 0.2 -999.9 -999.9 365
sta2 2010 10 9 282 10.4 25 12.2 1.8 0 -999.9 -999.9 365
sta2 2010 10 10 283 11.9 18.6 7.7 2.2 0 -999.9 -999.9 365
sta2 2010 10 11 284 5.2 19.5 13.2 2.8 0.2 -999.9 -999.9 365
sta2 2010 10 12 285 3 18 13.1 2 0 -999.9 -999.9 365
sta2 2010 10 13 286 2 13.8 12.7 1.5 0.2 -999.9 -999.9 365
sta2 2010 10 14 287 0.3 14.1 11.1 1 0.4 -999.9 -999.9 365
sta2 2010 10 15 288 1.4 11.7 4.6 0.5 3.2 -999.9 -999.9 365
sta2 2010 10 16 289 6.9 12.7 6.1 1.3 3.6 -999.9 -999.9 365
sta2 2010 10 17 290 5.8 8.6 3.3 1.2 0 -999.9 -999.9 365
sta2 2010 10 18 291 2.2 9.9 5 0.8 0.2 -999.9 -999.9 365
sta2 2010 10 19 292 2.4 12.2 4.6 0.3 1.8 -999.9 -999.9 365
sta2 2010 10 20 293 4.5 11.3 7.9 1.6 0.2 -999.9 -999.9 365
sta2 2010 10 21 294 -3.7 11 10.7 0.8 0.2 -999.9 -999.9 365
sta2 2010 10 22 295 -3.1 10 6.8 0.8 0 -999.9 -999.9 365
sta2 2010 10 23 296 -3.3 11.7 6 0.4 1.6 -999.9 -999.9 365
sta2 2010 10 24 297 5.4 10.4 5.2 1.1 0.4 -999.9 -999.9 365
sta2 2010 10 25 298 -0.3 10.8 10.3 1 0 -999.9 -999.9 365
sta2 2010 10 26 299 -2.3 11.4 10 0.7 0.2 -999.9 -999.9 365
sta2 2010 10 27 300 3.6 14.7 7.6 1.8 0 -999.9 -999.9 365
sta2 2010 10 28 301 4.8 11.5 3.5 0.7 0.2 -999.9 -999.9 365
sta2 2010 10 29 302 3.9 19.1 8.1 2 0.2 -999.9 -999.9 365
sta2 2010 10 30 303 9.8 14.6 4.4 1.4 5 -999.9 -999.9 365
sta2 2010 10 31 304 7.2 17.1 6.7 0.9 1 -999.9 -999.9 365
sta2 2010 11 1 305 7.7 13.6 3.9 0.8 0 -999.9 -999.9 365
sta2 2010 11 2 306 5.7 13.6 6.8 0.3 0.2 -999.9 -999.9 365
sta2 2010 11 3 307 11.3 15.6 3.6 1 0 -999.9 -999.9 365
sta2 2010 11 4 308 13.7 16.9 2.7 1.3 0 -999.9 -999.9 365
sta2 2010 11 5 309 11.2 17.2 7.3 1.8 0 -999.9 -999.9 365
sta2 2010 11 6 310 9.6 14.5 3.2 1.1 23.2 -999.9 -999.9 365
sta2 2010 11 7 311 6.2 9.1 1.7 0.4 4.4 -999.9 -999.9 365
sta2 2010 11 8 312 4.2 7.7 2.5 0.7 9.5 -999.9 -999.9 365
sta2 2010 11 9 313 5.7 11.1 3.2 0.8 1.4 -999.9 -999.9 365
sta2 2010 11 10 314 5.8 8.8 1.8 0.7 1.4 -999.9 -999.9 365
sta2 2010 11 11 315 0.6 15.1 2.2 0.8 5.6 -999.9 -999.9 365
sta2 2010 11 12 316 10.6 15.6 2.6 1.6 1 -999.9 -999.9 365
sta2 2010 11 13 317 13.6 16.3 2.9 2.3 0 -999.9 -999.9 365
sta2 2010 11 14 318 10.3 18.3 3.9 2 2.2 -999.9 -999.9 365
sta2 2010 11 15 319 5.4 9.7 1.2 0.4 1.6 -999.9 -999.9 365
sta2 2010 11 16 320 1.4 5.2 2.5 0.1 0 -999.9 -999.9 365
sta2 2010 11 17 321 2.8 7.6 2.7 0.5 2.2 -999.9 -999.9 365
sta2 2010 11 18 322 5.2 8 1.4 0.4 0.8 -999.9 -999.9 365
sta2 2010 11 19 323 2 9.7 3.9 0.5 0 -999.9 -999.9 365
sta2 2010 11 20 324 0.1 10.9 4.7 0.4 1 -999.9 -999.9 365
sta2 2010 11 21 325 4.9 6.3 2.1 0.6 2.2 -999.9 -999.9 365
sta2 2010 11 22 326 4 4.9 0.9 0.4 0.6 -999.9 -999.9 365
sta2 2010 11 23 327 2.7 5 1.7 0.5 0 -999.9 -999.9 365
sta2 2010 11 24 328 0.3 7 3.2 0.3 2.4 -999.9 -999.9 365
sta2 2010 11 25 329 0.3 2.8 1.2 0.2 6.5 -999.9 -999.9 365
sta2 2010 11 26 330 -0.4 1.3 1.8 0.5 0 -999.9 -999.9 365
sta2 2010 11 27 331 -5.9 1 5.9 0.1 0.2 -999.9 -999.9 365
sta2 2010 11 28 332 -1.1 3.5 4.1 0.4 7.4 -999.9 -999.9 365
sta2 2010 11 29 333 -1.6 -0.4 2.7 0.3 0.2 -999.9 -999.9 365
sta2 2010 11 30 334 -5.4 -0.5 4 0.3 0 -999.9 -999.9 365
sta2 2010 12 1 335 -3 -1.2 2 0.5 0 -999.9 -999.9 365
sta2 2010 12 2 336 -3.2 -0.5 4.5 0.5 0 -999.9 -999.9 365
sta2 2010 12 3 337 -6.1 -1.3 2.9 0.2 0.4 -999.9 -999.9 365
sta2 2010 12 4 338 -6.3 0.9 4.2 0.6 0 -999.9 -999.9 365
sta2 2010 12 5 339 -0.7 3.5 1.6 0.7 3 -999.9 -999.9 365
sta2 2010 12 6 340 0.7 2.6 1.2 0.2 9.5 -999.9 -999.9 365
sta2 2010 12 7 341 1.2 3 0.6 0.1 19 -999.9 -999.9 365
sta2 2010 12 8 342 0.3 2.6 0.6 0.1 17.1 -999.9 -999.9 365
sta2 2010 12 9 343 -2.7 2 3.9 0.2 0 -999.9 -999.9 365
sta2 2010 12 10 344 -2.3 5 2.1 0.2 0 -999.9 -999.9 365
sta2 2010 12 11 345 2.8 5.5 0.5 0.4 0 -999.9 -999.9 365
sta2 2010 12 12 346 3.5 7.2 2.9 0.8 0 -999.9 -999.9 365
sta2 2010 12 13 347 -4 1 5.3 0.6 0.2 -999.9 -999.9 365
sta2 2010 12 14 348 -7.1 0.5 3.7 0.3 0 -999.9 -999.9 365
sta2 2010 12 15 349 -6.5 1.2 1.8 0.2 0.8 -999.9 -999.9 365
sta2 2010 12 16 350 -5.7 3.6 1 0 8 -999.9 -999.9 365
sta2 2010 12 17 351 -4.6 -0.1 4.1 0 1 -999.9 -999.9 365
sta2 2010 12 18 352 -6.2 1.8 3.6 0.2 3.6 -999.9 -999.9 365
sta2 2010 12 19 353 -0.2 8 3.7 1.1 5.6 -999.9 -999.9 365
sta2 2010 12 20 354 -0.3 5.6 2.3 0.6 7.2 -999.9 -999.9 365
sta2 2010 12 21 355 0.5 7.3 1.1 0 2.6 -999.9 -999.9 365
sta2 2010 12 22 356 2.9 4.3 0.8 0.1 15.4 -999.9 -999.9 365
sta2 2010 12 23 357 0 1.5 0.2 0.2 24.2 -999.9 -999.9 365
sta2 2010 12 24 358 -1.3 -0.6 1.2 0.4 1.2 -999.9 -999.9 365
sta2 2010 12 25 359 -6.3 -2.7 4.1 0.6 0 -999.9 -999.9 365
sta2 2010 12 26 360 -11.4 -1.1 2 0.1 0 -999.9 -999.9 365
sta2 2010 12 27 361 -5.4 -0.2 3.4 0.3 0 -999.9 -999.9 365
sta2 2010 12 28 362 -4.3 2.1 1.4 0.1 3 -999.9 -999.9 365
sta2 2010 12 29 363 0.8 3.7 1.8 0.2 0 -999.9 -999.9 365
sta2 2010 12 30 364 0.4 3.7 2.3 0.1 0 -999.9 -999.9 365
sta2 2010 12 31 365 0.2 1 0.7 0.2 0 -999.9 -999.9 365
