sta2 2013 1 1 1 4.5 10.3 2.1 1 3.4 -999.9 -999.9 365
sta2 2013 1 2 2 1.6 8.8 4.2 0.6 0 -999.9 -999.9 365
sta2 2013 1 3 3 4.5 9.3 2 0.2 0.4 -999.9 -999.9 365
sta2 2013 1 4 4 8.1 9.1 0.8 0.2 0 -999.9 -999.9 365
sta2 2013 1 5 5 7.6 8.5 0.7 0.3 0.4 -999.9 -999.9 365
sta2 2013 1 6 6 7.2 8.6 1.5 0.4 0 -999.9 -999.9 365
sta2 2013 1 7 7 1.2 5.3 1.1 0 0 -999.9 -999.9 365
sta2 2013 1 8 8 2.6 3.6 0.8 0.2 0 -999.9 -999.9 365
sta2 2013 1 9 9 1.8 3 1 0.3 2.2 -999.9 -999.9 365
sta2 2013 1 10 10 2.5 6.9 1 0.1 8.4 -999.9 -999.9 365
sta2 2013 1 11 11 2.6 6.2 3.8 0.4 0 -999.9 -999.9 365
sta2 2013 1 12 12 0.2 5.6 2.9 0.3 0.2 -999.9 -999.9 365
sta2 2013 1 13 13 2.2 3.7 1.5 0.4 0.2 -999.9 -999.9 365
sta2 2013 1 14 14 -2.7 1.1 1.9 0.5 4.4 -999.9 -999.9 365
sta2 2013 1 15 15 -2.7 1.7 2.3 0 1 -999.9 -999.9 365
sta2 2013 1 16 16 -5.4 -2.1 2.7 0.2 0 -999.9 -999.9 365
sta2 2013 1 17 17 -4.5 -1.6 3.6 0.5 0 -999.9 -999.9 365
sta2 2013 1 18 18 -8 -0.8 3 0.1 1.2 -999.9 -999.9 365
sta2 2013 1 19 19 -2.3 1 2.9 0.1 9.2 -999.9 -999.9 365
sta2 2013 1 20 20 -2.1 0.7 1.1 0 0.4 -999.9 -999.9 365
sta2 2013 1 21 21 -1.9 3.1 2.7 0.1 0.8 -999.9 -999.9 365
sta2 2013 1 22 22 0.3 4.9 2.9 0.4 0 -999.9 -999.9 365
sta2 2013 1 23 23 -1.6 5.7 5.8 0.1 0 -999.9 -999.9 365
sta2 2013 1 24 24 -0.5 2.5 1.8 0.4 0 -999.9 -999.9 365
sta2 2013 1 25 25 -7.1 -2.7 1.2 0 0 -999.9 -999.9 365
sta2 2013 1 26 26 -5 3.1 2.3 0.2 0 -999.9 -999.9 365
sta2 2013 1 27 27 1 6.3 1.4 0.2 3.2 -999.9 -999.9 365
sta2 2013 1 28 28 1 9.9 4.9 0.6 0.8 -999.9 -999.9 365
sta2 2013 1 29 29 5.5 13 1.8 0.4 4.8 -999.9 -999.9 365
sta2 2013 1 30 30 10.1 13.4 2.1 1.4 6.7 -999.9 -999.9 365
sta2 2013 1 31 31 2.1 11 5.1 0.2 1.4 -999.9 -999.9 365
sta2 2013 2 1 32 6.7 12.2 1.4 0.8 23.4 -999.9 -999.9 365
sta2 2013 2 2 33 2.1 6.8 3.7 0.8 0.2 -999.9 -999.9 365
sta2 2013 2 3 34 -0.6 7.6 5.8 1 2.2 -999.9 -999.9 365
sta2 2013 2 4 35 2.8 10.6 2.5 0.1 0.6 -999.9 -999.9 365
sta2 2013 2 5 36 0.7 7.2 3.3 0.5 6.4 -999.9 -999.9 365
sta2 2013 2 6 37 0.9 6.3 3.6 0.8 2.8 -999.9 -999.9 365
sta2 2013 2 7 38 -0.1 5.2 3.8 0.6 0.4 -999.9 -999.9 365
sta2 2013 2 8 39 -2.3 4.5 6.4 0.4 0 -999.9 -999.9 365
sta2 2013 2 9 40 -3 5.3 5.4 0.6 0 -999.9 -999.9 365
sta2 2013 2 10 41 -6.6 3 7.1 0.2 4.2 -999.9 -999.9 365
sta2 2013 2 11 42 0 4.8 2.6 0.1 3.2 -999.9 -999.9 365
sta2 2013 2 12 43 0.2 2.2 3.7 0.8 0 -999.9 -999.9 365
sta2 2013 2 13 44 -2.5 -0.3 3.7 0.9 0 -999.9 -999.9 365
sta2 2013 2 14 45 -6.1 5 2.4 0.1 6.4 -999.9 -999.9 365
sta2 2013 2 15 46 2.1 8.7 3.6 0.3 6.3 -999.9 -999.9 365
sta2 2013 2 16 47 -1.1 7.4 6.8 0.3 0 -999.9 -999.9 365
sta2 2013 2 17 48 -0.8 6.9 8 0.7 0 -999.9 -999.9 365
sta2 2013 2 18 49 -1.3 7.2 11.1 0.7 0 -999.9 -999.9 365
sta2 2013 2 19 50 -5.3 9.2 11.4 0.4 0 -999.9 -999.9 365
sta2 2013 2 20 51 -1.6 7.3 8.6 1.2 0 -999.9 -999.9 365
sta2 2013 2 21 52 -2.3 2 7.5 1.4 0 -999.9 -999.9 365
sta2 2013 2 22 53 -4.4 0.3 8 1.2 0 -999.9 -999.9 365
sta2 2013 2 23 54 -5.8 -0.2 6 0.9 1.6 -999.9 -999.9 365
sta2 2013 2 24 55 -3.2 0.6 4.4 0.3 3.8 -999.9 -999.9 365
sta2 2013 2 25 56 -0.8 2 4.3 0.3 1.4 -999.9 -999.9 365
sta2 2013 2 26 57 -1.2 2.9 4.7 0.5 0 -999.9 -999.9 365
sta2 2013 2 27 58 1.1 5.3 2.5 0.3 0 -999.9 -999.9 365
sta2 2013 2 28 59 1.5 3.6 2 0.4 0 -999.9 -999.9 365
sta2 2013 3 1 60 2 3.7 1.4 0.6 0 -999.9 -999.9 365
sta2 2013 3 2 61 1.9 3.6 3.6 1.1 0 -999.9 -999.9 365
sta2 2013 3 3 62 -5.4 8 13.6 0.7 0 -999.9 -999.9 365
sta2 2013 3 4 63 -2.3 16.8 12.9 1.8 0 -999.9 -999.9 365
sta2 2013 3 5 64 -1.2 15.6 7.6 2 0 -999.9 -999.9 365
sta2 2013 3 6 65 6.5 16.8 6.8 2.1 0.4 -999.9 -999.9 365
sta2 2013 3 7 66 8.1 15.1 4.4 1.4 0.8 -999.9 -999.9 365
sta2 2013 3 8 67 4.3 12.7 3.5 0.2 4.6 -999.9 -999.9 365
sta2 2013 3 9 68 8.7 17 9.2 2.1 9.4 -999.9 -999.9 365
sta2 2013 3 10 69 5.3 9.1 5 0.9 3 -999.9 -999.9 365
sta2 2013 3 11 70 2.7 9.8 5.7 0.8 6 -999.9 -999.9 365
sta2 2013 3 12 71 -0.3 7.9 2.4 0.5 5.2 -999.9 -999.9 365
sta2 2013 3 13 72 -4.6 3.8 15.9 1.2 0 -999.9 -999.9 365
sta2 2013 3 14 73 -1.3 4.4 9.1 1.3 0.2 -999.9 -999.9 365
sta2 2013 3 15 74 -5.9 6.9 16.6 1.2 0 -999.9 -999.9 365
sta2 2013 3 16 75 -1.1 8.8 7.4 2.2 2.4 -999.9 -999.9 365
sta2 2013 3 17 76 4 7.5 3.6 0.9 10.7 -999.9 -999.9 365
sta2 2013 3 18 77 -0.5 10.2 11.1 1.1 1 -999.9 -999.9 365
sta2 2013 3 19 78 1.9 10 8.5 1.3 6.8 -999.9 -999.9 365
sta2 2013 3 20 79 3.9 9.3 8.1 1.5 1.4 -999.9 -999.9 365
sta2 2013 3 21 80 0.6 10.6 10.3 1.3 0 -999.9 -999.9 365
sta2 2013 3 22 81 2.1 14.6 12.2 2.3 0.8 -999.9 -999.9 365
sta2 2013 3 23 82 5.3 8.7 3 0.6 1.4 -999.9 -999.9 365
sta2 2013 3 24 83 3.8 10.4 11.6 2.3 0 -999.9 -999.9 365
sta2 2013 3 25 84 0.3 7.5 15 2.3 0 -999.9 -999.9 365
sta2 2013 3 26 85 -0.4 5.4 11.5 1.7 0 -999.9 -999.9 365
sta2 2013 3 27 86 -0.1 5.4 7.7 1.5 0 -999.9 -999.9 365
sta2 2013 3 28 87 -1.4 6 7.2 1.2 0 -999.9 -999.9 365
sta2 2013 3 29 88 -5.4 7.8 13.6 1.3 0 -999.9 -999.9 365
sta2 2013 3 30 89 -0.4 7.8 9.9 1.9 0 -999.9 -999.9 365
sta2 2013 3 31 90 -4.1 7.1 15.3 1.7 0 -999.9 -999.9 365
sta2 2013 4 1 91 -1.6 10.5 20.1 2.6 0 -999.9 -999.9 365
sta2 2013 4 2 92 -3.5 10.8 20.7 2.3 0 -999.9 -999.9 365
sta2 2013 4 3 93 -4.1 10.6 18.2 1.9 0 -999.9 -999.9 365
sta2 2013 4 4 94 2.5 12.9 14.9 3.1 0 -999.9 -999.9 365
sta2 2013 4 5 95 3.4 9.8 10.2 2.5 0 -999.9 -999.9 365
sta2 2013 4 6 96 3 7.8 6.1 2 0 -999.9 -999.9 365
sta2 2013 4 7 97 -1.8 11.5 15.8 2.1 0 -999.9 -999.9 365
sta2 2013 4 8 98 0.6 10 7.4 1.3 1.6 -999.9 -999.9 365
sta2 2013 4 9 99 2.7 14.2 10.9 1.8 10.3 -999.9 -999.9 365
sta2 2013 4 10 100 8.2 14.4 11.5 2.6 6.4 -999.9 -999.9 365
sta2 2013 4 11 101 10.1 14.6 4.4 1 17.7 -999.9 -999.9 365
sta2 2013 4 12 102 8.1 15 15 2.8 4.2 -999.9 -999.9 365
sta2 2013 4 13 103 5.7 15.7 15.1 2.2 0.2 -999.9 -999.9 365
sta2 2013 4 14 104 6.5 25.3 22.6 3.8 0 -999.9 -999.9 365
sta2 2013 4 15 105 8.7 19.5 14.6 2.3 0 -999.9 -999.9 365
sta2 2013 4 16 106 7.1 19.9 16.9 2.6 0 -999.9 -999.9 365
sta2 2013 4 17 107 8.4 25.3 23.2 4.2 0 -999.9 -999.9 365
sta2 2013 4 18 108 12.6 17.5 14.9 4.2 0 -999.9 -999.9 365
sta2 2013 4 19 109 4.6 14.8 22.9 3.1 0 -999.9 -999.9 365
sta2 2013 4 20 110 4.1 13.7 12.2 2.6 0 -999.9 -999.9 365
sta2 2013 4 21 111 5.7 15 10.2 2.6 0 -999.9 -999.9 365
sta2 2013 4 22 112 1.8 15.6 24.3 3 0 -999.9 -999.9 365
sta2 2013 4 23 113 1.8 18.8 22.6 2.6 0 -999.9 -999.9 365
sta2 2013 4 24 114 3.8 23.1 24.7 3.1 0 -999.9 -999.9 365
sta2 2013 4 25 115 5.9 25.3 24.5 3.4 0 -999.9 -999.9 365
sta2 2013 4 26 116 9.9 17.2 3.7 1.5 13.3 -999.9 -999.9 365
sta2 2013 4 27 117 5.1 9.3 6.5 1.6 0.6 -999.9 -999.9 365
sta2 2013 4 28 118 5.3 9.3 5.3 1.2 0.2 -999.9 -999.9 365
sta2 2013 4 29 119 -0.1 15.8 23.3 2.4 3.6 -999.9 -999.9 365
sta2 2013 4 30 120 7.9 9.7 3.2 0.7 19 -999.9 -999.9 365
sta2 2013 5 1 121 8.7 16.2 9.2 1.8 16.7 -999.9 -999.9 365
sta2 2013 5 2 122 5.5 18.6 16.8 2 1.6 -999.9 -999.9 365
sta2 2013 5 3 123 9.9 12.2 2.5 0.8 22.4 -999.9 -999.9 365
sta2 2013 5 4 124 7.7 18.3 25.7 3.4 0.2 -999.9 -999.9 365
sta2 2013 5 5 125 8.3 20 24.5 3.5 4.8 -999.9 -999.9 365
sta2 2013 5 6 126 8.8 15 15.4 2.1 6.9 -999.9 -999.9 365
sta2 2013 5 7 127 5.7 19.1 9.4 1.3 0 -999.9 -999.9 365
sta2 2013 5 8 128 6.5 19.9 10.8 1.3 6 -999.9 -999.9 365
sta2 2013 5 9 129 12.8 17.6 15.9 3.4 0.4 -999.9 -999.9 365
sta2 2013 5 10 130 6.1 15.3 11.9 1.9 0 -999.9 -999.9 365
sta2 2013 5 11 131 10.2 17.5 16.7 3.6 1.8 -999.9 -999.9 365
sta2 2013 5 12 132 8 15.5 18.6 3.5 0 -999.9 -999.9 365
sta2 2013 5 13 133 8.6 16.3 7.9 2.1 0.2 -999.9 -999.9 365
sta2 2013 5 14 134 7.6 16.5 15.5 2.7 4.8 -999.9 -999.9 365
sta2 2013 5 15 135 9 14.7 12.8 2.5 7.3 -999.9 -999.9 365
sta2 2013 5 16 136 8.6 14.4 8.9 1.7 4.3 -999.9 -999.9 365
sta2 2013 5 17 137 8.8 15.6 15.5 2.7 0.2 -999.9 -999.9 365
sta2 2013 5 18 138 5.1 17.9 13.7 2.1 14.3 -999.9 -999.9 365
sta2 2013 5 19 139 10 16.6 12.4 2.7 2.4 -999.9 -999.9 365
sta2 2013 5 20 140 10.1 12.6 5.3 1.1 13.7 -999.9 -999.9 365
sta2 2013 5 21 141 9.7 13.4 4.3 0.9 5.8 -999.9 -999.9 365
sta2 2013 5 22 142 8 14.1 10.2 2.3 0.6 -999.9 -999.9 365
sta2 2013 5 23 143 6.2 13.4 16.3 3 1.8 -999.9 -999.9 365
sta2 2013 5 24 144 2.3 11.3 16.9 2 4.6 -999.9 -999.9 365
sta2 2013 5 25 145 5.1 14.6 17.5 2.8 0.4 -999.9 -999.9 365
sta2 2013 5 26 146 4.9 13.9 10.6 2.2 0.2 -999.9 -999.9 365
sta2 2013 5 27 147 1.1 20.5 28.8 3.3 0 -999.9 -999.9 365
sta2 2013 5 28 148 7.7 15.9 8 1.8 4 -999.9 -999.9 365
sta2 2013 5 29 149 5.7 15.8 14.6 2.5 7.1 -999.9 -999.9 365
sta2 2013 5 30 150 8.1 15.7 9.6 1.7 1.4 -999.9 -999.9 365
sta2 2013 5 31 151 9 16.6 6.6 1.4 2.4 -999.9 -999.9 365
sta2 2013 6 1 152 8.9 21.7 28 4.5 0 -999.9 -999.9 365
sta2 2013 6 2 153 7.3 18.6 25.8 4 0 -999.9 -999.9 365
sta2 2013 6 3 154 6.7 17.4 25.4 3.7 0 -999.9 -999.9 365
sta2 2013 6 4 155 6.5 19.9 28.9 4 0 -999.9 -999.9 365
sta2 2013 6 5 156 7.6 24.8 29.1 4.2 0 -999.9 -999.9 365
sta2 2013 6 6 157 9.9 27 19 3.3 1.6 -999.9 -999.9 365
sta2 2013 6 7 158 9.1 27.6 29.2 4.7 0 -999.9 -999.9 365
sta2 2013 6 8 159 9.6 27.8 21.5 3.9 13.2 -999.9 -999.9 365
sta2 2013 6 9 160 14.3 21.7 17.1 3.7 0 -999.9 -999.9 365
sta2 2013 6 10 161 11.6 19.6 11.9 2.4 0.2 -999.9 -999.9 365
sta2 2013 6 11 162 9.3 22.8 17.8 3 0 -999.9 -999.9 365
sta2 2013 6 12 163 12.8 23.6 13.4 3 0 -999.9 -999.9 365
sta2 2013 6 13 164 11.8 21.5 6.3 2 7.7 -999.9 -999.9 365
sta2 2013 6 14 165 9.1 20.5 16.5 2.9 0.2 -999.9 -999.9 365
sta2 2013 6 15 166 8.6 20.4 16.9 2.8 0 -999.9 -999.9 365
sta2 2013 6 16 167 8.2 26.1 26 4.1 0 -999.9 -999.9 365
sta2 2013 6 17 168 13.4 31.8 27.1 5.4 7.8 -999.9 -999.9 365
sta2 2013 6 18 169 15.6 29.5 25.9 4.6 0.2 -999.9 -999.9 365
sta2 2013 6 19 170 19.6 28.5 16.6 4.2 26.2 -999.9 -999.9 365
sta2 2013 6 20 171 16.7 25.4 16.7 4.1 5 -999.9 -999.9 365
sta2 2013 6 21 172 13.5 18.9 9.7 2.5 0.6 -999.9 -999.9 365
sta2 2013 6 22 173 12.5 20.6 15.1 3.3 0 -999.9 -999.9 365
sta2 2013 6 23 174 12.5 19.1 18.4 4.1 10.8 -999.9 -999.9 365
sta2 2013 6 24 175 11.6 17.9 13.9 3.5 0 -999.9 -999.9 365
sta2 2013 6 25 176 7.3 19.3 18 3.1 0 -999.9 -999.9 365
sta2 2013 6 26 177 7.6 19.9 24.6 3.8 0 -999.9 -999.9 365
sta2 2013 6 27 178 10.4 19.4 19.2 3.6 0.4 -999.9 -999.9 365
sta2 2013 6 28 179 9.2 16.6 8.6 1.2 5 -999.9 -999.9 365
sta2 2013 6 29 180 14.2 21.3 14.5 3.6 0.8 -999.9 -999.9 365
sta2 2013 6 30 181 9.2 22.7 26.8 4.1 0.2 -999.9 -999.9 365
sta2 2013 7 1 182 8.8 25.4 24.6 3.5 0 -999.9 -999.9 365
sta2 2013 7 2 183 10.7 27.4 23.8 4.1 4 -999.9 -999.9 365
sta2 2013 7 3 184 15.9 20.9 9 2.5 4 -999.9 -999.9 365
sta2 2013 7 4 185 13.3 23.3 17.9 3.7 0 -999.9 -999.9 365
sta2 2013 7 5 186 14.3 25.9 23.6 4.5 0 -999.9 -999.9 365
sta2 2013 7 6 187 13.1 28.2 27.8 5 0 -999.9 -999.9 365
sta2 2013 7 7 188 14.9 29.2 27.9 5.7 0 -999.9 -999.9 365
sta2 2013 7 8 189 14.6 29 28.7 6.1 0 -999.9 -999.9 365
sta2 2013 7 9 190 14.2 28.8 24.7 5.3 0 -999.9 -999.9 365
sta2 2013 7 10 191 15.5 29.1 26 5.9 0 -999.9 -999.9 365
sta2 2013 7 11 192 13.4 23.4 27.4 5.1 0 -999.9 -999.9 365
sta2 2013 7 12 193 10.2 26 28.2 4.9 0 -999.9 -999.9 365
sta2 2013 7 13 194 11.4 24.2 26.9 4.7 0.2 -999.9 -999.9 365
sta2 2013 7 14 195 11.2 27.9 28.4 5.4 0 -999.9 -999.9 365
sta2 2013 7 15 196 12.9 29 26.4 5.1 0 -999.9 -999.9 365
sta2 2013 7 16 197 12.5 29.5 25.5 5.2 0 -999.9 -999.9 365
sta2 2013 7 17 198 15 29.8 24.5 5.6 0 -999.9 -999.9 365
sta2 2013 7 18 199 15.8 30.6 24.8 6.4 0 -999.9 -999.9 365
sta2 2013 7 19 200 17.6 31.5 25 6.9 0 -999.9 -999.9 365
sta2 2013 7 20 201 16.9 32 26.2 6.5 0 -999.9 -999.9 365
sta2 2013 7 21 202 15.6 33.9 25.3 5.7 0 -999.9 -999.9 365
sta2 2013 7 22 203 18.9 34.5 17.7 5.5 1 -999.9 -999.9 365
sta2 2013 7 23 204 14.9 34.1 19.2 4.9 0.8 -999.9 -999.9 365
sta2 2013 7 24 205 17.6 29.8 17.1 4.2 2.4 -999.9 -999.9 365
sta2 2013 7 25 206 18.3 31.4 24.2 5.7 10.4 -999.9 -999.9 365
sta2 2013 7 26 207 19.9 30.9 15.8 4.8 0.4 -999.9 -999.9 365
sta2 2013 7 27 208 18.9 35.3 23.8 7.3 7.1 -999.9 -999.9 365
sta2 2013 7 28 209 18.7 25 13.4 3.5 1 -999.9 -999.9 365
sta2 2013 7 29 210 16.2 25.8 18.2 4.7 3.7 -999.9 -999.9 365
sta2 2013 7 30 211 15.7 25.5 20.5 5.2 0 -999.9 -999.9 365
sta2 2013 7 31 212 19 29.5 21.6 5.8 0 -999.9 -999.9 365
sta2 2013 8 1 213 14.3 35.4 27.1 6.5 0 -999.9 -999.9 365
sta2 2013 8 2 214 19.4 36.3 25.3 9 7.5 -999.9 -999.9 365
sta2 2013 8 3 215 18.8 26.4 19.6 5.2 0.2 -999.9 -999.9 365
sta2 2013 8 4 216 12.7 28.9 23.3 4.8 0 -999.9 -999.9 365
sta2 2013 8 5 217 13.3 32.9 23.7 5.7 0 -999.9 -999.9 365
sta2 2013 8 6 218 17.1 26.4 17.6 4.5 10.5 -999.9 -999.9 365
sta2 2013 8 7 219 16.6 22.6 8 2.3 3.4 -999.9 -999.9 365
sta2 2013 8 8 220 13.9 23.7 18.3 4.2 0.2 -999.9 -999.9 365
sta2 2013 8 9 221 10.6 26.4 21.5 4.3 0 -999.9 -999.9 365
sta2 2013 8 10 222 12.8 23.8 20.4 4.6 0 -999.9 -999.9 365
sta2 2013 8 11 223 9.3 24.9 21.9 4 0 -999.9 -999.9 365
sta2 2013 8 12 224 11.6 26.9 13.8 3.7 0 -999.9 -999.9 365
sta2 2013 8 13 225 9.5 22.5 20.9 3.8 0 -999.9 -999.9 365
sta2 2013 8 14 226 9.5 24.5 24.7 4.5 0 -999.9 -999.9 365
sta2 2013 8 15 227 8.1 27.7 24.8 4.3 0 -999.9 -999.9 365
sta2 2013 8 16 228 9.3 30.4 24.5 5.1 0 -999.9 -999.9 365
sta2 2013 8 17 229 13.1 28.8 23.2 5 0 -999.9 -999.9 365
sta2 2013 8 18 230 16.4 24.5 9.1 3.2 2.6 -999.9 -999.9 365
sta2 2013 8 19 231 17.1 24.5 20.4 5.3 1 -999.9 -999.9 365
sta2 2013 8 20 232 8.2 24.7 24.2 4.1 0 -999.9 -999.9 365
sta2 2013 8 21 233 8.7 26.9 23.8 4.4 0 -999.9 -999.9 365
sta2 2013 8 22 234 10 28 21.5 4.6 0 -999.9 -999.9 365
sta2 2013 8 23 235 9.2 30.9 22.6 4.4 8.1 -999.9 -999.9 365
sta2 2013 8 24 236 15.7 25.4 16.5 4.6 3.4 -999.9 -999.9 365
sta2 2013 8 25 237 13 17.3 7.4 2.1 0.6 -999.9 -999.9 365
sta2 2013 8 26 238 8.9 20.4 6.7 1.1 4.2 -999.9 -999.9 365
sta2 2013 8 27 239 13.7 22.3 11.6 2.5 2.9 -999.9 -999.9 365
sta2 2013 8 28 240 11.8 24.2 19.9 4 0.2 -999.9 -999.9 365
sta2 2013 8 29 241 8.8 25.7 21.1 3.6 0 -999.9 -999.9 365
sta2 2013 8 30 242 8.8 25.5 19.6 3.3 0 -999.9 -999.9 365
sta2 2013 8 31 243 9.6 23.2 11.6 2.2 0 -999.9 -999.9 365
sta2 2013 9 1 244 9.7 20 19.4 3.4 0 -999.9 -999.9 365
sta2 2013 9 2 245 4.8 24.6 21.8 3.1 0 -999.9 -999.9 365
sta2 2013 9 3 246 7.5 27.6 21.1 3.3 0 -999.9 -999.9 365
sta2 2013 9 4 247 10.6 32.4 21 4 0.2 -999.9 -999.9 365
sta2 2013 9 5 248 11.9 32.7 20.6 4.6 0 -999.9 -999.9 365
sta2 2013 9 6 249 12.7 27.8 15.9 4.3 4.2 -999.9 -999.9 365
sta2 2013 9 7 250 14.3 18.3 7.5 1.9 10.3 -999.9 -999.9 365
sta2 2013 9 8 251 12.8 20.5 12.7 2.7 4.1 -999.9 -999.9 365
sta2 2013 9 9 252 7.9 19 11.3 1.8 6 -999.9 -999.9 365
sta2 2013 9 10 253 10.3 18.2 13.6 2.5 0.6 -999.9 -999.9 365
sta2 2013 9 11 254 9.9 18.2 6.8 1.9 1 -999.9 -999.9 365
sta2 2013 9 12 255 10.5 19.1 12.5 2.5 0 -999.9 -999.9 365
sta2 2013 9 13 256 11.4 18.5 5.9 1.2 0.6 -999.9 -999.9 365
sta2 2013 9 14 257 15.4 17.8 3.3 0.9 38.5 -999.9 -999.9 365
sta2 2013 9 15 258 13 18.7 10.8 3 3 -999.9 -999.9 365
sta2 2013 9 16 259 11.1 16.7 9.2 2.6 4.4 -999.9 -999.9 365
sta2 2013 9 17 260 7.5 17.5 10.6 2 11.1 -999.9 -999.9 365
sta2 2013 9 18 261 13.1 20.6 10.3 2.9 2.8 -999.9 -999.9 365
sta2 2013 9 19 262 9.3 16.5 9.5 1.9 0 -999.9 -999.9 365
sta2 2013 9 20 263 9.4 19.7 12.7 2.3 0 -999.9 -999.9 365
sta2 2013 9 21 264 5.6 21.7 14.9 1.6 0 -999.9 -999.9 365
sta2 2013 9 22 265 8.8 20.3 10.7 1.6 0 -999.9 -999.9 365
sta2 2013 9 23 266 10.4 22.6 17.3 2.3 0.2 -999.9 -999.9 365
sta2 2013 9 24 267 6 24.4 17.1 1.9 0.2 -999.9 -999.9 365
sta2 2013 9 25 268 7 25.2 14.3 1.8 0 -999.9 -999.9 365
sta2 2013 9 26 269 11.6 24 11.4 2 0 -999.9 -999.9 365
sta2 2013 9 27 270 11 24.6 12 2.1 0.2 -999.9 -999.9 365
sta2 2013 9 28 271 13.4 25.8 7.8 2.5 1 -999.9 -999.9 365
sta2 2013 9 29 272 13.2 22.6 8.3 2 7.1 -999.9 -999.9 365
sta2 2013 9 30 273 13.1 18.3 6.1 1.5 0 -999.9 -999.9 365
sta2 2013 10 1 274 11.3 18.9 9.7 1.6 0 -999.9 -999.9 365
sta2 2013 10 2 275 11.5 23.6 11.3 2 0 -999.9 -999.9 365
sta2 2013 10 3 276 12.8 25 9.9 2.4 0.6 -999.9 -999.9 365
sta2 2013 10 4 277 17.2 22 5 2 35.9 -999.9 -999.9 365
sta2 2013 10 5 278 14.9 16.9 2.5 0.7 16.6 -999.9 -999.9 365
sta2 2013 10 6 279 13.2 18.5 8.4 1.9 0.2 -999.9 -999.9 365
sta2 2013 10 7 280 9.1 18.5 10.1 1.4 0 -999.9 -999.9 365
sta2 2013 10 8 281 13.7 17.8 3.5 1.3 0 -999.9 -999.9 365
sta2 2013 10 9 282 12.1 18.9 7.2 1.9 3.4 -999.9 -999.9 365
sta2 2013 10 10 283 6.3 13 9 1.4 11.1 -999.9 -999.9 365
sta2 2013 10 11 284 7.5 10.3 4.1 0.8 6.4 -999.9 -999.9 365
sta2 2013 10 12 285 2 13.3 11.7 0.8 0.2 -999.9 -999.9 365
sta2 2013 10 13 286 3.1 13.7 12.3 1.1 0.2 -999.9 -999.9 365
sta2 2013 10 14 287 5.5 15.9 3.6 0.2 7 -999.9 -999.9 365
sta2 2013 10 15 288 11 13.3 1.7 0.5 12.5 -999.9 -999.9 365
sta2 2013 10 16 289 3.1 15.9 3.6 0.3 4 -999.9 -999.9 365
sta2 2013 10 17 290 8.3 18 9.3 1.4 0.4 -999.9 -999.9 365
sta2 2013 10 18 291 6.3 15.9 6 0.6 0.2 -999.9 -999.9 365
sta2 2013 10 19 292 7.7 20.9 7.4 0.7 3 -999.9 -999.9 365
sta2 2013 10 20 293 14 19.6 4.8 1.6 9.1 -999.9 -999.9 365
sta2 2013 10 21 294 11.6 21.9 7.6 1.4 0.2 -999.9 -999.9 365
sta2 2013 10 22 295 12.1 24.8 8.6 1.9 14.9 -999.9 -999.9 365
sta2 2013 10 23 296 14.1 20.6 8.7 2.1 0.4 -999.9 -999.9 365
sta2 2013 10 24 297 11 19 9.5 1.2 0 -999.9 -999.9 365
sta2 2013 10 25 298 11.5 21.3 4.7 1 7.9 -999.9 -999.9 365
sta2 2013 10 26 299 15.8 22.1 6.3 1.8 3.6 -999.9 -999.9 365
sta2 2013 10 27 300 13.9 17.6 3.7 2.1 7 -999.9 -999.9 365
sta2 2013 10 28 301 12.5 17.3 2.6 2.4 1 -999.9 -999.9 365
sta2 2013 10 29 302 7.8 15 9.2 1.6 0.2 -999.9 -999.9 365
sta2 2013 10 30 303 3 13.8 9.3 0.7 0.2 -999.9 -999.9 365
sta2 2013 10 31 304 -0.6 14.1 9.3 0.6 0.2 -999.9 -999.9 365
sta2 2013 11 1 305 7.3 13.2 2.1 1.2 6.4 -999.9 -999.9 365
sta2 2013 11 2 306 9.2 17.2 4.7 1 2.2 -999.9 -999.9 365
sta2 2013 11 3 307 8 12.7 8.2 1.7 4 -999.9 -999.9 365
sta2 2013 11 4 308 8.1 14.1 2.9 1.3 9.9 -999.9 -999.9 365
sta2 2013 11 5 309 2.4 13.6 1.4 0.6 6.6 -999.9 -999.9 365
sta2 2013 11 6 310 10.2 17.3 6.7 1.2 1.8 -999.9 -999.9 365
sta2 2013 11 7 311 13.2 16.6 3.9 1.3 10.1 -999.9 -999.9 365
sta2 2013 11 8 312 10.9 15.1 1.3 1 8.9 -999.9 -999.9 365
sta2 2013 11 9 313 6.1 12.2 6.3 1 25 -999.9 -999.9 365
sta2 2013 11 10 314 3.1 9.8 4.6 0.6 1.4 -999.9 -999.9 365
sta2 2013 11 11 315 -1.9 7.2 3.7 0.2 0.2 -999.9 -999.9 365
sta2 2013 11 12 316 0 10.6 4.4 0.3 1.6 -999.9 -999.9 365
sta2 2013 11 13 317 4.4 11.2 6.2 0.9 0.2 -999.9 -999.9 365
sta2 2013 11 14 318 -0.8 7.8 1.3 0 6 -999.9 -999.9 365
sta2 2013 11 15 319 4.7 8.5 2.6 1 0 -999.9 -999.9 365
sta2 2013 11 16 320 -0.9 6.1 1.8 0.2 0 -999.9 -999.9 365
sta2 2013 11 17 321 4.6 6.3 1.2 0.4 0 -999.9 -999.9 365
sta2 2013 11 18 322 4.7 6.1 2 0.3 0 -999.9 -999.9 365
sta2 2013 11 19 323 1.8 6.2 0.7 0.1 7.4 -999.9 -999.9 365
sta2 2013 11 20 324 1.3 7 4.7 0.9 4 -999.9 -999.9 365
sta2 2013 11 21 325 0.7 4.1 2.6 0.3 0 -999.9 -999.9 365
sta2 2013 11 22 326 1.7 4.7 0.9 0.4 6.9 -999.9 -999.9 365
sta2 2013 11 23 327 3.3 6.1 1.4 0.4 0 -999.9 -999.9 365
sta2 2013 11 24 328 4.2 8.3 5.4 1.1 0 -999.9 -999.9 365
sta2 2013 11 25 329 4.1 5.9 2.2 0.9 0.2 -999.9 -999.9 365
sta2 2013 11 26 330 0 5.8 5.8 0.7 0 -999.9 -999.9 365
sta2 2013 11 27 331 0.3 5.4 6.6 0.7 0 -999.9 -999.9 365
sta2 2013 11 28 332 -4.3 3.9 1.7 0 0.2 -999.9 -999.9 365
sta2 2013 11 29 333 2.6 7.8 1.7 0 0.6 -999.9 -999.9 365
sta2 2013 11 30 334 0.5 5.7 1.6 0 0.4 -999.9 -999.9 365
sta2 2013 12 1 335 0.6 8.3 3.5 0.3 0 -999.9 -999.9 365
sta2 2013 12 2 336 3.6 9.4 5.7 1.2 0 -999.9 -999.9 365
sta2 2013 12 3 337 -4.4 7.5 6.2 0.4 0 -999.9 -999.9 365
sta2 2013 12 4 338 -4.1 4.5 1.1 0 1.2 -999.9 -999.9 365
sta2 2013 12 5 339 3.1 7 1.7 0.2 0 -999.9 -999.9 365
sta2 2013 12 6 340 0 8.1 5 0.6 0 -999.9 -999.9 365
sta2 2013 12 7 341 -0.1 6.8 1.3 0.4 0 -999.9 -999.9 365
sta2 2013 12 8 342 1 10.1 4.8 0.7 0 -999.9 -999.9 365
sta2 2013 12 9 343 -3.9 7.2 5.7 0.4 0.2 -999.9 -999.9 365
sta2 2013 12 10 344 -6.1 7.7 6.2 0.3 0 -999.9 -999.9 365
sta2 2013 12 11 345 -5.4 7.7 5.9 0.6 0.2 -999.9 -999.9 365
sta2 2013 12 12 346 -7.5 5.2 5.6 0.2 0 -999.9 -999.9 365
sta2 2013 12 13 347 -6 7.6 5.6 0.3 1.8 -999.9 -999.9 365
sta2 2013 12 14 348 0.8 8.4 5.5 0.2 0 -999.9 -999.9 365
sta2 2013 12 15 349 0.7 11.4 5.6 1.2 0 -999.9 -999.9 365
sta2 2013 12 16 350 -1.6 13.2 5.3 1.6 0 -999.9 -999.9 365
sta2 2013 12 17 351 -2 12.9 5.1 1 0 -999.9 -999.9 365
sta2 2013 12 18 352 2.2 12.6 3.4 0.6 2.8 -999.9 -999.9 365
sta2 2013 12 19 353 3 10.7 2.5 0.5 0.2 -999.9 -999.9 365
sta2 2013 12 20 354 0.8 9.4 5 0.6 0 -999.9 -999.9 365
sta2 2013 12 21 355 -0.8 8.4 2.8 0.8 1.2 -999.9 -999.9 365
sta2 2013 12 22 356 4.2 10.7 1.2 0.4 2.6 -999.9 -999.9 365
sta2 2013 12 23 357 6.9 12 3.5 1.2 0 -999.9 -999.9 365
sta2 2013 12 24 358 9.5 12.3 1.7 1.8 14.5 -999.9 -999.9 365
sta2 2013 12 25 359 6 8.6 1.4 0.3 1.6 -999.9 -999.9 365
sta2 2013 12 26 360 2 7.9 2.4 0.3 0 -999.9 -999.9 365
sta2 2013 12 27 361 0.9 12.3 1.6 1 1 -999.9 -999.9 365
sta2 2013 12 28 362 5.7 10.5 0.8 0.5 3.4 -999.9 -999.9 365
sta2 2013 12 29 363 3.3 8.4 2.9 0.7 0 -999.9 -999.9 365
sta2 2013 12 30 364 -0.3 6.2 3.8 0.2 0.2 -999.9 -999.9 365
sta2 2013 12 31 365 4.3 9.6 3.2 1.6 2.8 -999.9 -999.9 365
