sta2 2011 1 1 1 -1.1 1.7 0.9 0.2 0.2 -999.9 -999.9 365
sta2 2011 1 2 2 -0.7 4.1 2.6 0.6 0 -999.9 -999.9 365
sta2 2011 1 3 3 -4.7 1.1 1.4 0 0.2 -999.9 -999.9 365
sta2 2011 1 4 4 -4 -1.3 1.7 0.3 0 -999.9 -999.9 365
sta2 2011 1 5 5 -3.6 8.8 3.7 0.9 3 -999.9 -999.9 365
sta2 2011 1 6 6 2.7 12 1 0 3.2 -999.9 -999.9 365
sta2 2011 1 7 7 9.8 12.5 0.9 0.7 5.2 -999.9 -999.9 365
sta2 2011 1 8 8 9.2 14.3 4.6 1.5 7.2 -999.9 -999.9 365
sta2 2011 1 9 9 1.4 7.1 2.4 0.1 0.6 -999.9 -999.9 365
sta2 2011 1 10 10 -2.5 3 2.4 0.1 0.2 -999.9 -999.9 365
sta2 2011 1 11 11 0.4 10.3 2.5 0.3 3.2 -999.9 -999.9 365
sta2 2011 1 12 12 4.7 12.2 0.8 0.8 1 -999.9 -999.9 365
sta2 2011 1 13 13 9.2 14 2.1 0.7 0 -999.9 -999.9 365
sta2 2011 1 14 14 9.6 12.6 2 1.5 0.2 -999.9 -999.9 365
sta2 2011 1 15 15 6.9 12.3 5.3 0.9 0 -999.9 -999.9 365
sta2 2011 1 16 16 -0.1 12.6 6.3 0.8 0 -999.9 -999.9 365
sta2 2011 1 17 17 -0.4 11.1 3.1 0.5 0.2 -999.9 -999.9 365
sta2 2011 1 18 18 6.2 10.3 1.9 0.5 1 -999.9 -999.9 365
sta2 2011 1 19 19 -2.2 5.8 4.9 0.3 0.8 -999.9 -999.9 365
sta2 2011 1 20 20 -0.3 5.1 3.6 0.8 0 -999.9 -999.9 365
sta2 2011 1 21 21 -1.9 2.4 6.2 0.9 0 -999.9 -999.9 365
sta2 2011 1 22 22 -2.7 2.3 2.2 0.5 0 -999.9 -999.9 365
sta2 2011 1 23 23 -2.2 4.6 2.9 0.2 0 -999.9 -999.9 365
sta2 2011 1 24 24 1.8 5.6 2.5 0.5 0.6 -999.9 -999.9 365
sta2 2011 1 25 25 1.6 6.4 5.7 0.5 1 -999.9 -999.9 365
sta2 2011 1 26 26 3.2 5.7 1.9 0.6 2.6 -999.9 -999.9 365
sta2 2011 1 27 27 2.1 4 2.3 0.8 0 -999.9 -999.9 365
sta2 2011 1 28 28 -0.2 2.5 2.6 1 0 -999.9 -999.9 365
sta2 2011 1 29 29 -3.7 0.4 3.2 0.6 0 -999.9 -999.9 365
sta2 2011 1 30 30 -7.7 1.5 6.7 0.5 0.2 -999.9 -999.9 365
sta2 2011 1 31 31 -8 -0.2 5.7 0.3 0 -999.9 -999.9 365
sta2 2011 2 1 32 -5.3 -1.7 1.2 0.1 0 -999.9 -999.9 365
sta2 2011 2 2 33 -3.4 2.5 2.1 0.3 0 -999.9 -999.9 365
sta2 2011 2 3 34 -1 6.3 1.6 0 2.8 -999.9 -999.9 365
sta2 2011 2 4 35 2.9 9.6 3.1 0.5 0 -999.9 -999.9 365
sta2 2011 2 5 36 8.2 11.2 3.6 1.8 0 -999.9 -999.9 365
sta2 2011 2 6 37 1.5 9.2 5.1 0.7 0 -999.9 -999.9 365
sta2 2011 2 7 38 -3.6 14.8 9.4 1 0.2 -999.9 -999.9 365
sta2 2011 2 8 39 2 8.5 2.8 0.1 0.8 -999.9 -999.9 365
sta2 2011 2 9 40 3.8 9.9 6.7 1 0 -999.9 -999.9 365
sta2 2011 2 10 41 -1.3 11.8 4.5 0.6 0.4 -999.9 -999.9 365
sta2 2011 2 11 42 5.3 17 8.9 1.6 0 -999.9 -999.9 365
sta2 2011 2 12 43 0.9 13.9 6.9 0.9 0.6 -999.9 -999.9 365
sta2 2011 2 13 44 4.5 11.1 6.1 1.5 0 -999.9 -999.9 365
sta2 2011 2 14 45 2.4 8.9 2.2 0.4 2.8 -999.9 -999.9 365
sta2 2011 2 15 46 1 8.7 4.2 0.7 0.4 -999.9 -999.9 365
sta2 2011 2 16 47 -1.2 12.9 10.1 0.7 0.2 -999.9 -999.9 365
sta2 2011 2 17 48 -1.4 5.5 2.7 0.3 0.2 -999.9 -999.9 365
sta2 2011 2 18 49 3.2 5.5 3 0.9 0 -999.9 -999.9 365
sta2 2011 2 19 50 -1.2 8.7 5.2 0.8 0.8 -999.9 -999.9 365
sta2 2011 2 20 51 4.8 6.6 1.6 0.3 0.6 -999.9 -999.9 365
sta2 2011 2 21 52 3.9 10.6 7.6 1.2 0 -999.9 -999.9 365
sta2 2011 2 22 53 1.1 5 6.8 1.3 0 -999.9 -999.9 365
sta2 2011 2 23 54 -6.2 4.7 5.4 0.5 1 -999.9 -999.9 365
sta2 2011 2 24 55 3 11.3 2.7 0.3 3 -999.9 -999.9 365
sta2 2011 2 25 56 6.1 10.6 3.5 0.8 0.2 -999.9 -999.9 365
sta2 2011 2 26 57 1.1 10.2 3.1 0.2 2.8 -999.9 -999.9 365
sta2 2011 2 27 58 4.9 10 8.1 1.1 0 -999.9 -999.9 365
sta2 2011 2 28 59 -2.3 6.4 6.2 0.6 0.2 -999.9 -999.9 365
sta2 2011 3 1 60 0.8 11 11.5 1.5 0 -999.9 -999.9 365
sta2 2011 3 2 61 1 12.1 13.2 2.8 0 -999.9 -999.9 365
sta2 2011 3 3 62 -0.5 8.3 13 1.9 0 -999.9 -999.9 365
sta2 2011 3 4 63 -3.8 9.3 13.1 1.1 0 -999.9 -999.9 365
sta2 2011 3 5 64 -4.3 12.1 13.2 1.3 0.2 -999.9 -999.9 365
sta2 2011 3 6 65 -2.2 9.3 14.5 1.6 0 -999.9 -999.9 365
sta2 2011 3 7 66 -3.3 10.8 15 2.4 0 -999.9 -999.9 365
sta2 2011 3 8 67 -4.4 16.3 13.9 1.7 0 -999.9 -999.9 365
sta2 2011 3 9 68 2.7 14.9 12.5 2.1 0 -999.9 -999.9 365
sta2 2011 3 10 69 0.4 12.2 9.6 1.5 0 -999.9 -999.9 365
sta2 2011 3 11 70 7.9 13 8.1 2.7 0 -999.9 -999.9 365
sta2 2011 3 12 71 -0.8 16.5 8.8 1.7 3.2 -999.9 -999.9 365
sta2 2011 3 13 72 8.2 12.8 5.3 1.5 0.8 -999.9 -999.9 365
sta2 2011 3 14 73 3.9 16.7 13.6 1.4 0 -999.9 -999.9 365
sta2 2011 3 15 74 2.9 19.9 12.8 2.7 0 -999.9 -999.9 365
sta2 2011 3 16 75 5.6 15.2 9.1 1.9 0 -999.9 -999.9 365
sta2 2011 3 17 76 4.4 7.7 1.8 0.3 0.2 -999.9 -999.9 365
sta2 2011 3 18 77 5.7 12.2 8.8 1.6 4.4 -999.9 -999.9 365
sta2 2011 3 19 78 6.8 10.1 4.3 1.5 0 -999.9 -999.9 365
sta2 2011 3 20 79 -2.3 12.1 16.1 1.8 0 -999.9 -999.9 365
sta2 2011 3 21 80 -4 15 17.8 2.2 0 -999.9 -999.9 365
sta2 2011 3 22 81 -2.2 16.7 17.6 2.5 0 -999.9 -999.9 365
sta2 2011 3 23 82 0.7 19.2 17.5 2.8 0 -999.9 -999.9 365
sta2 2011 3 24 83 -1.2 20.6 17.3 2.1 0 -999.9 -999.9 365
sta2 2011 3 25 84 1.5 20.8 18.3 3 0 -999.9 -999.9 365
sta2 2011 3 26 85 5 18.4 9.6 1.9 14.4 -999.9 -999.9 365
sta2 2011 3 27 86 8 17.5 13 2 16.8 -999.9 -999.9 365
sta2 2011 3 28 87 6.9 17.5 17.3 2.4 0.2 -999.9 -999.9 365
sta2 2011 3 29 88 -0.3 19.1 16.2 1.8 1 -999.9 -999.9 365
sta2 2011 3 30 89 8.8 15.7 9.2 2.1 1.4 -999.9 -999.9 365
sta2 2011 3 31 90 9.5 15.9 4.8 1.2 2.2 -999.9 -999.9 365
sta2 2011 4 1 91 12.2 17.8 9.5 2.8 0.2 -999.9 -999.9 365
sta2 2011 4 2 92 4.4 25 18.8 3.4 0 -999.9 -999.9 365
sta2 2011 4 3 93 10.5 12.4 3 0.9 6.6 -999.9 -999.9 365
sta2 2011 4 4 94 7 15.2 14 2.3 0.2 -999.9 -999.9 365
sta2 2011 4 5 95 1.7 17.4 14.4 1.8 0 -999.9 -999.9 365
sta2 2011 4 6 96 3.9 23.1 19.4 2.4 0.2 -999.9 -999.9 365
sta2 2011 4 7 97 6.3 24 20.4 2.8 0 -999.9 -999.9 365
sta2 2011 4 8 98 6.3 20.2 20.5 2.9 0.2 -999.9 -999.9 365
sta2 2011 4 9 99 5.5 22.5 21.1 3.3 0 -999.9 -999.9 365
sta2 2011 4 10 100 4.9 24.8 21.8 3.3 0 -999.9 -999.9 365
sta2 2011 4 11 101 4.7 22.4 19.9 2.5 0 -999.9 -999.9 365
sta2 2011 4 12 102 7.7 14.1 16 3.3 0 -999.9 -999.9 365
sta2 2011 4 13 103 -2.2 14.4 17.6 2.1 0.2 -999.9 -999.9 365
sta2 2011 4 14 104 4.4 15.5 17.8 3.1 0 -999.9 -999.9 365
sta2 2011 4 15 105 7 16.5 17.3 3.5 0 -999.9 -999.9 365
sta2 2011 4 16 106 0.6 16.9 22.3 2.9 0 -999.9 -999.9 365
sta2 2011 4 17 107 1.8 18.6 22.3 3.2 0 -999.9 -999.9 365
sta2 2011 4 18 108 1.7 23.8 22.6 3.2 0 -999.9 -999.9 365
sta2 2011 4 19 109 4.2 23.8 23 3.4 0 -999.9 -999.9 365
sta2 2011 4 20 110 5.1 24.3 21.7 3.8 0 -999.9 -999.9 365
sta2 2011 4 21 111 5.3 24.5 20.5 4.2 0 -999.9 -999.9 365
sta2 2011 4 22 112 6.1 24.2 22.4 4.1 0.2 -999.9 -999.9 365
sta2 2011 4 23 113 8.6 24.4 22.8 3.5 0 -999.9 -999.9 365
sta2 2011 4 24 114 8.6 22.6 14.7 2.7 3.6 -999.9 -999.9 365
sta2 2011 4 25 115 9.6 24.6 22.8 4.2 0 -999.9 -999.9 365
sta2 2011 4 26 116 6.3 21.8 21.9 3.5 0 -999.9 -999.9 365
sta2 2011 4 27 117 7.9 19.2 19.8 2.7 0 -999.9 -999.9 365
sta2 2011 4 28 118 9.5 14.1 7.4 2 3.4 -999.9 -999.9 365
sta2 2011 4 29 119 6.3 18.3 12.2 1.7 0.2 -999.9 -999.9 365
sta2 2011 4 30 120 5 21.9 23.3 3.1 0 -999.9 -999.9 365
sta2 2011 5 1 121 5 22.5 21.6 3 0 -999.9 -999.9 365
sta2 2011 5 2 122 9.9 22.5 18.5 3.8 0.2 -999.9 -999.9 365
sta2 2011 5 3 123 5.9 17.4 25.1 4.1 0 -999.9 -999.9 365
sta2 2011 5 4 124 0.2 18.1 26.8 3.4 0 -999.9 -999.9 365
sta2 2011 5 5 125 -0.9 21.9 26.7 3.4 0 -999.9 -999.9 365
sta2 2011 5 6 126 3.4 25.8 24.5 3.9 0 -999.9 -999.9 365
sta2 2011 5 7 127 9.3 26.8 24.4 5.6 0 -999.9 -999.9 365
sta2 2011 5 8 128 12.2 27.2 23.3 5.7 0 -999.9 -999.9 365
sta2 2011 5 9 129 12.3 25 20.5 3.9 0 -999.9 -999.9 365
sta2 2011 5 10 130 10.9 26 20.9 3.9 0.2 -999.9 -999.9 365
sta2 2011 5 11 131 13.3 22.9 18.9 3.9 0 -999.9 -999.9 365
sta2 2011 5 12 132 10.6 20.8 23.7 4.9 0 -999.9 -999.9 365
sta2 2011 5 13 133 1.9 20.9 27.7 3.5 0 -999.9 -999.9 365
sta2 2011 5 14 134 3.1 18.9 16.3 3.1 0 -999.9 -999.9 365
sta2 2011 5 15 135 3.9 17.6 21.2 3.3 1.4 -999.9 -999.9 365
sta2 2011 5 16 136 4.5 20.5 22.2 3.5 0 -999.9 -999.9 365
sta2 2011 5 17 137 6 23.8 26.4 4.1 0 -999.9 -999.9 365
sta2 2011 5 18 138 5.3 26.4 28.2 4.3 0 -999.9 -999.9 365
sta2 2011 5 19 139 10 25.1 22.8 4.2 0.2 -999.9 -999.9 365
sta2 2011 5 20 140 9.6 26.7 24.3 4.5 0 -999.9 -999.9 365
sta2 2011 5 21 141 6.6 26.2 26.6 4.1 9.3 -999.9 -999.9 365
sta2 2011 5 22 142 13.9 24.4 22.7 5.3 0 -999.9 -999.9 365
sta2 2011 5 23 143 5.7 25.9 28.4 4.2 0 -999.9 -999.9 365
sta2 2011 5 24 144 9.2 19.6 18.7 4 0 -999.9 -999.9 365
sta2 2011 5 25 145 2.8 25.6 29.4 4.6 0 -999.9 -999.9 365
sta2 2011 5 26 146 7.1 21.1 20.4 4.7 0 -999.9 -999.9 365
sta2 2011 5 27 147 10.4 18.6 15.1 4.3 0.2 -999.9 -999.9 365
sta2 2011 5 28 148 2.9 21.6 24.1 3.6 0 -999.9 -999.9 365
sta2 2011 5 29 149 4.4 26.1 27.7 4.2 0 -999.9 -999.9 365
sta2 2011 5 30 150 7.2 30 24.8 5.3 7.1 -999.9 -999.9 365
sta2 2011 5 31 151 10.7 17.9 13.8 3.5 0.6 -999.9 -999.9 365
sta2 2011 6 1 152 4.2 20.2 27.9 4.3 0 -999.9 -999.9 365
sta2 2011 6 2 153 11.3 25.7 28.5 7 0 -999.9 -999.9 365
sta2 2011 6 3 154 11.1 27 23.1 5.6 0 -999.9 -999.9 365
sta2 2011 6 4 155 13.2 29.4 22.4 4.9 1.8 -999.9 -999.9 365
sta2 2011 6 5 156 13.9 29 22.5 5.1 2 -999.9 -999.9 365
sta2 2011 6 6 157 12.3 22.6 15.5 2.3 4 -999.9 -999.9 365
sta2 2011 6 7 158 11.6 25.3 17.5 3.4 5.1 -999.9 -999.9 365
sta2 2011 6 8 159 10.5 17.7 9.9 2.4 0 -999.9 -999.9 365
sta2 2011 6 9 160 10.5 21.7 17.9 4.1 0 -999.9 -999.9 365
sta2 2011 6 10 161 10 19.8 12.5 3 11.6 -999.9 -999.9 365
sta2 2011 6 11 162 8.6 19.9 22.4 4 1.4 -999.9 -999.9 365
sta2 2011 6 12 163 3.5 22.7 25.5 3.8 2.6 -999.9 -999.9 365
sta2 2011 6 13 164 12.3 24.6 17.2 4 0 -999.9 -999.9 365
sta2 2011 6 14 165 15.4 24.6 15.1 4 0 -999.9 -999.9 365
sta2 2011 6 15 166 13.1 26.4 24.8 5.3 0.2 -999.9 -999.9 365
sta2 2011 6 16 167 15.3 23.7 16.6 5.4 0 -999.9 -999.9 365
sta2 2011 6 17 168 9 22.9 18.5 4.1 1.2 -999.9 -999.9 365
sta2 2011 6 18 169 11.4 20.9 22.5 5.4 4.6 -999.9 -999.9 365
sta2 2011 6 19 170 10.8 19.6 14.1 4.5 0.4 -999.9 -999.9 365
sta2 2011 6 20 171 13.1 22.4 11.5 3.2 2.8 -999.9 -999.9 365
sta2 2011 6 21 172 15.7 25.2 15.2 3.8 1 -999.9 -999.9 365
sta2 2011 6 22 173 15.3 22.3 12.9 3.9 16.4 -999.9 -999.9 365
sta2 2011 6 23 174 11.9 20.6 16.1 4.5 0 -999.9 -999.9 365
sta2 2011 6 24 175 7.2 21.4 26.6 4.5 0 -999.9 -999.9 365
sta2 2011 6 25 176 11.2 26.7 21.8 5.1 0 -999.9 -999.9 365
sta2 2011 6 26 177 10.6 30.7 30 5.2 0 -999.9 -999.9 365
sta2 2011 6 27 178 13.7 36.8 27.9 6.8 0 -999.9 -999.9 365
sta2 2011 6 28 179 19.1 37.9 25.1 8.9 10.3 -999.9 -999.9 365
sta2 2011 6 29 180 16.1 23.9 15.2 5 0 -999.9 -999.9 365
sta2 2011 6 30 181 10 22.5 25.7 4.9 0 -999.9 -999.9 365
sta2 2011 7 1 182 9.7 22.5 25.8 5.1 0 -999.9 -999.9 365
sta2 2011 7 2 183 7.3 21.4 28.6 4.8 0 -999.9 -999.9 365
sta2 2011 7 3 184 5.5 23.7 30.5 5 0 -999.9 -999.9 365
sta2 2011 7 4 185 8.6 27.3 30.2 5.6 0 -999.9 -999.9 365
sta2 2011 7 5 186 9.3 30.7 28.9 6.1 0 -999.9 -999.9 365
sta2 2011 7 6 187 15.8 24.8 22 6.2 0.4 -999.9 -999.9 365
sta2 2011 7 7 188 11.7 23.8 20 5.6 0.2 -999.9 -999.9 365
sta2 2011 7 8 189 11.8 25.2 22.8 5.8 0 -999.9 -999.9 365
sta2 2011 7 9 190 16.2 24.1 21 6.3 0 -999.9 -999.9 365
sta2 2011 7 10 191 13.2 23.2 11.3 2.6 3.4 -999.9 -999.9 365
sta2 2011 7 11 192 13.7 28.3 27.4 5.1 0 -999.9 -999.9 365
sta2 2011 7 12 193 11.3 28.4 18.1 4 0 -999.9 -999.9 365
sta2 2011 7 13 194 14.5 17.1 4.3 2 0.4 -999.9 -999.9 365
sta2 2011 7 14 195 10.8 21.9 19.2 5 0 -999.9 -999.9 365
sta2 2011 7 15 196 8.5 26.3 26.7 5.2 0 -999.9 -999.9 365
sta2 2011 7 16 197 12.7 25.1 14.1 5.2 12.1 -999.9 -999.9 365
sta2 2011 7 17 198 13.4 21.8 20.4 4.9 3 -999.9 -999.9 365
sta2 2011 7 18 199 12.8 20.8 16.2 4.4 1.2 -999.9 -999.9 365
sta2 2011 7 19 200 13.1 18.9 11.3 2.7 13.2 -999.9 -999.9 365
sta2 2011 7 20 201 12.6 19.8 12 3.2 4.8 -999.9 -999.9 365
sta2 2011 7 21 202 13.9 21.2 14.7 2.9 11.1 -999.9 -999.9 365
sta2 2011 7 22 203 13.9 21.9 18.3 4.1 0 -999.9 -999.9 365
sta2 2011 7 23 204 8.9 19.1 11.3 2.4 5.4 -999.9 -999.9 365
sta2 2011 7 24 205 10.2 21.3 20.4 4.5 3 -999.9 -999.9 365
sta2 2011 7 25 206 13.6 22.6 17.1 2.8 7.9 -999.9 -999.9 365
sta2 2011 7 26 207 14.7 23 17.8 4.4 0.2 -999.9 -999.9 365
sta2 2011 7 27 208 10.7 20.8 14.1 2.8 6.3 -999.9 -999.9 365
sta2 2011 7 28 209 14.3 22.2 18 3.7 1 -999.9 -999.9 365
sta2 2011 7 29 210 12.7 21 7.8 1.8 0.2 -999.9 -999.9 365
sta2 2011 7 30 211 9.8 20.5 16 3.7 0.2 -999.9 -999.9 365
sta2 2011 7 31 212 6.4 22.4 25.6 3.5 0 -999.9 -999.9 365
sta2 2011 8 1 213 7.3 25 27.3 4 0.2 -999.9 -999.9 365
sta2 2011 8 2 214 9.8 30.5 23 4.4 0.4 -999.9 -999.9 365
sta2 2011 8 3 215 18.7 24.7 8.8 2.8 2.4 -999.9 -999.9 365
sta2 2011 8 4 216 17.8 25.9 19 4.9 2.2 -999.9 -999.9 365
sta2 2011 8 5 217 18.3 26.2 13.4 3.4 2.2 -999.9 -999.9 365
sta2 2011 8 6 218 17.2 20 3.7 1.3 12.5 -999.9 -999.9 365
sta2 2011 8 7 219 14.4 21.7 18.2 4.4 1.2 -999.9 -999.9 365
sta2 2011 8 8 220 12.4 20.9 19.3 4.2 4.2 -999.9 -999.9 365
sta2 2011 8 9 221 11.6 20.8 16.1 4.2 0.4 -999.9 -999.9 365
sta2 2011 8 10 222 5.1 22.6 25.5 3.5 0 -999.9 -999.9 365
sta2 2011 8 11 223 11.2 25.8 21.2 4.7 0 -999.9 -999.9 365
sta2 2011 8 12 224 15.1 23.3 13.9 3.4 0.2 -999.9 -999.9 365
sta2 2011 8 13 225 15.8 25.2 15 3.6 0 -999.9 -999.9 365
sta2 2011 8 14 226 17.2 22.8 7.5 2.1 4.4 -999.9 -999.9 365
sta2 2011 8 15 227 15.5 24 21 4.5 0.2 -999.9 -999.9 365
sta2 2011 8 16 228 10.1 26.3 22.9 3.8 0 -999.9 -999.9 365
sta2 2011 8 17 229 12 28.5 18.7 3.6 0.2 -999.9 -999.9 365
sta2 2011 8 18 230 15.3 31.3 21.1 5.5 0 -999.9 -999.9 365
sta2 2011 8 19 231 17.6 26.4 16.6 4.3 0 -999.9 -999.9 365
sta2 2011 8 20 232 11.2 31.1 22.8 4 1.8 -999.9 -999.9 365
sta2 2011 8 21 233 18.7 33.2 17.6 5.1 0.4 -999.9 -999.9 365
sta2 2011 8 22 234 17.8 34.3 20 6.1 0 -999.9 -999.9 365
sta2 2011 8 23 235 17.5 30.7 21.1 5.7 0 -999.9 -999.9 365
sta2 2011 8 24 236 15.9 23.2 9.8 2.4 8.7 -999.9 -999.9 365
sta2 2011 8 25 237 14.6 24.3 10.4 2.1 2 -999.9 -999.9 365
sta2 2011 8 26 238 15 20.2 3 1.8 13.1 -999.9 -999.9 365
sta2 2011 8 27 239 12.3 20.6 15.4 3.6 2.2 -999.9 -999.9 365
sta2 2011 8 28 240 10.1 20.7 16 2.9 0.2 -999.9 -999.9 365
sta2 2011 8 29 241 7.2 20.6 18 2.8 0 -999.9 -999.9 365
sta2 2011 8 30 242 8 21 18.7 3.1 0 -999.9 -999.9 365
sta2 2011 8 31 243 7.4 23.1 20.5 3.2 0.2 -999.9 -999.9 365
sta2 2011 9 1 244 11.8 24.8 11.6 2.2 0 -999.9 -999.9 365
sta2 2011 9 2 245 14.9 29.9 17.4 3.7 0.2 -999.9 -999.9 365
sta2 2011 9 3 246 14.1 31.9 18.3 4.4 0.4 -999.9 -999.9 365
sta2 2011 9 4 247 18.1 23.6 11 3.7 0.2 -999.9 -999.9 365
sta2 2011 9 5 248 10.4 22 16.6 4.2 0.2 -999.9 -999.9 365
sta2 2011 9 6 249 9.4 21.8 12.2 3.2 1.6 -999.9 -999.9 365
sta2 2011 9 7 250 13.3 20.8 15.4 4.2 0 -999.9 -999.9 365
sta2 2011 9 8 251 12 21.6 8.9 2.5 0.2 -999.9 -999.9 365
sta2 2011 9 9 252 18.5 25 9.3 3.2 0 -999.9 -999.9 365
sta2 2011 9 10 253 15.5 32.8 19 5.5 0.6 -999.9 -999.9 365
sta2 2011 9 11 254 16.5 20.1 4.6 1.9 19.2 -999.9 -999.9 365
sta2 2011 9 12 255 11.9 23.5 11.9 2.4 1.6 -999.9 -999.9 365
sta2 2011 9 13 256 16.4 20.2 8.5 2.5 0.6 -999.9 -999.9 365
sta2 2011 9 14 257 9.2 19.5 19.6 2.9 0.2 -999.9 -999.9 365
sta2 2011 9 15 258 4.4 20.7 17.1 2.2 0.2 -999.9 -999.9 365
sta2 2011 9 16 259 6.7 20.7 6.1 0.9 0.6 -999.9 -999.9 365
sta2 2011 9 17 260 14.9 20.1 11.2 3.2 2.6 -999.9 -999.9 365
sta2 2011 9 18 261 10.2 17 14.3 2.8 2.6 -999.9 -999.9 365
sta2 2011 9 19 262 11.1 18.8 11.4 2.7 0.2 -999.9 -999.9 365
sta2 2011 9 20 263 6.2 18.9 7.4 1.3 0.2 -999.9 -999.9 365
sta2 2011 9 21 264 6.8 22.4 15.2 2.4 0.2 -999.9 -999.9 365
sta2 2011 9 22 265 8.5 20.5 11.1 2.1 0 -999.9 -999.9 365
sta2 2011 9 23 266 6.8 20.4 13.1 2.2 0.2 -999.9 -999.9 365
sta2 2011 9 24 267 4.7 24 15.1 1.8 0.2 -999.9 -999.9 365
sta2 2011 9 25 268 8.3 26.4 15.4 2.1 0 -999.9 -999.9 365
sta2 2011 9 26 269 9.9 26.9 14.8 2.3 0.2 -999.9 -999.9 365
sta2 2011 9 27 270 10.2 25.7 13.2 1.9 0 -999.9 -999.9 365
sta2 2011 9 28 271 10.4 28.3 15.6 3.2 0.2 -999.9 -999.9 365
sta2 2011 9 29 272 8.1 26.6 15.3 2.4 0.2 -999.9 -999.9 365
sta2 2011 9 30 273 8.2 28.2 14.8 2.4 0.2 -999.9 -999.9 365
sta2 2011 10 1 274 6.9 26.6 15 2.2 0 -999.9 -999.9 365
sta2 2011 10 2 275 6.1 26.4 14.6 1.9 0.2 -999.9 -999.9 365
sta2 2011 10 3 276 6.8 27.2 14.7 2.2 0 -999.9 -999.9 365
sta2 2011 10 4 277 7.9 22.8 10.2 2.1 0 -999.9 -999.9 365
sta2 2011 10 5 278 12.6 21.2 6.5 2.7 0 -999.9 -999.9 365
sta2 2011 10 6 279 11.6 19.7 6.5 2.9 6.3 -999.9 -999.9 365
sta2 2011 10 7 280 9 14.9 9.6 2.3 1.4 -999.9 -999.9 365
sta2 2011 10 8 281 8.9 12.8 3.5 1.4 4.6 -999.9 -999.9 365
sta2 2011 10 9 282 10.3 16.1 2.8 0.6 3.4 -999.9 -999.9 365
sta2 2011 10 10 283 14.6 16.1 2.5 1.3 0 -999.9 -999.9 365
sta2 2011 10 11 284 14.1 16.3 2.4 1.6 0 -999.9 -999.9 365
sta2 2011 10 12 285 13.2 16.9 4.6 1.9 0.2 -999.9 -999.9 365
sta2 2011 10 13 286 13 19 6.2 1.7 0.4 -999.9 -999.9 365
sta2 2011 10 14 287 6.8 15.8 13 2.1 0 -999.9 -999.9 365
sta2 2011 10 15 288 0.4 18.4 12.8 1.4 0.2 -999.9 -999.9 365
sta2 2011 10 16 289 1.2 18.9 12.4 1.1 0.4 -999.9 -999.9 365
sta2 2011 10 17 290 2.4 17.3 9.6 0.8 0 -999.9 -999.9 365
sta2 2011 10 18 291 5.8 17.6 6.2 1.5 20.6 -999.9 -999.9 365
sta2 2011 10 19 292 6.5 13 5.8 1.4 5.7 -999.9 -999.9 365
sta2 2011 10 20 293 0.9 11.1 10.4 1 0.2 -999.9 -999.9 365
sta2 2011 10 21 294 -2.7 10.1 9.2 0.6 0.2 -999.9 -999.9 365
sta2 2011 10 22 295 -2 14 10.5 0.8 0.2 -999.9 -999.9 365
sta2 2011 10 23 296 1.5 17.8 11.5 1.3 0.2 -999.9 -999.9 365
sta2 2011 10 24 297 3.7 19.1 10.6 1 8.7 -999.9 -999.9 365
sta2 2011 10 25 298 10.7 16.4 4.3 1.5 3.8 -999.9 -999.9 365
sta2 2011 10 26 299 6 16 10.5 1.7 0.2 -999.9 -999.9 365
sta2 2011 10 27 300 5.4 19.5 8.2 2.7 0 -999.9 -999.9 365
sta2 2011 10 28 301 9.4 18.8 6.2 1.4 0 -999.9 -999.9 365
sta2 2011 10 29 302 6.8 18.1 5 0.8 0.8 -999.9 -999.9 365
sta2 2011 10 30 303 8.9 17.3 7 0.9 0.2 -999.9 -999.9 365
sta2 2011 10 31 304 4.1 16.2 7.4 0.6 0.4 -999.9 -999.9 365
sta2 2011 11 1 305 6.3 15 3.4 1.2 0.2 -999.9 -999.9 365
sta2 2011 11 2 306 5.1 19.5 6.5 0.7 0 -999.9 -999.9 365
sta2 2011 11 3 307 15.2 18.4 2.3 3.2 2.4 -999.9 -999.9 365
sta2 2011 11 4 308 11.7 16.2 3.7 1.3 10.9 -999.9 -999.9 365
sta2 2011 11 5 309 13 19.3 4.2 1.8 0.2 -999.9 -999.9 365
sta2 2011 11 6 310 8 16.1 6.7 1.2 0 -999.9 -999.9 365
sta2 2011 11 7 311 7.9 10.3 1 0.2 0.6 -999.9 -999.9 365
sta2 2011 11 8 312 9.5 12.8 1.7 0.5 0.2 -999.9 -999.9 365
sta2 2011 11 9 313 4.4 17.2 7.8 0.7 0.2 -999.9 -999.9 365
sta2 2011 11 10 314 4.4 13.8 6.5 0.6 0 -999.9 -999.9 365
sta2 2011 11 11 315 6.1 10.2 2.2 0.5 0.2 -999.9 -999.9 365
sta2 2011 11 12 316 2 17.2 7.2 0.7 0.4 -999.9 -999.9 365
sta2 2011 11 13 317 2 14.1 7.3 0.5 0.2 -999.9 -999.9 365
sta2 2011 11 14 318 0.4 15.2 7.7 0.5 0.2 -999.9 -999.9 365
sta2 2011 11 15 319 -0.5 12.5 6.2 1 0.2 -999.9 -999.9 365
sta2 2011 11 16 320 -1.4 10.8 6.8 0.8 0.6 -999.9 -999.9 365
sta2 2011 11 17 321 0.4 13.8 5.5 0 0.2 -999.9 -999.9 365
sta2 2011 11 18 322 8.1 14.3 3.9 1.1 0.2 -999.9 -999.9 365
sta2 2011 11 19 323 1.8 13.9 4.9 0.8 0 -999.9 -999.9 365
sta2 2011 11 20 324 2 16.1 6.2 0.9 0.2 -999.9 -999.9 365
sta2 2011 11 21 325 1.4 17.1 5.5 0.9 0.2 -999.9 -999.9 365
sta2 2011 11 22 326 1.5 13.5 4.3 0.6 0.2 -999.9 -999.9 365
sta2 2011 11 23 327 1 10.8 3.8 0.4 0.4 -999.9 -999.9 365
sta2 2011 11 24 328 3 5.6 2.2 0.2 0 -999.9 -999.9 365
sta2 2011 11 25 329 1.7 6.8 1.9 0.2 0.4 -999.9 -999.9 365
sta2 2011 11 26 330 5.4 7.3 1.3 0.3 0.2 -999.9 -999.9 365
sta2 2011 11 27 331 6.2 12.1 2 0.8 0 -999.9 -999.9 365
sta2 2011 11 28 332 5.5 11.1 4.2 0.5 0.2 -999.9 -999.9 365
sta2 2011 11 29 333 -0.5 12.7 4.7 0.4 0.2 -999.9 -999.9 365
sta2 2011 11 30 334 3.2 12.6 4.7 0.7 0.2 -999.9 -999.9 365
sta2 2011 12 1 335 1.2 12.9 1.8 0.2 2.2 -999.9 -999.9 365
sta2 2011 12 2 336 2.6 11.6 1.8 0.5 0.6 -999.9 -999.9 365
sta2 2011 12 3 337 1.2 11.9 0.6 0 10.3 -999.9 -999.9 365
sta2 2011 12 4 338 10.1 13.1 1 0.8 6.9 -999.9 -999.9 365
sta2 2011 12 5 339 5 8.8 4.7 1.3 0 -999.9 -999.9 365
sta2 2011 12 6 340 5.2 9.4 3.7 1.3 2.8 -999.9 -999.9 365
sta2 2011 12 7 341 4.1 11 1.6 0.7 2.4 -999.9 -999.9 365
sta2 2011 12 8 342 3.6 11.6 3.5 0.8 0.8 -999.9 -999.9 365
sta2 2011 12 9 343 6.8 10.9 0.6 0.6 15.1 -999.9 -999.9 365
sta2 2011 12 10 344 0.1 8.7 4 0.4 0 -999.9 -999.9 365
sta2 2011 12 11 345 -4.2 10 2.1 0.1 8.7 -999.9 -999.9 365
sta2 2011 12 12 346 3.4 9.1 4.9 0.7 0.2 -999.9 -999.9 365
sta2 2011 12 13 347 3.2 12 2.6 1.2 3.2 -999.9 -999.9 365
sta2 2011 12 14 348 4.4 10.4 3.2 1.5 0 -999.9 -999.9 365
sta2 2011 12 15 349 5.1 11.2 2.4 2 16.7 -999.9 -999.9 365
sta2 2011 12 16 350 4.1 12.4 1.2 1.4 9.7 -999.9 -999.9 365
sta2 2011 12 17 351 0.7 5.9 2.2 0.6 3 -999.9 -999.9 365
sta2 2011 12 18 352 -0.7 5.4 3.8 0.6 2.4 -999.9 -999.9 365
sta2 2011 12 19 353 -2 6.5 4.7 0.6 2 -999.9 -999.9 365
sta2 2011 12 20 354 1.2 9 2.3 0.4 0.4 -999.9 -999.9 365
sta2 2011 12 21 355 3.9 10.6 0.9 0.4 4 -999.9 -999.9 365
sta2 2011 12 22 356 8.2 11.7 1.9 0.5 0 -999.9 -999.9 365
sta2 2011 12 23 357 7.8 8.9 0.6 0.7 3.4 -999.9 -999.9 365
sta2 2011 12 24 358 1.4 7.9 3.8 0.9 0 -999.9 -999.9 365
sta2 2011 12 25 359 1 9.3 2.6 0.5 0.2 -999.9 -999.9 365
sta2 2011 12 26 360 0 11.6 4.9 0.6 0.2 -999.9 -999.9 365
sta2 2011 12 27 361 -1.4 5.5 0.5 0 0.2 -999.9 -999.9 365
sta2 2011 12 28 362 0.1 6.8 1.6 0.2 0.4 -999.9 -999.9 365
sta2 2011 12 29 363 2.7 7.5 4.9 0.8 4.4 -999.9 -999.9 365
sta2 2011 12 30 364 5.3 10.8 2.9 1.4 4.8 -999.9 -999.9 365
sta2 2011 12 31 365 4.6 12.6 1.3 0 1.4 -999.9 -999.9 365
