sta2 2009 1 1 1 -0.3 1.4 1.6 0.1 0 -999.9 -999.9 365
sta2 2009 1 2 2 -0.4 2 1.3 0.4 0 -999.9 -999.9 365
sta2 2009 1 3 3 -2.3 0.8 5.8 0.7 0 -999.9 -999.9 365
sta2 2009 1 4 4 -9.8 -1.2 5.9 0.2 0 -999.9 -999.9 365
sta2 2009 1 5 5 -6.2 -1.6 1.7 0.1 0.8 -999.9 -999.9 365
sta2 2009 1 6 6 -8.4 -2.3 3.6 0.3 0 -999.9 -999.9 365
sta2 2009 1 7 7 -12.5 -2.1 6.2 0.3 0 -999.9 -999.9 365
sta2 2009 1 8 8 -4.8 0.2 6.2 0.7 0 -999.9 -999.9 365
sta2 2009 1 9 9 -12.1 -1.9 5.4 0.3 0 -999.9 -999.9 365
sta2 2009 1 10 10 -12.9 -1.2 6.2 0.3 0 -999.9 -999.9 365
sta2 2009 1 11 11 -11.6 5.6 6.4 0.5 0 -999.9 -999.9 365
sta2 2009 1 12 12 -7.6 5.5 5.2 0.5 0 -999.9 -999.9 365
sta2 2009 1 13 13 0 7.7 3.8 1.2 0.4 -999.9 -999.9 365
sta2 2009 1 14 14 0.3 3.5 1.5 0.1 1 -999.9 -999.9 365
sta2 2009 1 15 15 0.6 6.9 6.5 0.8 0 -999.9 -999.9 365
sta2 2009 1 16 16 -0.9 7.4 5.5 0.7 0 -999.9 -999.9 365
sta2 2009 1 17 17 3.6 8.8 3.6 0.9 0.4 -999.9 -999.9 365
sta2 2009 1 18 18 2 8.6 2.4 0.9 8 -999.9 -999.9 365
sta2 2009 1 19 19 1.1 12.6 3.4 0.6 11.8 -999.9 -999.9 365
sta2 2009 1 20 20 0.5 8.6 6.8 0.9 0 -999.9 -999.9 365
sta2 2009 1 21 21 0 6.5 3.3 0.6 0 -999.9 -999.9 365
sta2 2009 1 22 22 -2.9 9.9 1.5 0.4 5 -999.9 -999.9 365
sta2 2009 1 23 23 5.3 13.3 3.4 1.9 4 -999.9 -999.9 365
sta2 2009 1 24 24 0.6 5.6 1.3 0.6 0 -999.9 -999.9 365
sta2 2009 1 25 25 -2.7 7.9 7.6 0.7 1.2 -999.9 -999.9 365
sta2 2009 1 26 26 1.9 6.9 5.3 0.5 0.2 -999.9 -999.9 365
sta2 2009 1 27 27 0.7 5.5 2 0.3 0.2 -999.9 -999.9 365
sta2 2009 1 28 28 -1.3 1.7 4.4 0.3 0.2 -999.9 -999.9 365
sta2 2009 1 29 29 -3.5 3.6 7.3 0.4 0 -999.9 -999.9 365
sta2 2009 1 30 30 -4.1 4.9 8 0.5 0.2 -999.9 -999.9 365
sta2 2009 1 31 31 -2.7 4.3 7.9 0.9 0 -999.9 -999.9 365
sta2 2009 2 1 32 -4.2 2.2 6.8 0.8 3.4 -999.9 -999.9 365
sta2 2009 2 2 33 -0.2 8.3 3.8 0.7 4.2 -999.9 -999.9 365
sta2 2009 2 3 34 -0.7 0.4 2.5 0.3 1.4 -999.9 -999.9 365
sta2 2009 2 4 35 -2.3 5.7 5.1 0.4 0 -999.9 -999.9 365
sta2 2009 2 5 36 0.1 12.5 6.2 0.9 0.2 -999.9 -999.9 365
sta2 2009 2 6 37 -0.6 12.1 6.8 0.5 0 -999.9 -999.9 365
sta2 2009 2 7 38 1.7 5.6 1.8 0.4 0.8 -999.9 -999.9 365
sta2 2009 2 8 39 -1.5 5.6 5.8 0.7 0.4 -999.9 -999.9 365
sta2 2009 2 9 40 -1 11.7 1.7 0.6 9 -999.9 -999.9 365
sta2 2009 2 10 41 3.5 6.7 2.6 0.8 3.2 -999.9 -999.9 365
sta2 2009 2 11 42 -0.6 5.4 6.7 0.5 0.8 -999.9 -999.9 365
sta2 2009 2 12 43 0.3 4.7 6.4 0.7 0 -999.9 -999.9 365
sta2 2009 2 13 44 -0.6 2.3 2 0.3 0.2 -999.9 -999.9 365
sta2 2009 2 14 45 -2.4 4.4 5.2 0.7 0 -999.9 -999.9 365
sta2 2009 2 15 46 -7.2 4.1 9.2 0.4 0.6 -999.9 -999.9 365
sta2 2009 2 16 47 -3.5 5.7 1.5 0.1 3.2 -999.9 -999.9 365
sta2 2009 2 17 48 3.6 8.5 1.8 0.3 0.2 -999.9 -999.9 365
sta2 2009 2 18 49 0.2 4.2 7.2 1 0 -999.9 -999.9 365
sta2 2009 2 19 50 -7.5 5.2 11.3 0.5 0 -999.9 -999.9 365
sta2 2009 2 20 51 -1.2 8.1 6.2 0.6 0 -999.9 -999.9 365
sta2 2009 2 21 52 -1.1 7.4 5.2 0.4 0 -999.9 -999.9 365
sta2 2009 2 22 53 3.5 9 2.3 0.6 0.4 -999.9 -999.9 365
sta2 2009 2 23 54 4.7 7.9 2.5 0.6 1.6 -999.9 -999.9 365
sta2 2009 2 24 55 4.3 7.6 5 1.1 0 -999.9 -999.9 365
sta2 2009 2 25 56 -3.1 9.2 12.3 0.8 0.2 -999.9 -999.9 365
sta2 2009 2 26 57 -4.2 9.2 7.8 0.3 0.2 -999.9 -999.9 365
sta2 2009 2 27 58 2.2 12 11 1.2 0 -999.9 -999.9 365
sta2 2009 2 28 59 -0.6 15.1 13.1 1 0.2 -999.9 -999.9 365
sta2 2009 3 1 60 1.3 13.7 4.7 1 0 -999.9 -999.9 365
sta2 2009 3 2 61 6.2 11.8 4.1 1.7 0 -999.9 -999.9 365
sta2 2009 3 3 62 -3.7 11.8 10.1 1.3 0.2 -999.9 -999.9 365
sta2 2009 3 4 63 -0.5 7 3.3 0.5 4.8 -999.9 -999.9 365
sta2 2009 3 5 64 -1.3 5 5 0.5 0.2 -999.9 -999.9 365
sta2 2009 3 6 65 0.9 9.1 13 1.8 0 -999.9 -999.9 365
sta2 2009 3 7 66 -2.8 9.9 5.5 0.6 0.2 -999.9 -999.9 365
sta2 2009 3 8 67 3.2 13.5 6 1.1 4.4 -999.9 -999.9 365
sta2 2009 3 9 68 3.1 11 9.1 2 0.4 -999.9 -999.9 365
sta2 2009 3 10 69 4 10.6 3.1 1.2 8.2 -999.9 -999.9 365
sta2 2009 3 11 70 0.7 10.4 14.1 1.3 0.2 -999.9 -999.9 365
sta2 2009 3 12 71 -1.2 12.6 7.2 0.5 0 -999.9 -999.9 365
sta2 2009 3 13 72 5.5 13.6 12.9 1.4 0.2 -999.9 -999.9 365
sta2 2009 3 14 73 1.9 16.2 8.4 1.4 0 -999.9 -999.9 365
sta2 2009 3 15 74 3.9 14.2 15.6 1.9 0.2 -999.9 -999.9 365
sta2 2009 3 16 75 1.4 13.8 16.6 1.6 0 -999.9 -999.9 365
sta2 2009 3 17 76 -0.3 15.3 16.4 1.5 0 -999.9 -999.9 365
sta2 2009 3 18 77 -0.1 16.9 17.6 2.5 0.2 -999.9 -999.9 365
sta2 2009 3 19 78 -1.7 15.8 17 2.7 0 -999.9 -999.9 365
sta2 2009 3 20 79 1.4 10.1 18.3 2.8 0 -999.9 -999.9 365
sta2 2009 3 21 80 -4.9 10.6 18.1 2 0 -999.9 -999.9 365
sta2 2009 3 22 81 -1.9 8.4 12.2 1 0 -999.9 -999.9 365
sta2 2009 3 23 82 -0.1 15.4 14.4 1.9 3.2 -999.9 -999.9 365
sta2 2009 3 24 83 2.8 9.1 8.1 1.9 0 -999.9 -999.9 365
sta2 2009 3 25 84 1.2 12.4 6.6 1.8 3.2 -999.9 -999.9 365
sta2 2009 3 26 85 5.1 11.5 8.7 1.5 3 -999.9 -999.9 365
sta2 2009 3 27 86 5.5 12.5 10 2.1 2.2 -999.9 -999.9 365
sta2 2009 3 28 87 6.3 12.5 9.5 2.6 1.2 -999.9 -999.9 365
sta2 2009 3 29 88 -1.2 9.5 10.8 1.3 0 -999.9 -999.9 365
sta2 2009 3 30 89 -1.2 12.5 19.3 2.3 0 -999.9 -999.9 365
sta2 2009 3 31 90 -0.2 15.2 19.9 2.7 0 -999.9 -999.9 365
sta2 2009 4 1 91 3.8 14.4 16.2 2.5 0 -999.9 -999.9 365
sta2 2009 4 2 92 2.7 17.9 15.3 2.1 0.2 -999.9 -999.9 365
sta2 2009 4 3 93 3.8 19.1 10.4 1.5 0 -999.9 -999.9 365
sta2 2009 4 4 94 9.3 15.9 11.1 2 0 -999.9 -999.9 365
sta2 2009 4 5 95 4 17 16.1 2.1 0 -999.9 -999.9 365
sta2 2009 4 6 96 2.2 22.8 19.6 3 0 -999.9 -999.9 365
sta2 2009 4 7 97 7.1 13.3 5 0.8 3.8 -999.9 -999.9 365
sta2 2009 4 8 98 3.3 16 15.5 1.5 0 -999.9 -999.9 365
sta2 2009 4 9 99 10 22.1 21.9 4 0 -999.9 -999.9 365
sta2 2009 4 10 100 7 22.7 16.2 3.5 1.8 -999.9 -999.9 365
sta2 2009 4 11 101 8 21.5 10.7 2.3 8.2 -999.9 -999.9 365
sta2 2009 4 12 102 9.9 19.9 16.8 2.5 0.2 -999.9 -999.9 365
sta2 2009 4 13 103 8.3 19.3 16.2 2.2 0 -999.9 -999.9 365
sta2 2009 4 14 104 9.9 20.8 16.2 2.7 0.2 -999.9 -999.9 365
sta2 2009 4 15 105 8.1 23.4 16.6 4.1 0.2 -999.9 -999.9 365
sta2 2009 4 16 106 7.4 13.7 12.9 1.2 4.4 -999.9 -999.9 365
sta2 2009 4 17 107 5.9 16.3 18.3 2.2 0 -999.9 -999.9 365
sta2 2009 4 18 108 5.5 14 18.6 1.2 6.2 -999.9 -999.9 365
sta2 2009 4 19 109 8.9 18.4 22.4 2.6 0 -999.9 -999.9 365
sta2 2009 4 20 110 8 20.9 23.5 3.8 0.2 -999.9 -999.9 365
sta2 2009 4 21 111 7.4 20.5 21.1 3.5 0 -999.9 -999.9 365
sta2 2009 4 22 112 6.3 19.2 24 3.5 0.2 -999.9 -999.9 365
sta2 2009 4 23 113 2.5 17.2 25.4 3 0 -999.9 -999.9 365
sta2 2009 4 24 114 2.5 18.4 25.8 3.4 0.2 -999.9 -999.9 365
sta2 2009 4 25 115 1.8 12.6 3.1 0.6 16 -999.9 -999.9 365
sta2 2009 4 26 116 9.2 13.7 3.1 1.1 19.2 -999.9 -999.9 365
sta2 2009 4 27 117 7.8 16.2 18.9 2.7 2 -999.9 -999.9 365
sta2 2009 4 28 118 6.5 14.2 14.3 2.1 7 -999.9 -999.9 365
sta2 2009 4 29 119 5.2 15.4 14.5 2.4 0.2 -999.9 -999.9 365
sta2 2009 4 30 120 1 19.1 21.6 2.4 0 -999.9 -999.9 365
sta2 2009 5 1 121 5.5 19.7 15.6 2.7 0 -999.9 -999.9 365
sta2 2009 5 2 122 6.6 20.6 26.2 3.5 0.2 -999.9 -999.9 365
sta2 2009 5 3 123 4.9 16.2 15.1 1.6 0.2 -999.9 -999.9 365
sta2 2009 5 4 124 5 15.2 19.8 2.9 0 -999.9 -999.9 365
sta2 2009 5 5 125 5.4 14.5 6.5 1.1 0 -999.9 -999.9 365
sta2 2009 5 6 126 11.1 18.6 21.6 3.6 0.2 -999.9 -999.9 365
sta2 2009 5 7 127 3.9 24.8 25.1 3.3 5.4 -999.9 -999.9 365
sta2 2009 5 8 128 12.4 17.4 8.1 2.5 0 -999.9 -999.9 365
sta2 2009 5 9 129 6.6 18.6 12 1.3 7.4 -999.9 -999.9 365
sta2 2009 5 10 130 10 19.4 11.4 1.5 2.4 -999.9 -999.9 365
sta2 2009 5 11 131 11.6 21.9 19.5 2.5 1.6 -999.9 -999.9 365
sta2 2009 5 12 132 15.2 24.2 24.2 3.7 0 -999.9 -999.9 365
sta2 2009 5 13 133 13.7 23.9 17.4 3 1 -999.9 -999.9 365
sta2 2009 5 14 134 12.1 18 8.9 1.4 10.6 -999.9 -999.9 365
sta2 2009 5 15 135 12.6 17.4 12.6 3.1 1.4 -999.9 -999.9 365
sta2 2009 5 16 136 7.1 20.3 15.1 2.6 4.4 -999.9 -999.9 365
sta2 2009 5 17 137 10.4 18.6 11.1 2.5 1.6 -999.9 -999.9 365
sta2 2009 5 18 138 5.5 19.9 26.9 3 0 -999.9 -999.9 365
sta2 2009 5 19 139 7 22.7 19.6 3 1.2 -999.9 -999.9 365
sta2 2009 5 20 140 5.9 23.6 25.2 2.6 0 -999.9 -999.9 365
sta2 2009 5 21 141 11.4 19.8 6.2 1.5 3.6 -999.9 -999.9 365
sta2 2009 5 22 142 11.6 21 28.2 4.6 0 -999.9 -999.9 365
sta2 2009 5 23 143 4.1 24.9 20.2 2.7 0 -999.9 -999.9 365
sta2 2009 5 24 144 11.9 29.4 26.6 4.1 0.2 -999.9 -999.9 365
sta2 2009 5 25 145 15.1 30.6 27.3 5.2 0 -999.9 -999.9 365
sta2 2009 5 26 146 14 20.5 9.4 3.5 1.8 -999.9 -999.9 365
sta2 2009 5 27 147 6.8 17.2 23.9 3 0 -999.9 -999.9 365
sta2 2009 5 28 148 12.2 20.4 9.8 2.7 0.2 -999.9 -999.9 365
sta2 2009 5 29 149 8.8 22.6 26 5 0 -999.9 -999.9 365
sta2 2009 5 30 150 6.8 22.9 30.4 5.2 0 -999.9 -999.9 365
sta2 2009 5 31 151 8.8 23 26.7 4.2 0 -999.9 -999.9 365
sta2 2009 6 1 152 8.5 25.3 24.6 3.9 2.6 -999.9 -999.9 365
sta2 2009 6 2 153 11.3 25.2 28.8 5 0 -999.9 -999.9 365
sta2 2009 6 3 154 10.3 23.1 27.1 4.6 0 -999.9 -999.9 365
sta2 2009 6 4 155 8.9 18.1 29.3 4.3 0 -999.9 -999.9 365
sta2 2009 6 5 156 3.8 19.6 24.7 3.7 1.4 -999.9 -999.9 365
sta2 2009 6 6 157 10.1 13.1 10.8 1.6 11.4 -999.9 -999.9 365
sta2 2009 6 7 158 7 19.4 24.2 3 1.4 -999.9 -999.9 365
sta2 2009 6 8 159 6.6 19 12.3 1.6 9.4 -999.9 -999.9 365
sta2 2009 6 9 160 11.4 22.1 23 4 5.2 -999.9 -999.9 365
sta2 2009 6 10 161 9.2 19.3 13.4 2.1 6.8 -999.9 -999.9 365
sta2 2009 6 11 162 13.2 20.3 21.3 4.3 0 -999.9 -999.9 365
sta2 2009 6 12 163 7.4 22.6 23.6 2.6 0 -999.9 -999.9 365
sta2 2009 6 13 164 8.9 26 28.9 3.9 0 -999.9 -999.9 365
sta2 2009 6 14 165 11.2 25.3 9.3 2.6 0.4 -999.9 -999.9 365
sta2 2009 6 15 166 15.8 21.7 6.3 2.2 12.2 -999.9 -999.9 365
sta2 2009 6 16 167 11.5 22.3 25.4 4.2 0 -999.9 -999.9 365
sta2 2009 6 17 168 6.6 26.6 28.4 3.8 0 -999.9 -999.9 365
sta2 2009 6 18 169 14.1 26 27.6 4.2 0.2 -999.9 -999.9 365
sta2 2009 6 19 170 13.3 20.8 18.3 4.1 0.2 -999.9 -999.9 365
sta2 2009 6 20 171 6.5 20.1 16.4 3 1.8 -999.9 -999.9 365
sta2 2009 6 21 172 9.8 21.1 23.5 3.3 0 -999.9 -999.9 365
sta2 2009 6 22 173 7.2 20.2 24.5 3.9 0 -999.9 -999.9 365
sta2 2009 6 23 174 6.5 23.6 28.2 4.4 0 -999.9 -999.9 365
sta2 2009 6 24 175 13 26.1 29.7 6 0 -999.9 -999.9 365
sta2 2009 6 25 176 12.7 26.6 18.8 4 0 -999.9 -999.9 365
sta2 2009 6 26 177 12.3 25.9 11.8 3.1 14.6 -999.9 -999.9 365
sta2 2009 6 27 178 16.1 25.6 19.6 4.4 0 -999.9 -999.9 365
sta2 2009 6 28 179 13.3 27.7 26.3 4.4 0 -999.9 -999.9 365
sta2 2009 6 29 180 14.5 30.1 26.4 5.3 0 -999.9 -999.9 365
sta2 2009 6 30 181 16.3 30.8 26.6 6.1 0 -999.9 -999.9 365
sta2 2009 7 1 182 16.5 30.7 25.8 6 0 -999.9 -999.9 365
sta2 2009 7 2 183 16.1 32.5 25.4 5.4 0 -999.9 -999.9 365
sta2 2009 7 3 184 17.8 28.7 24.1 5.9 0 -999.9 -999.9 365
sta2 2009 7 4 185 14.1 29 24.4 5.8 0 -999.9 -999.9 365
sta2 2009 7 5 186 14.5 28 21.2 4.3 1 -999.9 -999.9 365
sta2 2009 7 6 187 14.7 25 23.8 5.2 0 -999.9 -999.9 365
sta2 2009 7 7 188 15.4 23.7 22.5 5.9 4.8 -999.9 -999.9 365
sta2 2009 7 8 189 13 20.4 20.5 3.1 3.8 -999.9 -999.9 365
sta2 2009 7 9 190 10.4 21.3 13.9 4.1 0 -999.9 -999.9 365
sta2 2009 7 10 191 12.2 21.2 20.7 4.8 0 -999.9 -999.9 365
sta2 2009 7 11 192 12.8 23.6 14.2 3.5 0.2 -999.9 -999.9 365
sta2 2009 7 12 193 16.2 23.6 9.2 3.2 1.4 -999.9 -999.9 365
sta2 2009 7 13 194 14.8 23.9 10.5 2.8 21.4 -999.9 -999.9 365
sta2 2009 7 14 195 14.9 26.3 13.9 3.5 0 -999.9 -999.9 365
sta2 2009 7 15 196 13.9 26.6 24.4 5.2 0 -999.9 -999.9 365
sta2 2009 7 16 197 12.9 31.7 27.5 6 19.2 -999.9 -999.9 365
sta2 2009 7 17 198 14.9 22 14.6 4.4 1.6 -999.9 -999.9 365
sta2 2009 7 18 199 13.4 21.7 18.6 4.6 1 -999.9 -999.9 365
sta2 2009 7 19 200 14.3 21.8 16.3 4.1 0 -999.9 -999.9 365
sta2 2009 7 20 201 14.7 25.9 25.8 5.2 0 -999.9 -999.9 365
sta2 2009 7 21 202 15.3 33.9 23.7 6.5 11.4 -999.9 -999.9 365
sta2 2009 7 22 203 18.6 29.6 19.8 5.3 11.6 -999.9 -999.9 365
sta2 2009 7 23 204 16.9 25.2 14.5 3.5 14.4 -999.9 -999.9 365
sta2 2009 7 24 205 15.7 23.5 13.8 4.7 0 -999.9 -999.9 365
sta2 2009 7 25 206 13.1 23.4 21.6 4.7 0.2 -999.9 -999.9 365
sta2 2009 7 26 207 8.8 27.2 27.2 4.6 0 -999.9 -999.9 365
sta2 2009 7 27 208 11.1 27.6 13.8 4.1 4.6 -999.9 -999.9 365
sta2 2009 7 28 209 9.7 26 21.6 4.1 0.2 -999.9 -999.9 365
sta2 2009 7 29 210 10.2 30.2 24.7 4.9 0 -999.9 -999.9 365
sta2 2009 7 30 211 15.7 23.7 21 5.7 0 -999.9 -999.9 365
sta2 2009 7 31 212 12.2 25 23.1 4.7 0 -999.9 -999.9 365
sta2 2009 8 1 213 11.5 30.2 20.3 5.2 7 -999.9 -999.9 365
sta2 2009 8 2 214 16.6 22 15.3 3.6 0.8 -999.9 -999.9 365
sta2 2009 8 3 215 11.9 23.5 18 3.7 0.2 -999.9 -999.9 365
sta2 2009 8 4 216 7.9 26.5 26.2 4.1 0 -999.9 -999.9 365
sta2 2009 8 5 217 11.1 29.5 24.1 4.8 0 -999.9 -999.9 365
sta2 2009 8 6 218 12.5 31.2 24.5 5 0 -999.9 -999.9 365
sta2 2009 8 7 219 16.5 28.3 16.6 4.4 0 -999.9 -999.9 365
sta2 2009 8 8 220 16.4 27.8 18.6 4.8 0 -999.9 -999.9 365
sta2 2009 8 9 221 14.8 27 16.9 4.1 5.6 -999.9 -999.9 365
sta2 2009 8 10 222 16.7 28 20.8 5.3 0.2 -999.9 -999.9 365
sta2 2009 8 11 223 17.9 24.7 13 3.6 0 -999.9 -999.9 365
sta2 2009 8 12 224 13.4 28.7 23.6 4.7 0 -999.9 -999.9 365
sta2 2009 8 13 225 15.1 26.7 22.5 3.8 0 -999.9 -999.9 365
sta2 2009 8 14 226 13.1 26.6 19.1 4.1 0 -999.9 -999.9 365
sta2 2009 8 15 227 10.8 32.2 24.4 4.9 0 -999.9 -999.9 365
sta2 2009 8 16 228 14.3 33.4 20.8 4.9 0 -999.9 -999.9 365
sta2 2009 8 17 229 15.6 27.8 19.1 4.7 0 -999.9 -999.9 365
sta2 2009 8 18 230 10.9 30.2 22.1 4.4 0 -999.9 -999.9 365
sta2 2009 8 19 231 14.5 36.9 21.5 5.7 0 -999.9 -999.9 365
sta2 2009 8 20 232 19.3 35.7 21.2 8.5 0.6 -999.9 -999.9 365
sta2 2009 8 21 233 16.5 25.3 16.6 4.5 1.2 -999.9 -999.9 365
sta2 2009 8 22 234 12.8 26.4 22.1 5.2 0 -999.9 -999.9 365
sta2 2009 8 23 235 9.6 28.4 23.6 4.7 0 -999.9 -999.9 365
sta2 2009 8 24 236 9.8 31.4 13.8 4.1 1.4 -999.9 -999.9 365
sta2 2009 8 25 237 18.5 24.8 12.1 4.1 0.2 -999.9 -999.9 365
sta2 2009 8 26 238 10.4 27.8 19.2 3.9 0 -999.9 -999.9 365
sta2 2009 8 27 239 14.2 28.7 19.7 4.6 0 -999.9 -999.9 365
sta2 2009 8 28 240 15.9 24.7 17.2 5.7 0.4 -999.9 -999.9 365
sta2 2009 8 29 241 10.3 22.9 19.2 4.4 0 -999.9 -999.9 365
sta2 2009 8 30 242 5.3 24.9 22 3.4 0 -999.9 -999.9 365
sta2 2009 8 31 243 9 30.8 21.9 5.5 0 -999.9 -999.9 365
sta2 2009 9 1 244 16.2 25 4.3 3.3 10.6 -999.9 -999.9 365
sta2 2009 9 2 245 11.7 22.5 13.8 2.8 2 -999.9 -999.9 365
sta2 2009 9 3 246 15.8 21.5 14.1 4.5 0.2 -999.9 -999.9 365
sta2 2009 9 4 247 11 19 10.5 2.8 12.4 -999.9 -999.9 365
sta2 2009 9 5 248 9.6 19.4 15.1 3 0.2 -999.9 -999.9 365
sta2 2009 9 6 249 5.1 22.2 19.1 2.3 0.2 -999.9 -999.9 365
sta2 2009 9 7 250 6.6 27.7 18.2 3.4 0 -999.9 -999.9 365
sta2 2009 9 8 251 8.8 29.9 19.4 3.8 0.2 -999.9 -999.9 365
sta2 2009 9 9 252 7.1 29.8 18.9 3.6 0 -999.9 -999.9 365
sta2 2009 9 10 253 15.6 22.1 10.2 2.4 0 -999.9 -999.9 365
sta2 2009 9 11 254 15.1 21.9 17.3 4.3 0 -999.9 -999.9 365
sta2 2009 9 12 255 10.8 22.9 18.4 4.2 0 -999.9 -999.9 365
sta2 2009 9 13 256 8.6 20.4 18.1 2.9 0 -999.9 -999.9 365
sta2 2009 9 14 257 9.2 19.1 7.8 2.1 3.2 -999.9 -999.9 365
sta2 2009 9 15 258 11 18.5 10 2.4 0 -999.9 -999.9 365
sta2 2009 9 16 259 10 20.6 3.2 1.4 0.2 -999.9 -999.9 365
sta2 2009 9 17 260 15.6 19.1 1.7 1.6 1 -999.9 -999.9 365
sta2 2009 9 18 261 11.1 24.3 12.1 2.1 0 -999.9 -999.9 365
sta2 2009 9 19 262 13.7 23.4 13 2.2 0.2 -999.9 -999.9 365
sta2 2009 9 20 263 10.5 23.9 10 2.2 0 -999.9 -999.9 365
sta2 2009 9 21 264 12.4 23.8 14.8 2.6 0.2 -999.9 -999.9 365
sta2 2009 9 22 265 8.6 24.1 16.4 2.3 0 -999.9 -999.9 365
sta2 2009 9 23 266 7.2 24 16.2 2.5 0.2 -999.9 -999.9 365
sta2 2009 9 24 267 9 22.3 5.9 1.7 0.2 -999.9 -999.9 365
sta2 2009 9 25 268 10.2 22 14 3.2 0 -999.9 -999.9 365
sta2 2009 9 26 269 6.2 22.6 16 2.8 0.2 -999.9 -999.9 365
sta2 2009 9 27 270 4.9 23.7 15.7 2.4 0 -999.9 -999.9 365
sta2 2009 9 28 271 4.9 23 14.9 2.1 0 -999.9 -999.9 365
sta2 2009 9 29 272 5.8 20.4 14.9 1.7 0 -999.9 -999.9 365
sta2 2009 9 30 273 8.5 21.8 14 1.7 0.2 -999.9 -999.9 365
sta2 2009 10 1 274 6.2 21.2 10.7 2.2 0 -999.9 -999.9 365
sta2 2009 10 2 275 5.3 18.4 10.9 2 0.2 -999.9 -999.9 365
sta2 2009 10 3 276 1.8 19.9 13.3 1.9 0 -999.9 -999.9 365
sta2 2009 10 4 277 7.7 19.7 8.2 3.1 0 -999.9 -999.9 365
sta2 2009 10 5 278 7.4 20.5 5.8 1.1 3.2 -999.9 -999.9 365
sta2 2009 10 6 279 13.8 24.7 5 2.1 0.4 -999.9 -999.9 365
sta2 2009 10 7 280 14.8 28.1 9.9 3.9 0.2 -999.9 -999.9 365
sta2 2009 10 8 281 14 23.7 9 2.2 0.2 -999.9 -999.9 365
sta2 2009 10 9 282 12.3 21.6 5.5 1.4 2.4 -999.9 -999.9 365
sta2 2009 10 10 283 13.6 19.8 7 2.2 0.4 -999.9 -999.9 365
sta2 2009 10 11 284 4.7 17.7 6.4 0.8 0.8 -999.9 -999.9 365
sta2 2009 10 12 285 7.7 16.4 8.4 2 0.2 -999.9 -999.9 365
sta2 2009 10 13 286 3.2 14.3 7.1 1.1 0.2 -999.9 -999.9 365
sta2 2009 10 14 287 3.2 11.5 13.2 1.8 0 -999.9 -999.9 365
sta2 2009 10 15 288 -3.4 9.8 12.7 1.3 0 -999.9 -999.9 365
sta2 2009 10 16 289 -2.6 11 4.4 0.2 0.4 -999.9 -999.9 365
sta2 2009 10 17 290 1.3 13.1 9.9 1.2 2.8 -999.9 -999.9 365
sta2 2009 10 18 291 -2 11.6 11.3 1 0.2 -999.9 -999.9 365
sta2 2009 10 19 292 -4.6 12.1 11.1 1 0 -999.9 -999.9 365
sta2 2009 10 20 293 1.6 18.2 7.8 2 0 -999.9 -999.9 365
sta2 2009 10 21 294 11.5 16.8 2.9 2.3 6.6 -999.9 -999.9 365
sta2 2009 10 22 295 5.5 17.2 10.3 0.9 1.6 -999.9 -999.9 365
sta2 2009 10 23 296 7.9 16.1 5.9 1.3 0.4 -999.9 -999.9 365
sta2 2009 10 24 297 4.6 17 2.5 0.2 1.4 -999.9 -999.9 365
sta2 2009 10 25 298 8 17.2 6.6 1.1 0.4 -999.9 -999.9 365
sta2 2009 10 26 299 5.3 17.1 9 1.2 0.2 -999.9 -999.9 365
sta2 2009 10 27 300 1.7 17.2 8.3 1 0.2 -999.9 -999.9 365
sta2 2009 10 28 301 1.7 17.5 8.6 0.9 0.2 -999.9 -999.9 365
sta2 2009 10 29 302 2.4 11.5 4.8 0.4 0.2 -999.9 -999.9 365
sta2 2009 10 30 303 4.6 11.9 3.4 0.5 0.2 -999.9 -999.9 365
sta2 2009 10 31 304 2.2 15.3 6.9 0.5 0 -999.9 -999.9 365
sta2 2009 11 1 305 10.8 19 3 1.1 7.6 -999.9 -999.9 365
sta2 2009 11 2 306 8.1 12.6 5.6 1.5 2 -999.9 -999.9 365
sta2 2009 11 3 307 4.6 12.9 2.2 0.3 9.8 -999.9 -999.9 365
sta2 2009 11 4 308 7.4 13.4 7.7 2 0.2 -999.9 -999.9 365
sta2 2009 11 5 309 6.2 11.6 4.3 1.3 5.2 -999.9 -999.9 365
sta2 2009 11 6 310 4.2 12.1 8.2 1 0.8 -999.9 -999.9 365
sta2 2009 11 7 311 5.1 11.5 2.8 0.9 9.6 -999.9 -999.9 365
sta2 2009 11 8 312 1.6 10.4 5.7 0.7 0 -999.9 -999.9 365
sta2 2009 11 9 313 1.6 7.5 1.6 0.1 0.4 -999.9 -999.9 365
sta2 2009 11 10 314 2.2 9.4 4.3 0.5 0.2 -999.9 -999.9 365
sta2 2009 11 11 315 -0.9 8 4.4 0.3 0.4 -999.9 -999.9 365
sta2 2009 11 12 316 0.3 13.6 4 0.1 0.2 -999.9 -999.9 365
sta2 2009 11 13 317 9.2 18 4 1.4 0 -999.9 -999.9 365
sta2 2009 11 14 318 10.1 14.8 3.2 1.7 3.2 -999.9 -999.9 365
sta2 2009 11 15 319 9.1 15.4 4 1.9 1.6 -999.9 -999.9 365
sta2 2009 11 16 320 10.3 17 2.1 1.1 5.2 -999.9 -999.9 365
sta2 2009 11 17 321 7.9 11 0.5 0.3 7.4 -999.9 -999.9 365
sta2 2009 11 18 322 5.2 13.6 4.6 0.9 0.2 -999.9 -999.9 365
sta2 2009 11 19 323 1 15.5 6.3 0.7 0.2 -999.9 -999.9 365
sta2 2009 11 20 324 5.4 18.9 5.4 1.4 0.2 -999.9 -999.9 365
sta2 2009 11 21 325 8.8 18.1 3.8 1.9 1.4 -999.9 -999.9 365
sta2 2009 11 22 326 10.1 14.7 4.5 2.3 0.6 -999.9 -999.9 365
sta2 2009 11 23 327 9 14.2 3.1 1.8 2.2 -999.9 -999.9 365
sta2 2009 11 24 328 11.8 14.8 2.6 1.7 0.2 -999.9 -999.9 365
sta2 2009 11 25 329 7.5 13.6 3.4 1.7 2.6 -999.9 -999.9 365
sta2 2009 11 26 330 6 12.7 5.4 1.3 1 -999.9 -999.9 365
sta2 2009 11 27 331 6.2 11 3.4 1.3 0.2 -999.9 -999.9 365
sta2 2009 11 28 332 6.5 11.3 2.4 1.5 1 -999.9 -999.9 365
sta2 2009 11 29 333 7.8 10.9 1.9 1.8 0.8 -999.9 -999.9 365
sta2 2009 11 30 334 2.5 8.1 3.1 0.5 0.2 -999.9 -999.9 365
sta2 2009 12 1 335 1.1 7.1 1.2 0.1 0.8 -999.9 -999.9 365
sta2 2009 12 2 336 1.1 10.2 2.9 0.7 1.2 -999.9 -999.9 365
sta2 2009 12 3 337 6.2 11.6 2.3 1.3 3.2 -999.9 -999.9 365
sta2 2009 12 4 338 1.1 7.4 3.8 0.5 0.6 -999.9 -999.9 365
sta2 2009 12 5 339 3.1 11.6 2.6 0.4 0.8 -999.9 -999.9 365
sta2 2009 12 6 340 9.7 15.4 2.3 2.1 2 -999.9 -999.9 365
sta2 2009 12 7 341 4.2 10.6 2 0.2 1.6 -999.9 -999.9 365
sta2 2009 12 8 342 4 9.6 4.1 0.8 2.2 -999.9 -999.9 365
sta2 2009 12 9 343 5.6 12.5 1.4 0.2 2.2 -999.9 -999.9 365
sta2 2009 12 10 344 4.5 12.4 3.1 0.4 0.2 -999.9 -999.9 365
sta2 2009 12 11 345 0.3 8.1 1.8 0.1 0.2 -999.9 -999.9 365
sta2 2009 12 12 346 1.4 5.6 2.4 0.6 0 -999.9 -999.9 365
sta2 2009 12 13 347 -0.3 3.5 2.3 0.8 0 -999.9 -999.9 365
sta2 2009 12 14 348 -1.7 -0.1 1.7 1 0 -999.9 -999.9 365
sta2 2009 12 15 349 -3.8 -0.2 1.3 0.8 0 -999.9 -999.9 365
sta2 2009 12 16 350 -5.8 1.5 3.1 0.7 0 -999.9 -999.9 365
sta2 2009 12 17 351 -10.2 -1.7 1.4 0 7 -999.9 -999.9 365
sta2 2009 12 18 352 -6.1 -2.2 2.7 0.4 2 -999.9 -999.9 365
sta2 2009 12 19 353 -14.4 -5.3 5.1 0.3 0 -999.9 -999.9 365
sta2 2009 12 20 354 -16.1 1.5 2 0 8.8 -999.9 -999.9 365
sta2 2009 12 21 355 -5.7 7.4 2.5 0.1 6.8 -999.9 -999.9 365
sta2 2009 12 22 356 2 8.2 1.2 0.5 7 -999.9 -999.9 365
sta2 2009 12 23 357 2.1 6.2 2.5 0.4 0.2 -999.9 -999.9 365
sta2 2009 12 24 358 1.6 11.1 1.8 0.5 7.2 -999.9 -999.9 365
sta2 2009 12 25 359 3.5 7.6 3.1 1.2 0.4 -999.9 -999.9 365
sta2 2009 12 26 360 -3.7 5.3 4.2 0.4 0.2 -999.9 -999.9 365
sta2 2009 12 27 361 -2.3 7.2 2.4 0.4 1.8 -999.9 -999.9 365
sta2 2009 12 28 362 -0.7 7.6 3.3 0.3 7.8 -999.9 -999.9 365
sta2 2009 12 29 363 3 13.7 1.9 0.1 7 -999.9 -999.9 365
sta2 2009 12 30 364 7.2 12 2 0.6 10.8 -999.9 -999.9 365
sta2 2009 12 31 365 5.7 8.8 1.4 0.5 1.4 -999.9 -999.9 365
