sta2 2015 1 1 1 -4.4 1.7 2 0.1 0 -999.9 -999.9 365
sta2 2015 1 2 2 -2.7 6.8 0.4 0 0.8 -999.9 -999.9 365
sta2 2015 1 3 3 -0.7 12.7 1.6 0 6.8 -999.9 -999.9 365
sta2 2015 1 4 4 0.1 6.8 3.1 0.4 0.2 -999.9 -999.9 365
sta2 2015 1 5 5 -4.7 4.6 6.1 0.4 0 -999.9 -999.9 365
sta2 2015 1 6 6 -6.4 3.8 4.6 0.1 0.4 -999.9 -999.9 365
sta2 2015 1 7 7 0.7 8.1 1.4 0.3 0 -999.9 -999.9 365
sta2 2015 1 8 8 3.6 10.1 0.6 0.1 3 -999.9 -999.9 365
sta2 2015 1 9 9 5.4 14 2 0.4 1.2 -999.9 -999.9 365
sta2 2015 1 10 10 11.8 13.5 2.5 1.5 6.9 -999.9 -999.9 365
sta2 2015 1 11 11 4.4 8.3 5.9 1.2 0 -999.9 -999.9 365
sta2 2015 1 12 12 3.4 8.7 3.1 1.6 0 -999.9 -999.9 365
sta2 2015 1 13 13 3.5 13.5 4.2 1.8 4.2 -999.9 -999.9 365
sta2 2015 1 14 14 2 9.3 3.1 0.6 5.8 -999.9 -999.9 365
sta2 2015 1 15 15 2.5 11.6 1.7 1 6.2 -999.9 -999.9 365
sta2 2015 1 16 16 3.8 5.8 2.3 0.5 2.6 -999.9 -999.9 365
sta2 2015 1 17 17 -0.1 5.3 2 0.4 0 -999.9 -999.9 365
sta2 2015 1 18 18 -1.7 6 6.6 0.8 0.2 -999.9 -999.9 365
sta2 2015 1 19 19 -4.9 1.2 3.4 0.1 0.4 -999.9 -999.9 365
sta2 2015 1 20 20 0.2 1.4 1.9 0.4 0 -999.9 -999.9 365
sta2 2015 1 21 21 -2.2 5.5 5.8 0.5 0 -999.9 -999.9 365
sta2 2015 1 22 22 1.9 3.2 1.7 0.7 0 -999.9 -999.9 365
sta2 2015 1 23 23 0.5 4.1 3.4 0.8 0 -999.9 -999.9 365
sta2 2015 1 24 24 -0.9 4.8 1.9 0.6 1.6 -999.9 -999.9 365
sta2 2015 1 25 25 -2.5 5.1 3.6 0.3 0.6 -999.9 -999.9 365
sta2 2015 1 26 26 2.4 7.8 1.1 0.3 5 -999.9 -999.9 365
sta2 2015 1 27 27 -0.7 6.8 4.6 0.4 0 -999.9 -999.9 365
sta2 2015 1 28 28 2.8 8.1 2.6 0.7 3.8 -999.9 -999.9 365
sta2 2015 1 29 29 3.6 5.9 2.1 0.9 5 -999.9 -999.9 365
sta2 2015 1 30 30 0.9 3.9 2.6 0.7 4 -999.9 -999.9 365
sta2 2015 1 31 31 -0.4 6.7 4.3 0.7 2.4 -999.9 -999.9 365
sta2 2015 2 1 32 1.5 4.6 3.2 0.7 1.4 -999.9 -999.9 365
sta2 2015 2 2 33 -1.6 4.4 3.7 0.5 4 -999.9 -999.9 365
sta2 2015 2 3 34 -2.4 3.1 4.4 0.3 0 -999.9 -999.9 365
sta2 2015 2 4 35 -1.8 3 5.7 0.8 0 -999.9 -999.9 365
sta2 2015 2 5 36 -2.6 1.5 8.7 0.8 0 -999.9 -999.9 365
sta2 2015 2 6 37 -2.1 2.6 8.4 1.4 0 -999.9 -999.9 365
sta2 2015 2 7 38 -3.2 4.6 9.5 1.4 0 -999.9 -999.9 365
sta2 2015 2 8 39 -0.8 5.7 3.8 1 0 -999.9 -999.9 365
sta2 2015 2 9 40 -3.2 6.2 5.4 0.3 0 -999.9 -999.9 365
sta2 2015 2 10 41 1.5 7.2 4.5 1 0 -999.9 -999.9 365
sta2 2015 2 11 42 -3.4 9.5 10 0.7 0 -999.9 -999.9 365
sta2 2015 2 12 43 -5.6 12.1 10.1 0.7 0 -999.9 -999.9 365
sta2 2015 2 13 44 -2.5 13.4 9.1 1.1 1.2 -999.9 -999.9 365
sta2 2015 2 14 45 5.8 8.8 4.2 1 3.4 -999.9 -999.9 365
sta2 2015 2 15 46 2.7 9.1 3.8 0.8 0 -999.9 -999.9 365
sta2 2015 2 16 47 -2.2 4.8 3.3 0.2 0 -999.9 -999.9 365
sta2 2015 2 17 48 1.3 6.2 1.7 0.1 0 -999.9 -999.9 365
sta2 2015 2 18 49 3.2 8.3 8.2 1.2 0 -999.9 -999.9 365
sta2 2015 2 19 50 -4.5 9.5 8.3 0.7 0 -999.9 -999.9 365
sta2 2015 2 20 51 0.6 12.1 5.4 1.6 4.6 -999.9 -999.9 365
sta2 2015 2 21 52 2.7 7.7 7 1 2 -999.9 -999.9 365
sta2 2015 2 22 53 -1.2 7.6 8.4 0.8 3.6 -999.9 -999.9 365
sta2 2015 2 23 54 1.1 12 5.7 1.4 3.6 -999.9 -999.9 365
sta2 2015 2 24 55 0.5 9.1 8 1.2 0 -999.9 -999.9 365
sta2 2015 2 25 56 0.7 8.9 6.5 0.7 0 -999.9 -999.9 365
sta2 2015 2 26 57 5.8 10.2 3 0.5 5.4 -999.9 -999.9 365
sta2 2015 2 27 58 1.6 8.9 7.8 1.6 0 -999.9 -999.9 365
sta2 2015 2 28 59 -4.2 9.8 11.8 1.2 1.2 -999.9 -999.9 365
sta2 2015 3 1 60 6.2 12.6 4.7 1.1 3.6 -999.9 -999.9 365
sta2 2015 3 2 61 3.1 11.4 10 1.9 0.8 -999.9 -999.9 365
sta2 2015 3 3 62 0.4 12.7 12.4 1.7 1 -999.9 -999.9 365
sta2 2015 3 4 63 1.7 9.3 11.7 1.5 0.2 -999.9 -999.9 365
sta2 2015 3 5 64 -2.9 9.8 12.4 1.2 0.2 -999.9 -999.9 365
sta2 2015 3 6 65 -4.4 11.9 14.3 0.9 0 -999.9 -999.9 365
sta2 2015 3 7 66 -4.9 15.9 11.7 1.4 0.2 -999.9 -999.9 365
sta2 2015 3 8 67 -3 17.8 12.7 1.4 0.2 -999.9 -999.9 365
sta2 2015 3 9 68 0.7 12.9 9.6 1.1 0.2 -999.9 -999.9 365
sta2 2015 3 10 69 -0.5 12.5 5.1 0.4 0 -999.9 -999.9 365
sta2 2015 3 11 70 4.8 13.5 13.8 2.1 0 -999.9 -999.9 365
sta2 2015 3 12 71 -3.6 15 16.7 2.2 0 -999.9 -999.9 365
sta2 2015 3 13 72 -4 10.7 13.3 1.1 0 -999.9 -999.9 365
sta2 2015 3 14 73 -3 11.8 13.6 1.6 0 -999.9 -999.9 365
sta2 2015 3 15 74 0.6 10.3 10.9 1.6 0 -999.9 -999.9 365
sta2 2015 3 16 75 -2.2 15.2 14.5 1.7 0 -999.9 -999.9 365
sta2 2015 3 17 76 -2.6 18.1 16.2 1.7 0.2 -999.9 -999.9 365
sta2 2015 3 18 77 2 19.1 14.2 2.2 0 -999.9 -999.9 365
sta2 2015 3 19 78 4.2 8 3.1 0.8 0 -999.9 -999.9 365
sta2 2015 3 20 79 2 15.4 12.9 1.9 0 -999.9 -999.9 365
sta2 2015 3 21 80 0.7 10.2 6.3 1.2 0.2 -999.9 -999.9 365
sta2 2015 3 22 81 -0.1 11.9 11 1.9 0 -999.9 -999.9 365
sta2 2015 3 23 82 -3.4 14.8 17.6 1.6 0 -999.9 -999.9 365
sta2 2015 3 24 83 0.2 11.9 8 1.1 15.7 -999.9 -999.9 365
sta2 2015 3 25 84 4.1 7.9 4.4 1.1 0 -999.9 -999.9 365
sta2 2015 3 26 85 -1.9 9.6 8.9 0.7 0.2 -999.9 -999.9 365
sta2 2015 3 27 86 2.5 12.6 17.2 2.1 0.2 -999.9 -999.9 365
sta2 2015 3 28 87 2.5 14.2 5.8 0.7 1 -999.9 -999.9 365
sta2 2015 3 29 88 9.3 13.5 4.6 1.5 11.9 -999.9 -999.9 365
sta2 2015 3 30 89 9.2 14 12.7 2.9 0.2 -999.9 -999.9 365
sta2 2015 3 31 90 10 14.3 10.9 3.5 1.4 -999.9 -999.9 365
sta2 2015 4 1 91 4.5 12.2 14.1 3 0.2 -999.9 -999.9 365
sta2 2015 4 2 92 6.2 11.5 6.2 1.7 2.4 -999.9 -999.9 365
sta2 2015 4 3 93 6.2 11 3.1 0.6 2.8 -999.9 -999.9 365
sta2 2015 4 4 94 6.9 10.1 5.2 1.4 1.6 -999.9 -999.9 365
sta2 2015 4 5 95 0.2 11.8 18.5 2.5 0 -999.9 -999.9 365
sta2 2015 4 6 96 -1.6 13.1 19.3 2.2 0 -999.9 -999.9 365
sta2 2015 4 7 97 -1.9 15.1 21.1 2.4 0 -999.9 -999.9 365
sta2 2015 4 8 98 -1.8 17 20.5 2.2 0.2 -999.9 -999.9 365
sta2 2015 4 9 99 -1.9 22.5 21.2 2.5 0 -999.9 -999.9 365
sta2 2015 4 10 100 1.4 21.9 20.3 3.3 0.2 -999.9 -999.9 365
sta2 2015 4 11 101 9.7 16.1 7.9 2 0.2 -999.9 -999.9 365
sta2 2015 4 12 102 8 20.5 20.6 2.9 0 -999.9 -999.9 365
sta2 2015 4 13 103 2.9 20.8 21.9 2.4 0.2 -999.9 -999.9 365
sta2 2015 4 14 104 4.6 25.4 22.6 3.4 0 -999.9 -999.9 365
sta2 2015 4 15 105 3.8 26.9 21.9 3.4 0 -999.9 -999.9 365
sta2 2015 4 16 106 6.1 20.9 12.6 3.5 0 -999.9 -999.9 365
sta2 2015 4 17 107 9.7 17 5.4 1.3 1.4 -999.9 -999.9 365
sta2 2015 4 18 108 5.7 16.4 24.1 4.1 0 -999.9 -999.9 365
sta2 2015 4 19 109 0.2 19.1 24.8 3.7 0 -999.9 -999.9 365
sta2 2015 4 20 110 1.8 21.2 23.9 3.5 0 -999.9 -999.9 365
sta2 2015 4 21 111 3.9 23.4 24.6 4 0 -999.9 -999.9 365
sta2 2015 4 22 112 4.3 22.7 24.8 4.1 0 -999.9 -999.9 365
sta2 2015 4 23 113 2.7 20.6 25.5 3.5 0 -999.9 -999.9 365
sta2 2015 4 24 114 0.5 22.5 22.8 2.4 1 -999.9 -999.9 365
sta2 2015 4 25 115 12.1 18.5 9.9 1.9 6.7 -999.9 -999.9 365
sta2 2015 4 26 116 8.2 20.8 12 1.8 14.6 -999.9 -999.9 365
sta2 2015 4 27 117 9.4 12 3.9 1 11.5 -999.9 -999.9 365
sta2 2015 4 28 118 2.2 14.7 18.3 2.4 0 -999.9 -999.9 365
sta2 2015 4 29 119 0.6 15.8 20.2 2.4 0 -999.9 -999.9 365
sta2 2015 4 30 120 4.9 12.9 9.8 1.1 14.5 -999.9 -999.9 365
sta2 2015 5 1 121 9.2 11.5 4.9 0.6 5.4 -999.9 -999.9 365
sta2 2015 5 2 122 9.2 16 7.7 1.2 9.1 -999.9 -999.9 365
sta2 2015 5 3 123 12.1 19.9 8.6 1.6 5.9 -999.9 -999.9 365
sta2 2015 5 4 124 8.4 23.1 18.2 2.5 1.2 -999.9 -999.9 365
sta2 2015 5 5 125 14.5 20.3 19.2 4.7 0.2 -999.9 -999.9 365
sta2 2015 5 6 126 4.1 18.1 21.3 2.8 3.6 -999.9 -999.9 365
sta2 2015 5 7 127 6.9 17.9 19.9 3.2 0 -999.9 -999.9 365
sta2 2015 5 8 128 4.6 18.6 12.3 1.3 0.2 -999.9 -999.9 365
sta2 2015 5 9 129 11.6 20.9 24.1 4.5 0 -999.9 -999.9 365
sta2 2015 5 10 130 7.8 24.4 26.3 3.8 0 -999.9 -999.9 365
sta2 2015 5 11 131 7.6 27.7 23.6 3.8 0.2 -999.9 -999.9 365
sta2 2015 5 12 132 12.9 25.8 21.8 4.2 0 -999.9 -999.9 365
sta2 2015 5 13 133 6.6 23.7 24.2 3.3 0.4 -999.9 -999.9 365
sta2 2015 5 14 134 11.4 20 9.7 2.5 4 -999.9 -999.9 365
sta2 2015 5 15 135 9 14.7 9.9 1.9 0.2 -999.9 -999.9 365
sta2 2015 5 16 136 4.1 17.6 16.8 1.8 0.2 -999.9 -999.9 365
sta2 2015 5 17 137 5.8 19 29 3.6 0.2 -999.9 -999.9 365
sta2 2015 5 18 138 4.1 22 28.6 3.6 0 -999.9 -999.9 365
sta2 2015 5 19 139 6.3 17.2 26.5 3.9 0.6 -999.9 -999.9 365
sta2 2015 5 20 140 6.4 15.5 21.4 3.2 1.2 -999.9 -999.9 365
sta2 2015 5 21 141 2.4 18.2 26 3.2 0.2 -999.9 -999.9 365
sta2 2015 5 22 142 4.7 20.1 26.5 3.8 0 -999.9 -999.9 365
sta2 2015 5 23 143 6.6 21.9 21.5 3.5 0 -999.9 -999.9 365
sta2 2015 5 24 144 11.8 22 25.4 4.4 0.4 -999.9 -999.9 365
sta2 2015 5 25 145 7.5 20.7 14.6 2.7 0.8 -999.9 -999.9 365
sta2 2015 5 26 146 5 17.7 20 3.1 0 -999.9 -999.9 365
sta2 2015 5 27 147 4.3 20.3 23.7 3.1 0.2 -999.9 -999.9 365
sta2 2015 5 28 148 6.5 22.6 21.3 3.6 0 -999.9 -999.9 365
sta2 2015 5 29 149 11.6 20.1 17.9 3.8 0.2 -999.9 -999.9 365
sta2 2015 5 30 150 11.2 20.3 21.8 4.4 0 -999.9 -999.9 365
sta2 2015 5 31 151 7.3 21.3 14.2 2.2 2.2 -999.9 -999.9 365
sta2 2015 6 1 152 9.6 18.1 17.6 3.3 0 -999.9 -999.9 365
sta2 2015 6 2 153 8.5 26.4 23.7 5.2 0 -999.9 -999.9 365
sta2 2015 6 3 154 11 22.2 18.1 3.5 0.2 -999.9 -999.9 365
sta2 2015 6 4 155 7.6 27.6 29.9 4.3 0 -999.9 -999.9 365
sta2 2015 6 5 156 13.5 33.1 29 5.7 0 -999.9 -999.9 365
sta2 2015 6 6 157 12.8 23.8 28.5 5.1 0 -999.9 -999.9 365
sta2 2015 6 7 158 8.3 23.9 29.2 5.5 0 -999.9 -999.9 365
sta2 2015 6 8 159 9.9 23.2 29.4 5.6 0 -999.9 -999.9 365
sta2 2015 6 9 160 10.7 20.9 23.9 5 0 -999.9 -999.9 365
sta2 2015 6 10 161 11.3 24.3 28.6 5.3 0 -999.9 -999.9 365
sta2 2015 6 11 162 12.1 30.1 28.4 5.3 0 -999.9 -999.9 365
sta2 2015 6 12 163 14.9 29.3 22.2 5.7 4.4 -999.9 -999.9 365
sta2 2015 6 13 164 15.7 25.8 25.3 5.1 0 -999.9 -999.9 365
sta2 2015 6 14 165 12.7 26.5 24.2 5.1 0 -999.9 -999.9 365
sta2 2015 6 15 166 14.9 23.6 13.2 4 0 -999.9 -999.9 365
sta2 2015 6 16 167 12.9 22.7 19.4 5.4 0 -999.9 -999.9 365
sta2 2015 6 17 168 6.3 24.2 30.4 4.7 0 -999.9 -999.9 365
sta2 2015 6 18 169 14 21.4 10.5 2.6 0.2 -999.9 -999.9 365
sta2 2015 6 19 170 6 22.8 23.6 3.8 0.2 -999.9 -999.9 365
sta2 2015 6 20 171 7.8 22.9 20.7 3.7 0 -999.9 -999.9 365
sta2 2015 6 21 172 14.5 24.7 17.9 4.7 0 -999.9 -999.9 365
sta2 2015 6 22 173 9 22.4 11.7 3.3 6 -999.9 -999.9 365
sta2 2015 6 23 174 8.1 19.3 17 2.9 0 -999.9 -999.9 365
sta2 2015 6 24 175 5.4 24.1 29.9 4.1 0 -999.9 -999.9 365
sta2 2015 6 25 176 10.4 27.6 27.8 5.1 0 -999.9 -999.9 365
sta2 2015 6 26 177 10.7 31.4 25.6 5.6 0 -999.9 -999.9 365
sta2 2015 6 27 178 15.3 26.2 24.6 6.2 0 -999.9 -999.9 365
sta2 2015 6 28 179 8.1 29.9 29.5 5.1 0 -999.9 -999.9 365
sta2 2015 6 29 180 14.5 28.7 28.3 6.3 0 -999.9 -999.9 365
sta2 2015 6 30 181 10 33.7 29.9 6 0 -999.9 -999.9 365
sta2 2015 7 1 182 14.6 38.7 28.4 7.7 0 -999.9 -999.9 365
sta2 2015 7 2 183 18.7 36.6 24 7.7 0 -999.9 -999.9 365
sta2 2015 7 3 184 18.1 37.5 25 7.5 0 -999.9 -999.9 365
sta2 2015 7 4 185 19.9 36 17.5 6.4 0 -999.9 -999.9 365
sta2 2015 7 5 186 18.6 34 21.9 7.2 0 -999.9 -999.9 365
sta2 2015 7 6 187 10 32.3 29.6 5.8 0 -999.9 -999.9 365
sta2 2015 7 7 188 16.2 31.4 16.6 6.2 0.2 -999.9 -999.9 365
sta2 2015 7 8 189 15.7 23.3 16.2 6.3 0 -999.9 -999.9 365
sta2 2015 7 9 190 11.5 23.5 23.8 5.1 0 -999.9 -999.9 365
sta2 2015 7 10 191 5.5 30 30.1 5.9 0 -999.9 -999.9 365
sta2 2015 7 11 192 10.1 31.2 28.8 6.9 0 -999.9 -999.9 365
sta2 2015 7 12 193 10.6 27.8 21 4.7 0 -999.9 -999.9 365
sta2 2015 7 13 194 17.2 27.6 19.2 6.2 0 -999.9 -999.9 365
sta2 2015 7 14 195 15.9 27.2 20.6 5.2 0 -999.9 -999.9 365
sta2 2015 7 15 196 12.8 31 26.6 5.2 0 -999.9 -999.9 365
sta2 2015 7 16 197 13.6 37.2 26.6 7.2 0 -999.9 -999.9 365
sta2 2015 7 17 198 22.5 32.7 26.3 8.6 0 -999.9 -999.9 365
sta2 2015 7 18 199 18.2 30.1 15.9 5 0.4 -999.9 -999.9 365
sta2 2015 7 19 200 18.6 27.4 14.8 4.8 0 -999.9 -999.9 365
sta2 2015 7 20 201 20.9 28.7 14.7 5.6 0 -999.9 -999.9 365
sta2 2015 7 21 202 16.9 32.9 27.3 6.5 0 -999.9 -999.9 365
sta2 2015 7 22 203 17.4 29.4 19.4 5.9 0 -999.9 -999.9 365
sta2 2015 7 23 204 15.9 26.9 20.8 5.6 0 -999.9 -999.9 365
sta2 2015 7 24 205 11.5 29.2 13.6 4.1 1 -999.9 -999.9 365
sta2 2015 7 25 206 15.3 23.4 18 6.6 0 -999.9 -999.9 365
sta2 2015 7 26 207 4.9 22.7 11.2 2.6 1 -999.9 -999.9 365
sta2 2015 7 27 208 14.3 25.2 14.8 5.8 0 -999.9 -999.9 365
sta2 2015 7 28 209 15.2 22.8 16.4 5.9 2.8 -999.9 -999.9 365
sta2 2015 7 29 210 11.3 22.8 21.3 5 0 -999.9 -999.9 365
sta2 2015 7 30 211 9 23.1 23.6 4.8 0 -999.9 -999.9 365
sta2 2015 7 31 212 6.4 24.5 26.2 4.6 0 -999.9 -999.9 365
sta2 2015 8 1 213 9.7 28.2 25.1 5.9 0 -999.9 -999.9 365
sta2 2015 8 2 214 11.2 31.3 26.9 6.1 0 -999.9 -999.9 365
sta2 2015 8 3 215 13 35.2 26.9 7 1.8 -999.9 -999.9 365
sta2 2015 8 4 216 18.2 25.9 15.3 5.3 1 -999.9 -999.9 365
sta2 2015 8 5 217 9.4 32.6 25.8 5.2 0 -999.9 -999.9 365
sta2 2015 8 6 218 16.6 32.3 22.6 6.4 0 -999.9 -999.9 365
sta2 2015 8 7 219 16.8 34.2 24.3 7 0 -999.9 -999.9 365
sta2 2015 8 8 220 16.1 28.2 11.6 4.7 10.7 -999.9 -999.9 365
sta2 2015 8 9 221 17.4 23.4 6.5 3.3 0.8 -999.9 -999.9 365
sta2 2015 8 10 222 14.1 28.9 20.7 5.2 0 -999.9 -999.9 365
sta2 2015 8 11 223 13.6 30.9 24.5 5.2 0 -999.9 -999.9 365
sta2 2015 8 12 224 18.2 34.2 22.1 5.9 0 -999.9 -999.9 365
sta2 2015 8 13 225 18.6 32.2 14.3 4.7 0.6 -999.9 -999.9 365
sta2 2015 8 14 226 16.3 27.5 13.7 4.7 2.8 -999.9 -999.9 365
sta2 2015 8 15 227 15.5 21.4 9.4 3.6 2.4 -999.9 -999.9 365
sta2 2015 8 16 228 13.6 21.9 13.6 3.6 0 -999.9 -999.9 365
sta2 2015 8 17 229 12.6 22.9 15.9 4.7 0 -999.9 -999.9 365
sta2 2015 8 18 230 8.2 22 18.8 3.1 0 -999.9 -999.9 365
sta2 2015 8 19 231 7 26.6 22.5 4.1 0 -999.9 -999.9 365
sta2 2015 8 20 232 14.6 24.1 12.8 3.4 0.4 -999.9 -999.9 365
sta2 2015 8 21 233 10.2 30 23.3 4.1 0 -999.9 -999.9 365
sta2 2015 8 22 234 12.8 31 23.6 5.5 0 -999.9 -999.9 365
sta2 2015 8 23 235 12.4 24.9 8.8 2.6 6.7 -999.9 -999.9 365
sta2 2015 8 24 236 14.5 23.7 12.2 4.8 2.8 -999.9 -999.9 365
sta2 2015 8 25 237 10.3 23.7 18.9 4.3 0 -999.9 -999.9 365
sta2 2015 8 26 238 12.9 31.3 20.6 6.1 0 -999.9 -999.9 365
sta2 2015 8 27 239 15.2 20.7 11 2.1 5.2 -999.9 -999.9 365
sta2 2015 8 28 240 14.9 21.1 7.8 1.7 3.4 -999.9 -999.9 365
sta2 2015 8 29 241 14.1 32.8 21.9 4.1 0 -999.9 -999.9 365
sta2 2015 8 30 242 18 36 21.6 6.8 0 -999.9 -999.9 365
sta2 2015 8 31 243 16.3 32.5 16.2 6.2 39.5 -999.9 -999.9 365
sta2 2015 9 1 244 16 21.8 9.8 2.5 12.7 -999.9 -999.9 365
sta2 2015 9 2 245 9.7 21.4 14 2.9 0 -999.9 -999.9 365
sta2 2015 9 3 246 8.1 20.6 20.1 3.1 0 -999.9 -999.9 365
sta2 2015 9 4 247 10.7 19 11 2.9 0 -999.9 -999.9 365
sta2 2015 9 5 248 11.8 18.8 11.1 2.9 0 -999.9 -999.9 365
sta2 2015 9 6 249 7.6 17.8 15.1 2.7 0 -999.9 -999.9 365
sta2 2015 9 7 250 5.7 19.2 15.6 2.2 0.2 -999.9 -999.9 365
sta2 2015 9 8 251 8.4 21.5 16.9 2.9 0.2 -999.9 -999.9 365
sta2 2015 9 9 252 7.5 23.4 20.5 3.4 0 -999.9 -999.9 365
sta2 2015 9 10 253 7.3 22.6 20.5 3.7 0 -999.9 -999.9 365
sta2 2015 9 11 254 4 24.4 19.1 2.7 0 -999.9 -999.9 365
sta2 2015 9 12 255 14 21 5.9 2.3 1.8 -999.9 -999.9 365
sta2 2015 9 13 256 14 25 10.8 3.3 6.3 -999.9 -999.9 365
sta2 2015 9 14 257 14.1 20.4 13.7 3.9 0.8 -999.9 -999.9 365
sta2 2015 9 15 258 11.8 19.2 13.6 3 7.2 -999.9 -999.9 365
sta2 2015 9 16 259 13.9 22.8 6.6 2.3 13.1 -999.9 -999.9 365
sta2 2015 9 17 260 14.4 19.6 9 3 0.4 -999.9 -999.9 365
sta2 2015 9 18 261 9.5 20.2 14.1 2.4 6.7 -999.9 -999.9 365
sta2 2015 9 19 262 11.5 18 9.3 1.8 0.2 -999.9 -999.9 365
sta2 2015 9 20 263 8.4 17.9 10.8 1.9 0 -999.9 -999.9 365
sta2 2015 9 21 264 3 19.2 13.5 1.5 0 -999.9 -999.9 365
sta2 2015 9 22 265 12.7 16.6 9 2.4 5.4 -999.9 -999.9 365
sta2 2015 9 23 266 10 18.3 9.9 2.7 0 -999.9 -999.9 365
sta2 2015 9 24 267 7.5 19.7 14.5 2.1 0.8 -999.9 -999.9 365
sta2 2015 9 25 268 12.9 19 10.7 2.3 0 -999.9 -999.9 365
sta2 2015 9 26 269 7.1 19.8 15.3 2.1 0 -999.9 -999.9 365
sta2 2015 9 27 270 7.8 20.1 16.4 2.9 0 -999.9 -999.9 365
sta2 2015 9 28 271 8.8 19.2 16.6 3.5 0 -999.9 -999.9 365
sta2 2015 9 29 272 6 19.9 16.5 3.1 0 -999.9 -999.9 365
sta2 2015 9 30 273 6.7 19.1 16 2.9 0 -999.9 -999.9 365
sta2 2015 10 1 274 3.5 17.1 14.8 2.3 0 -999.9 -999.9 365
sta2 2015 10 2 275 1.1 19.9 14.8 1.6 0 -999.9 -999.9 365
sta2 2015 10 3 276 5.8 22.3 13.8 1.9 2.2 -999.9 -999.9 365
sta2 2015 10 4 277 12.6 15.1 5.8 1.3 0.4 -999.9 -999.9 365
sta2 2015 10 5 278 11.6 19.2 4.7 0.8 13.7 -999.9 -999.9 365
sta2 2015 10 6 279 15.3 21.7 6.6 2 10.2 -999.9 -999.9 365
sta2 2015 10 7 280 12.6 17 8.8 2.4 0 -999.9 -999.9 365
sta2 2015 10 8 281 10.6 16.4 6.3 1.6 0 -999.9 -999.9 365
sta2 2015 10 9 282 10 16.9 8.4 1.6 0.2 -999.9 -999.9 365
sta2 2015 10 10 283 5.7 16 4.9 0.9 0.2 -999.9 -999.9 365
sta2 2015 10 11 284 4.8 15.7 9.2 1.1 0.2 -999.9 -999.9 365
sta2 2015 10 12 285 3.6 13.7 9.9 1.2 0.2 -999.9 -999.9 365
sta2 2015 10 13 286 3.4 11.8 7 1.2 0 -999.9 -999.9 365
sta2 2015 10 14 287 3.6 7.9 4.1 0.9 7.1 -999.9 -999.9 365
sta2 2015 10 15 288 4.1 8.2 3.9 0.8 1 -999.9 -999.9 365
sta2 2015 10 16 289 2.9 7.7 3.3 0.4 1.2 -999.9 -999.9 365
sta2 2015 10 17 290 5.5 8.9 2 0.2 3 -999.9 -999.9 365
sta2 2015 10 18 291 5.8 12 4.3 0.7 0 -999.9 -999.9 365
sta2 2015 10 19 292 -0.2 10.6 5 0.4 0.2 -999.9 -999.9 365
sta2 2015 10 20 293 3.5 13.8 7.4 0.7 0.2 -999.9 -999.9 365
sta2 2015 10 21 294 5 14.6 9.9 0.8 0.2 -999.9 -999.9 365
sta2 2015 10 22 295 9.5 14.2 4.2 0.7 1.4 -999.9 -999.9 365
sta2 2015 10 23 296 10.7 14.5 4.7 0.9 0 -999.9 -999.9 365
sta2 2015 10 24 297 5.8 17.2 7.5 0.8 0 -999.9 -999.9 365
sta2 2015 10 25 298 11.7 16.2 7.3 1.6 0.2 -999.9 -999.9 365
sta2 2015 10 26 299 5.5 18.4 10.3 0.8 0.2 -999.9 -999.9 365
sta2 2015 10 27 300 6.4 21.5 7.4 1.6 0.8 -999.9 -999.9 365
sta2 2015 10 28 301 10.5 15.8 3.5 0.9 1.2 -999.9 -999.9 365
sta2 2015 10 29 302 6.6 14.9 5.2 1.1 0.2 -999.9 -999.9 365
sta2 2015 10 30 303 2 17.1 7.6 0.5 0.4 -999.9 -999.9 365
sta2 2015 10 31 304 2.2 20.3 9.7 0.9 0.2 -999.9 -999.9 365
sta2 2015 11 1 305 1.6 18.3 9.5 0.5 0.2 -999.9 -999.9 365
sta2 2015 11 2 306 3 17.2 6.5 0.7 0.2 -999.9 -999.9 365
sta2 2015 11 3 307 4.2 15.5 3.6 0.5 0.6 -999.9 -999.9 365
sta2 2015 11 4 308 11.7 18.8 6 1.8 0 -999.9 -999.9 365
sta2 2015 11 5 309 8.1 19.7 7.4 0.9 0.2 -999.9 -999.9 365
sta2 2015 11 6 310 13.2 18.9 2.9 0.8 0.4 -999.9 -999.9 365
sta2 2015 11 7 311 12.4 22.6 8 1.1 0.2 -999.9 -999.9 365
sta2 2015 11 8 312 8 22.8 7.5 1 0 -999.9 -999.9 365
sta2 2015 11 9 313 8.4 18.8 7.3 1 0.2 -999.9 -999.9 365
sta2 2015 11 10 314 5.8 14.2 6.8 0.7 0.2 -999.9 -999.9 365
sta2 2015 11 11 315 4.1 13.6 2.1 0.1 0 -999.9 -999.9 365
sta2 2015 11 12 316 8 17.5 6.9 1 0.2 -999.9 -999.9 365
sta2 2015 11 13 317 4.1 14.9 2.8 0.1 0 -999.9 -999.9 365
sta2 2015 11 14 318 5.8 12.3 5.5 1.1 0 -999.9 -999.9 365
sta2 2015 11 15 319 9.8 16.1 6.4 1.8 0.2 -999.9 -999.9 365
sta2 2015 11 16 320 1.5 13.6 1.5 0 0.2 -999.9 -999.9 365
sta2 2015 11 17 321 12.5 16.2 1.4 1.1 0.6 -999.9 -999.9 365
sta2 2015 11 18 322 10.5 15.8 5.7 1.3 0.2 -999.9 -999.9 365
sta2 2015 11 19 323 12.3 16.3 2.1 1.3 4.4 -999.9 -999.9 365
sta2 2015 11 20 324 8.1 13.8 0.8 0.6 50.9 -999.9 -999.9 365
sta2 2015 11 21 325 3.5 7.1 3.1 0.7 0.6 -999.9 -999.9 365
sta2 2015 11 22 326 0 6.1 3.4 0.5 0 -999.9 -999.9 365
sta2 2015 11 23 327 -1.8 2.8 3.6 0.1 0 -999.9 -999.9 365
sta2 2015 11 24 328 -1.5 7.7 2.3 0.8 13.9 -999.9 -999.9 365
sta2 2015 11 25 329 2.6 9.8 3.6 0.3 2 -999.9 -999.9 365
sta2 2015 11 26 330 1.1 7.3 3.7 0.5 0 -999.9 -999.9 365
sta2 2015 11 27 331 -1.9 6.5 2.2 0.3 0.4 -999.9 -999.9 365
sta2 2015 11 28 332 1.4 8.8 6.2 0.6 0.6 -999.9 -999.9 365
sta2 2015 11 29 333 4.6 13.4 2.7 1 0 -999.9 -999.9 365
sta2 2015 11 30 334 10.6 12.9 2.4 1.9 0.2 -999.9 -999.9 365
sta2 2015 12 1 335 10.7 13.5 2.8 1.8 0 -999.9 -999.9 365
sta2 2015 12 2 336 7.8 13.3 4.2 1.2 0 -999.9 -999.9 365
sta2 2015 12 3 337 -1.6 9.8 5.2 0.4 0.8 -999.9 -999.9 365
sta2 2015 12 4 338 3.1 11 1.6 0.6 0 -999.9 -999.9 365
sta2 2015 12 5 339 -2.3 9.3 5.9 0.2 0.4 -999.9 -999.9 365
sta2 2015 12 6 340 0.4 11.2 1.8 0.1 0.4 -999.9 -999.9 365
sta2 2015 12 7 341 5.5 15.5 4.8 1 0.2 -999.9 -999.9 365
sta2 2015 12 8 342 1.2 13.4 4.4 0.2 2.4 -999.9 -999.9 365
sta2 2015 12 9 343 4.8 8.5 4.3 0.4 0.2 -999.9 -999.9 365
sta2 2015 12 10 344 1.1 5 2.9 0.1 0.2 -999.9 -999.9 365
sta2 2015 12 11 345 -1.3 10.2 4.2 0 0 -999.9 -999.9 365
sta2 2015 12 12 346 6.8 10.6 1.4 0.3 0 -999.9 -999.9 365
sta2 2015 12 13 347 4.4 6.4 1.5 0.1 0 -999.9 -999.9 365
sta2 2015 12 14 348 -2 10.6 5.2 0.3 0.2 -999.9 -999.9 365
sta2 2015 12 15 349 2 12.3 1.9 0.1 7.1 -999.9 -999.9 365
sta2 2015 12 16 350 9.5 14.2 2.5 0.5 0 -999.9 -999.9 365
sta2 2015 12 17 351 11.5 17.7 4.3 1.4 0.4 -999.9 -999.9 365
sta2 2015 12 18 352 6.2 12.8 1 0 0 -999.9 -999.9 365
sta2 2015 12 19 353 6.6 15 4.8 0.9 0.2 -999.9 -999.9 365
sta2 2015 12 20 354 7.6 15.1 2.9 1.2 4.2 -999.9 -999.9 365
sta2 2015 12 21 355 8.5 13.6 4.3 1.3 0 -999.9 -999.9 365
sta2 2015 12 22 356 8.7 14.4 5.3 1.9 0.4 -999.9 -999.9 365
sta2 2015 12 23 357 7.2 13.3 3.5 0.7 0 -999.9 -999.9 365
sta2 2015 12 24 358 7.6 15.4 4.4 1.4 0 -999.9 -999.9 365
sta2 2015 12 25 359 9.2 16 4.6 1.9 0 -999.9 -999.9 365
sta2 2015 12 26 360 4.7 13.9 5 1 0.2 -999.9 -999.9 365
sta2 2015 12 27 361 2.4 14.1 5 1 0 -999.9 -999.9 365
sta2 2015 12 28 362 -0.6 13.9 4.7 0.6 0.2 -999.9 -999.9 365
sta2 2015 12 29 363 3.3 12.1 2.7 0.8 0.2 -999.9 -999.9 365
sta2 2015 12 30 364 -0.9 11.1 5.1 0.6 3.4 -999.9 -999.9 365
sta2 2015 12 31 365 2.6 12.5 5.3 0.6 0.2 -999.9 -999.9 365
