sta3 2013 1 1 1 2.4 7.7 1 0.3 7.1 -999.9 -999.9 365
sta3 2013 1 2 2 -1.4 6.9 2.9 0.4 0 -999.9 -999.9 365
sta3 2013 1 3 3 -1.6 5.7 1.8 0.1 0 -999.9 -999.9 365
sta3 2013 1 4 4 4.6 8.2 1.5 0.2 0.4 -999.9 -999.9 365
sta3 2013 1 5 5 6.1 7.8 1 0.3 0.2 -999.9 -999.9 365
sta3 2013 1 6 6 5.7 7.2 0.9 0.5 0 -999.9 -999.9 365
sta3 2013 1 7 7 3 6 1.7 0.3 0 -999.9 -999.9 365
sta3 2013 1 8 8 2.2 3 1.1 0.2 0 -999.9 -999.9 365
sta3 2013 1 9 9 0 1.1 1.2 0.2 2.4 -999.9 -999.9 365
sta3 2013 1 10 10 0.7 6.6 1 0.4 6.2 -999.9 -999.9 365
sta3 2013 1 11 11 3.1 6.1 2.8 0.6 0.2 -999.9 -999.9 365
sta3 2013 1 12 12 -1.2 2.6 1.8 0.1 0.6 -999.9 -999.9 365
sta3 2013 1 13 13 1.2 4.3 2.1 0.2 0 -999.9 -999.9 365
sta3 2013 1 14 14 -3.1 1.5 1.1 0.4 1 -999.9 -999.9 365
sta3 2013 1 15 15 -4.3 1.9 3.9 0.3 1.6 -999.9 -999.9 365
sta3 2013 1 16 16 -4.3 1.4 3.4 0.8 0 -999.9 -999.9 365
sta3 2013 1 17 17 -9.7 -2 3.1 0.6 0 -999.9 -999.9 365
sta3 2013 1 18 18 -7.6 -2.1 4.4 0.3 1 -999.9 -999.9 365
sta3 2013 1 19 19 -4.3 1 2.2 0.1 26 -999.9 -999.9 365
sta3 2013 1 20 20 -0.3 3.7 2.8 0.4 3 -999.9 -999.9 365
sta3 2013 1 21 21 -1.2 4.4 2.7 0.5 0.6 -999.9 -999.9 365
sta3 2013 1 22 22 1.3 6.5 4.5 1 0 -999.9 -999.9 365
sta3 2013 1 23 23 -2.5 5.8 5.2 0.5 0 -999.9 -999.9 365
sta3 2013 1 24 24 -0.6 2.5 2.8 0.9 0 -999.9 -999.9 365
sta3 2013 1 25 25 -4.8 -2.1 1.7 0.3 0 -999.9 -999.9 365
sta3 2013 1 26 26 -7 0.5 3.7 0.2 0 -999.9 -999.9 365
sta3 2013 1 27 27 -0.3 3.1 1.5 0.1 7.2 -999.9 -999.9 365
sta3 2013 1 28 28 -0.8 6.8 3.2 0.4 0 -999.9 -999.9 365
sta3 2013 1 29 29 2.6 7.9 1.4 0.3 3.2 -999.9 -999.9 365
sta3 2013 1 30 30 6.6 14.5 3.8 1.4 1.4 -999.9 -999.9 365
sta3 2013 1 31 31 0.3 11 4.9 0.1 3 -999.9 -999.9 365
sta3 2013 2 1 32 5.3 10.7 1.6 0.5 15.4 -999.9 -999.9 365
sta3 2013 2 2 33 3.2 6.4 5 1.5 0.4 -999.9 -999.9 365
sta3 2013 2 3 34 0.8 4.6 5.2 1.3 1 -999.9 -999.9 365
sta3 2013 2 4 35 1 7.3 2.1 0.2 2 -999.9 -999.9 365
sta3 2013 2 5 36 0.8 9.1 4.3 0.8 9.1 -999.9 -999.9 365
sta3 2013 2 6 37 0.3 5.4 5.2 1 2.4 -999.9 -999.9 365
sta3 2013 2 7 38 -1.1 3.7 4.7 0.7 2.2 -999.9 -999.9 365
sta3 2013 2 8 39 -4.3 3.2 8.5 0.4 0.2 -999.9 -999.9 365
sta3 2013 2 9 40 -4.5 4.2 7.4 0.6 0 -999.9 -999.9 365
sta3 2013 2 10 41 -6.1 1.1 4.6 0.2 4 -999.9 -999.9 365
sta3 2013 2 11 42 -0.2 3.5 3.5 0.3 3.4 -999.9 -999.9 365
sta3 2013 2 12 43 -1.1 0.9 2.5 0.5 0.2 -999.9 -999.9 365
sta3 2013 2 13 44 -2.1 1 7 1.4 0 -999.9 -999.9 365
sta3 2013 2 14 45 -6.2 0.5 3.7 0.3 1.8 -999.9 -999.9 365
sta3 2013 2 15 46 -1 7.3 5 0.6 1 -999.9 -999.9 365
sta3 2013 2 16 47 -1.9 7.8 9.7 0.8 0 -999.9 -999.9 365
sta3 2013 2 17 48 -0.1 7.5 9.4 1.2 0 -999.9 -999.9 365
sta3 2013 2 18 49 -3.6 5.9 8.2 0.6 0 -999.9 -999.9 365
sta3 2013 2 19 50 -5.7 0.4 4.5 0.2 0 -999.9 -999.9 365
sta3 2013 2 20 51 -3.8 6.8 9.8 0.9 0 -999.9 -999.9 365
sta3 2013 2 21 52 -2.4 1.9 8.8 1.5 0 -999.9 -999.9 365
sta3 2013 2 22 53 -4.7 0.3 7.3 1.4 0 -999.9 -999.9 365
sta3 2013 2 23 54 -5.5 -1.2 5.8 1.1 0 -999.9 -999.9 365
sta3 2013 2 24 55 -4.4 -1.1 4.1 0.6 2 -999.9 -999.9 365
sta3 2013 2 25 56 -5.1 1.3 9.7 0.7 0 -999.9 -999.9 365
sta3 2013 2 26 57 -6.3 5.4 12.4 0.7 0 -999.9 -999.9 365
sta3 2013 2 27 58 -0.6 4.6 2 0.2 0 -999.9 -999.9 365
sta3 2013 2 28 59 0.6 5 5.5 0.8 0 -999.9 -999.9 365
sta3 2013 3 1 60 -1.5 3.4 6.1 0.8 0 -999.9 -999.9 365
sta3 2013 3 2 61 1.4 3.5 2.9 1.1 0 -999.9 -999.9 365
sta3 2013 3 3 62 0.6 7.4 6.7 1.6 0 -999.9 -999.9 365
sta3 2013 3 4 63 -3.2 14.3 14.2 1.3 0 -999.9 -999.9 365
sta3 2013 3 5 64 -1 10.7 6.2 1.2 0 -999.9 -999.9 365
sta3 2013 3 6 65 6.5 13.5 5.8 1.9 2.4 -999.9 -999.9 365
sta3 2013 3 7 66 5.4 16 8.1 1.4 0.4 -999.9 -999.9 365
sta3 2013 3 8 67 4.5 13.3 4.3 0.8 1.6 -999.9 -999.9 365
sta3 2013 3 9 68 3.7 15.4 10.1 1.4 1.6 -999.9 -999.9 365
sta3 2013 3 10 69 2.7 12.9 8.4 0.8 5 -999.9 -999.9 365
sta3 2013 3 11 70 6.4 14.2 11.7 1.9 1.2 -999.9 -999.9 365
sta3 2013 3 12 71 2.5 8.3 5.8 1.3 0.6 -999.9 -999.9 365
sta3 2013 3 13 72 -0.7 0.8 5 1.1 0 -999.9 -999.9 365
sta3 2013 3 14 73 -5.7 4.2 11.4 1.3 0 -999.9 -999.9 365
sta3 2013 3 15 74 -4.8 5.6 17.7 1.8 0 -999.9 -999.9 365
sta3 2013 3 16 75 -7 10 10.7 1.7 1.4 -999.9 -999.9 365
sta3 2013 3 17 76 4.7 9 2.9 1.2 13.6 -999.9 -999.9 365
sta3 2013 3 18 77 2.9 9.8 12.1 1.6 5 -999.9 -999.9 365
sta3 2013 3 19 78 1.6 10.7 13 2.2 0.6 -999.9 -999.9 365
sta3 2013 3 20 79 2.9 10.9 11 2 0.8 -999.9 -999.9 365
sta3 2013 3 21 80 -1.6 12.1 14.9 1.4 0 -999.9 -999.9 365
sta3 2013 3 22 81 3 14.4 15.1 2.5 0 -999.9 -999.9 365
sta3 2013 3 23 82 3.9 11.5 4 0.9 1.8 -999.9 -999.9 365
sta3 2013 3 24 83 4.2 7.9 5.6 1.7 0.4 -999.9 -999.9 365
sta3 2013 3 25 84 0.6 8 15.2 2.1 0 -999.9 -999.9 365
sta3 2013 3 26 85 -0.2 3.5 6.4 1.2 0 -999.9 -999.9 365
sta3 2013 3 27 86 1 5.5 7.6 1.8 0 -999.9 -999.9 365
sta3 2013 3 28 87 -1.7 5.8 5.9 1.1 0 -999.9 -999.9 365
sta3 2013 3 29 88 -3.6 5.1 5.8 0.7 1.6 -999.9 -999.9 365
sta3 2013 3 30 89 2.7 9.5 8.1 1.5 4.4 -999.9 -999.9 365
sta3 2013 3 31 90 -0.8 7.4 18.7 2.2 0 -999.9 -999.9 365
sta3 2013 4 1 91 -2.4 10.6 21 2.3 0 -999.9 -999.9 365
sta3 2013 4 2 92 -0.5 11.7 20 2.6 0 -999.9 -999.9 365
sta3 2013 4 3 93 0.5 12.7 18.2 2.8 0 -999.9 -999.9 365
sta3 2013 4 4 94 1.4 15.4 17.5 2.8 0 -999.9 -999.9 365
sta3 2013 4 5 95 4.9 10.8 7.8 2.4 0 -999.9 -999.9 365
sta3 2013 4 6 96 1 9.5 15.9 2.5 0 -999.9 -999.9 365
sta3 2013 4 7 97 3.4 9.5 13.5 2.9 0 -999.9 -999.9 365
sta3 2013 4 8 98 1 8.7 6.8 1 7.4 -999.9 -999.9 365
sta3 2013 4 9 99 2.1 13.6 10.1 1.6 5.8 -999.9 -999.9 365
sta3 2013 4 10 100 6.6 13.5 13.2 2.3 9.3 -999.9 -999.9 365
sta3 2013 4 11 101 9 13 4.9 0.9 8.5 -999.9 -999.9 365
sta3 2013 4 12 102 8 14 12.9 2.6 4.8 -999.9 -999.9 365
sta3 2013 4 13 103 5.1 17.2 19 2.8 0 -999.9 -999.9 365
sta3 2013 4 14 104 5.7 23.5 23.1 3.7 0 -999.9 -999.9 365
sta3 2013 4 15 105 7.3 21.9 16 3.2 0.2 -999.9 -999.9 365
sta3 2013 4 16 106 11 22.5 17.2 3.7 0 -999.9 -999.9 365
sta3 2013 4 17 107 8.1 24.5 23.5 4 0 -999.9 -999.9 365
sta3 2013 4 18 108 11.9 18.9 10.7 3.6 0 -999.9 -999.9 365
sta3 2013 4 19 109 8.9 14.7 12.3 4 0 -999.9 -999.9 365
sta3 2013 4 20 110 7 9.7 5.5 2.2 0 -999.9 -999.9 365
sta3 2013 4 21 111 8.1 12.2 8.9 2.4 0 -999.9 -999.9 365
sta3 2013 4 22 112 7.7 15.4 12.5 2.9 0 -999.9 -999.9 365
sta3 2013 4 23 113 3.1 18.7 22.7 2.9 0 -999.9 -999.9 365
sta3 2013 4 24 114 5.2 21.8 24.6 3.4 0 -999.9 -999.9 365
sta3 2013 4 25 115 5.8 24.7 25.2 3.8 0 -999.9 -999.9 365
sta3 2013 4 26 116 11.4 17.3 3.3 1.3 36.6 -999.9 -999.9 365
sta3 2013 4 27 117 4.7 5.8 3.6 0.6 23.4 -999.9 -999.9 365
sta3 2013 4 28 118 4.6 9.1 6 0.9 3.4 -999.9 -999.9 365
sta3 2013 4 29 119 6.3 12.8 11.4 1.9 4 -999.9 -999.9 365
sta3 2013 4 30 120 8.4 12.4 5.9 1 12 -999.9 -999.9 365
sta3 2013 5 1 121 9.9 16.8 13.4 2.4 0.4 -999.9 -999.9 365
sta3 2013 5 2 122 6.2 20.9 19 2.8 33.7 -999.9 -999.9 365
sta3 2013 5 3 123 11.2 12.6 3.7 1 20.8 -999.9 -999.9 365
sta3 2013 5 4 124 9.9 18.5 17.2 3 0 -999.9 -999.9 365
sta3 2013 5 5 125 8 21 27.3 4.4 0 -999.9 -999.9 365
sta3 2013 5 6 126 12.9 19.2 16.6 3.6 0 -999.9 -999.9 365
sta3 2013 5 7 127 7.4 21 20.1 3 0 -999.9 -999.9 365
sta3 2013 5 8 128 6.2 21.6 15.1 2.3 0.2 -999.9 -999.9 365
sta3 2013 5 9 129 11.7 19.4 14.8 3.2 7.3 -999.9 -999.9 365
sta3 2013 5 10 130 8.1 14.2 13 2.3 0 -999.9 -999.9 365
sta3 2013 5 11 131 9.6 16.8 12.6 2.7 2.6 -999.9 -999.9 365
sta3 2013 5 12 132 7.6 15 16.3 3.3 0.2 -999.9 -999.9 365
sta3 2013 5 13 133 5.9 16.3 11.2 2.1 0 -999.9 -999.9 365
sta3 2013 5 14 134 8.4 19.9 22.8 3.2 0.4 -999.9 -999.9 365
sta3 2013 5 15 135 9.6 14.2 6.3 1.4 23.2 -999.9 -999.9 365
sta3 2013 5 16 136 7.7 11.4 6.1 1.1 10.7 -999.9 -999.9 365
sta3 2013 5 17 137 8.5 13.7 10.9 1.8 0.2 -999.9 -999.9 365
sta3 2013 5 18 138 5.6 18.5 13.7 2.5 8.4 -999.9 -999.9 365
sta3 2013 5 19 139 8.4 15.4 13.4 2.4 4 -999.9 -999.9 365
sta3 2013 5 20 140 8.7 10.6 6.4 1 11.9 -999.9 -999.9 365
sta3 2013 5 21 141 8.8 11.6 5.1 0.8 4.2 -999.9 -999.9 365
sta3 2013 5 22 142 8.8 11 7.9 1.8 0.2 -999.9 -999.9 365
sta3 2013 5 23 143 5.2 13.1 13.5 2.6 2.4 -999.9 -999.9 365
sta3 2013 5 24 144 1 11.2 12.7 1.6 8.7 -999.9 -999.9 365
sta3 2013 5 25 145 4 13.3 16.4 2.3 7 -999.9 -999.9 365
sta3 2013 5 26 146 3.5 12 10 1.6 0 -999.9 -999.9 365
sta3 2013 5 27 147 5.9 19.4 28.2 3.4 0 -999.9 -999.9 365
sta3 2013 5 28 148 5.5 17.5 13.2 2.1 2.4 -999.9 -999.9 365
sta3 2013 5 29 149 5.6 14.3 16.2 2.4 3.8 -999.9 -999.9 365
sta3 2013 5 30 150 4.7 13.8 11.2 1.4 2.8 -999.9 -999.9 365
sta3 2013 5 31 151 8.8 14.5 5.6 1.1 9.7 -999.9 -999.9 365
sta3 2013 6 1 152 10.7 17.9 11.3 2.6 0 -999.9 -999.9 365
sta3 2013 6 2 153 10.2 18.3 19.6 4.6 0 -999.9 -999.9 365
sta3 2013 6 3 154 8.8 18.5 25.8 5.3 0 -999.9 -999.9 365
sta3 2013 6 4 155 7.6 21.2 24.8 4.3 0 -999.9 -999.9 365
sta3 2013 6 5 156 10.8 24.8 29.9 4.9 0 -999.9 -999.9 365
sta3 2013 6 6 157 10.2 26.5 29.4 4.8 0 -999.9 -999.9 365
sta3 2013 6 7 158 12.5 26.9 30.3 5.6 0 -999.9 -999.9 365
sta3 2013 6 8 159 14.1 26.2 22.3 4.7 9.1 -999.9 -999.9 365
sta3 2013 6 9 160 13.7 22.7 25 4.8 0 -999.9 -999.9 365
sta3 2013 6 10 161 13.2 20 15.8 3.2 0 -999.9 -999.9 365
sta3 2013 6 11 162 12.1 22.6 20.3 3.6 0 -999.9 -999.9 365
sta3 2013 6 12 163 14.2 24.6 18.4 3.9 0 -999.9 -999.9 365
sta3 2013 6 13 164 12.6 27.9 23 5.1 10.5 -999.9 -999.9 365
sta3 2013 6 14 165 7.6 19.9 21.9 3.2 0 -999.9 -999.9 365
sta3 2013 6 15 166 9.7 24.3 26 4.7 0 -999.9 -999.9 365
sta3 2013 6 16 167 11 27.5 30 4.9 0 -999.9 -999.9 365
sta3 2013 6 17 168 14.2 31.4 29 6.8 0 -999.9 -999.9 365
sta3 2013 6 18 169 19.7 33.8 26.4 6.8 2.9 -999.9 -999.9 365
sta3 2013 6 19 170 19.1 30.1 22.5 5.1 37.2 -999.9 -999.9 365
sta3 2013 6 20 171 16.8 22.4 12.3 3 4.4 -999.9 -999.9 365
sta3 2013 6 21 172 13.4 21.9 21 4.3 0 -999.9 -999.9 365
sta3 2013 6 22 173 10.9 22.5 19.6 4 0 -999.9 -999.9 365
sta3 2013 6 23 174 13.7 19.7 15 4.4 1.4 -999.9 -999.9 365
sta3 2013 6 24 175 12.2 16.7 9.9 2.9 0 -999.9 -999.9 365
sta3 2013 6 25 176 9.4 17.8 16.4 3.4 0 -999.9 -999.9 365
sta3 2013 6 26 177 8 19.6 24.4 4.2 0 -999.9 -999.9 365
sta3 2013 6 27 178 9 19.7 16.2 3.3 3 -999.9 -999.9 365
sta3 2013 6 28 179 8.9 15.9 8.6 1.3 5.2 -999.9 -999.9 365
sta3 2013 6 29 180 13.1 20.2 10.7 2.7 1.8 -999.9 -999.9 365
sta3 2013 6 30 181 9.8 22 23.8 4.1 0 -999.9 -999.9 365
sta3 2013 7 1 182 10.4 25.4 29.3 4.7 0 -999.9 -999.9 365
sta3 2013 7 2 183 11.7 26.4 23 4.3 18.7 -999.9 -999.9 365
sta3 2013 7 3 184 15.8 21 8.5 2.4 3.2 -999.9 -999.9 365
sta3 2013 7 4 185 14.6 22.3 16 3.8 0 -999.9 -999.9 365
sta3 2013 7 5 186 16.9 23.7 20.1 4.8 0 -999.9 -999.9 365
sta3 2013 7 6 187 15.3 27.9 28.5 5.9 0 -999.9 -999.9 365
sta3 2013 7 7 188 17.1 28.1 27 6.2 0 -999.9 -999.9 365
sta3 2013 7 8 189 17.7 28.7 28.8 7 0 -999.9 -999.9 365
sta3 2013 7 9 190 16.4 28.2 26.2 5.9 0 -999.9 -999.9 365
sta3 2013 7 10 191 18.6 29.1 27.6 7.1 0 -999.9 -999.9 365
sta3 2013 7 11 192 16.3 25.6 29.4 6.7 0 -999.9 -999.9 365
sta3 2013 7 12 193 13.9 26.7 29.8 6.8 0 -999.9 -999.9 365
sta3 2013 7 13 194 14.4 26.8 27.7 6.3 0 -999.9 -999.9 365
sta3 2013 7 14 195 16 28.4 28.4 7.1 0 -999.9 -999.9 365
sta3 2013 7 15 196 16 28.4 28 6.7 0 -999.9 -999.9 365
sta3 2013 7 16 197 15.7 29.7 28.5 6.9 0 -999.9 -999.9 365
sta3 2013 7 17 198 16.9 30.6 23.1 6.6 0 -999.9 -999.9 365
sta3 2013 7 18 199 19.8 30 18.6 6.3 8.9 -999.9 -999.9 365
sta3 2013 7 19 200 18 28.7 21.6 4.8 0 -999.9 -999.9 365
sta3 2013 7 20 201 18.3 30.6 26 6 0 -999.9 -999.9 365
sta3 2013 7 21 202 18.7 32.7 26.3 6.3 0 -999.9 -999.9 365
sta3 2013 7 22 203 17.6 33.5 22.5 5.9 0 -999.9 -999.9 365
sta3 2013 7 23 204 17.5 31.5 14.7 4.1 0.2 -999.9 -999.9 365
sta3 2013 7 24 205 18 30 26.1 6 0 -999.9 -999.9 365
sta3 2013 7 25 206 17.7 32.3 24.4 5.8 0 -999.9 -999.9 365
sta3 2013 7 26 207 18 32.1 22.2 5.7 0 -999.9 -999.9 365
sta3 2013 7 27 208 18.2 35.2 26 8.6 7.1 -999.9 -999.9 365
sta3 2013 7 28 209 18.1 20 1.1 2.4 60.8 -999.9 -999.9 365
sta3 2013 7 29 210 16.6 24.5 13.8 3.6 0.6 -999.9 -999.9 365
sta3 2013 7 30 211 14.7 25.3 19.2 4.4 1.6 -999.9 -999.9 365
sta3 2013 7 31 212 16.1 29.6 26.6 5.3 0 -999.9 -999.9 365
sta3 2013 8 1 213 16 32.3 27.6 6.2 0 -999.9 -999.9 365
sta3 2013 8 2 214 15.3 32.6 25.7 6.8 0.2 -999.9 -999.9 365
sta3 2013 8 3 215 19.4 28.8 20.8 6.3 0 -999.9 -999.9 365
sta3 2013 8 4 216 18.5 28.6 19.5 5.3 0 -999.9 -999.9 365
sta3 2013 8 5 217 17 31.7 24 5.6 0 -999.9 -999.9 365
sta3 2013 8 6 218 18.3 24.1 13.9 3.5 9.4 -999.9 -999.9 365
sta3 2013 8 7 219 18.1 20.7 9.5 2.3 1.6 -999.9 -999.9 365
sta3 2013 8 8 220 15.3 21.5 9.8 3.1 0 -999.9 -999.9 365
sta3 2013 8 9 221 10.8 26 18.3 3.6 0.2 -999.9 -999.9 365
sta3 2013 8 10 222 12 25.5 20.8 4 0 -999.9 -999.9 365
sta3 2013 8 11 223 10.4 25.9 25.9 4.5 0 -999.9 -999.9 365
sta3 2013 8 12 224 12.9 27.4 21.1 4.5 0 -999.9 -999.9 365
sta3 2013 8 13 225 12 23.1 23.4 4.7 0 -999.9 -999.9 365
sta3 2013 8 14 226 11.3 22.8 21.4 4.6 0 -999.9 -999.9 365
sta3 2013 8 15 227 10.9 25.8 25.7 5.1 0 -999.9 -999.9 365
sta3 2013 8 16 228 12.4 28.9 25 5.1 0 -999.9 -999.9 365
sta3 2013 8 17 229 12.7 30 22.9 4.7 0 -999.9 -999.9 365
sta3 2013 8 18 230 13 29 17.6 4.7 0 -999.9 -999.9 365
sta3 2013 8 19 231 17.4 25 18.9 5.6 0 -999.9 -999.9 365
sta3 2013 8 20 232 13.1 24.2 23.4 5.5 0 -999.9 -999.9 365
sta3 2013 8 21 233 12.9 26.2 24.7 6 0 -999.9 -999.9 365
sta3 2013 8 22 234 14 27.4 23.1 5.6 0 -999.9 -999.9 365
sta3 2013 8 23 235 13.1 28.9 22.9 4.6 3.1 -999.9 -999.9 365
sta3 2013 8 24 236 17.1 22.7 9.9 2.8 17.3 -999.9 -999.9 365
sta3 2013 8 25 237 13.3 18 9.8 2.8 0 -999.9 -999.9 365
sta3 2013 8 26 238 11 15.9 3.5 1.6 11.1 -999.9 -999.9 365
sta3 2013 8 27 239 14.7 21.9 12 2.7 6.1 -999.9 -999.9 365
sta3 2013 8 28 240 12.6 22.7 15.5 3.1 0.2 -999.9 -999.9 365
sta3 2013 8 29 241 11.4 23.8 21.7 3.9 0 -999.9 -999.9 365
sta3 2013 8 30 242 11.4 25.7 21.3 4.1 0 -999.9 -999.9 365
sta3 2013 8 31 243 11.8 25.3 19.7 3.9 0 -999.9 -999.9 365
sta3 2013 9 1 244 14.7 20.8 19.9 4.7 0 -999.9 -999.9 365
sta3 2013 9 2 245 9.7 24.4 22.7 4.7 0 -999.9 -999.9 365
sta3 2013 9 3 246 9.9 26.9 21.5 4.3 0 -999.9 -999.9 365
sta3 2013 9 4 247 13.9 29.1 21.8 4.2 0 -999.9 -999.9 365
sta3 2013 9 5 248 13.2 30 21.3 4.3 0 -999.9 -999.9 365
sta3 2013 9 6 249 11.9 28.8 19.2 4.5 5.2 -999.9 -999.9 365
sta3 2013 9 7 250 14.9 18 4.5 1 18.9 -999.9 -999.9 365
sta3 2013 9 8 251 14.7 18.4 6 1.7 3.8 -999.9 -999.9 365
sta3 2013 9 9 252 10.2 19.6 18.3 3.1 0.2 -999.9 -999.9 365
sta3 2013 9 10 253 14.2 19 13.7 3.7 0 -999.9 -999.9 365
sta3 2013 9 11 254 7 15.3 4.4 0.9 0.8 -999.9 -999.9 365
sta3 2013 9 12 255 11.1 17.5 7.9 1.9 0.2 -999.9 -999.9 365
sta3 2013 9 13 256 8.8 21 13.8 2.3 0 -999.9 -999.9 365
sta3 2013 9 14 257 15.2 20.2 5.4 1.8 17.2 -999.9 -999.9 365
sta3 2013 9 15 258 14.6 18.6 6.5 2.1 2.6 -999.9 -999.9 365
sta3 2013 9 16 259 11.7 15.7 5.3 2.1 2.4 -999.9 -999.9 365
sta3 2013 9 17 260 6.1 15.6 11.4 1.9 4.2 -999.9 -999.9 365
sta3 2013 9 18 261 12.1 20.6 14 2.8 0.4 -999.9 -999.9 365
sta3 2013 9 19 262 7.2 17.9 13.3 2 0.4 -999.9 -999.9 365
sta3 2013 9 20 263 10.9 19.9 12.6 2.4 0 -999.9 -999.9 365
sta3 2013 9 21 264 7.9 20.9 17.2 2.3 0 -999.9 -999.9 365
sta3 2013 9 22 265 11 22.5 17.4 2.8 0 -999.9 -999.9 365
sta3 2013 9 23 266 12.5 22.1 18.3 3 0 -999.9 -999.9 365
sta3 2013 9 24 267 9.5 22.5 14.8 2.3 0.2 -999.9 -999.9 365
sta3 2013 9 25 268 8.5 24.6 15.1 2 0.2 -999.9 -999.9 365
sta3 2013 9 26 269 13.5 25.4 10.4 1.9 0.8 -999.9 -999.9 365
sta3 2013 9 27 270 15.2 23.9 11.3 2.2 0.2 -999.9 -999.9 365
sta3 2013 9 28 271 13.8 22.7 9 1.8 0.2 -999.9 -999.9 365
sta3 2013 9 29 272 13.8 20 6.6 1.4 4.4 -999.9 -999.9 365
sta3 2013 9 30 273 14.6 20.5 5.9 1.6 0.2 -999.9 -999.9 365
sta3 2013 10 1 274 14.5 17.6 4.4 1.2 0.2 -999.9 -999.9 365
sta3 2013 10 2 275 10.6 19.9 9.8 1.6 0 -999.9 -999.9 365
sta3 2013 10 3 276 12.8 23.6 11.3 2.6 2 -999.9 -999.9 365
sta3 2013 10 4 277 14.9 19.2 5.8 1.2 8.4 -999.9 -999.9 365
sta3 2013 10 5 278 14.6 18 3.6 1.2 19.3 -999.9 -999.9 365
sta3 2013 10 6 279 13.4 17.9 7.1 2.2 1.2 -999.9 -999.9 365
sta3 2013 10 7 280 11.3 16.5 6.8 1.6 0 -999.9 -999.9 365
sta3 2013 10 8 281 13.4 16.8 3.8 1.6 0 -999.9 -999.9 365
sta3 2013 10 9 282 13.4 17.1 4.7 2.1 1.2 -999.9 -999.9 365
sta3 2013 10 10 283 8 12.2 9 1.8 12.1 -999.9 -999.9 365
sta3 2013 10 11 284 7 11.1 5.4 1.2 0.6 -999.9 -999.9 365
sta3 2013 10 12 285 3 12.9 8.8 1.1 9.9 -999.9 -999.9 365
sta3 2013 10 13 286 1.4 13.8 11.6 0.8 1.2 -999.9 -999.9 365
sta3 2013 10 14 287 11.1 16.9 6.6 1.6 0.6 -999.9 -999.9 365
sta3 2013 10 15 288 11 17.3 5.5 1.8 5 -999.9 -999.9 365
sta3 2013 10 16 289 7.8 14.4 4 0.7 3.6 -999.9 -999.9 365
sta3 2013 10 17 290 6.3 19.6 12.6 1.6 0 -999.9 -999.9 365
sta3 2013 10 18 291 5.2 14.9 9.1 0.9 0 -999.9 -999.9 365
sta3 2013 10 19 292 4.5 22.5 9.2 0.9 0 -999.9 -999.9 365
sta3 2013 10 20 293 13.8 18.3 4.9 1.3 7.1 -999.9 -999.9 365
sta3 2013 10 21 294 9.3 19.2 6.7 0.9 0.8 -999.9 -999.9 365
sta3 2013 10 22 295 11.2 24.3 10.2 2 10.1 -999.9 -999.9 365
sta3 2013 10 23 296 14 18.4 5 1.5 13.3 -999.9 -999.9 365
sta3 2013 10 24 297 8.4 14.8 5.5 0.7 0.4 -999.9 -999.9 365
sta3 2013 10 25 298 8.5 22 6.2 1.2 0.2 -999.9 -999.9 365
sta3 2013 10 26 299 13.1 23.4 9 2.1 6.5 -999.9 -999.9 365
sta3 2013 10 27 300 13.5 19.2 6 2.6 1 -999.9 -999.9 365
sta3 2013 10 28 301 13.3 19.9 3.6 2.9 0 -999.9 -999.9 365
sta3 2013 10 29 302 9.1 15.1 7.8 1.7 0.2 -999.9 -999.9 365
sta3 2013 10 30 303 2.1 14 10.2 0.9 0 -999.9 -999.9 365
sta3 2013 10 31 304 2.3 15 10.4 1.1 0 -999.9 -999.9 365
sta3 2013 11 1 305 1.7 12.1 4.7 0.6 2.4 -999.9 -999.9 365
sta3 2013 11 2 306 8.9 17.3 4 1.2 12.2 -999.9 -999.9 365
sta3 2013 11 3 307 8.3 13.4 7.3 1.9 1.6 -999.9 -999.9 365
sta3 2013 11 4 308 8 11.1 1.7 1 8.6 -999.9 -999.9 365
sta3 2013 11 5 309 0.7 12.3 2.1 0.5 5.2 -999.9 -999.9 365
sta3 2013 11 6 310 7.7 16.4 5.9 0.9 0.4 -999.9 -999.9 365
sta3 2013 11 7 311 12.6 17.3 3.4 1.6 0.6 -999.9 -999.9 365
sta3 2013 11 8 312 11.6 13.6 1.7 0.9 7.6 -999.9 -999.9 365
sta3 2013 11 9 313 5.8 12.3 7.6 1.1 12.3 -999.9 -999.9 365
sta3 2013 11 10 314 4.8 11.3 5.5 1.5 2 -999.9 -999.9 365
sta3 2013 11 11 315 0.8 9.1 8.9 0.9 0 -999.9 -999.9 365
sta3 2013 11 12 316 -1.1 7.9 7.2 0.4 0 -999.9 -999.9 365
sta3 2013 11 13 317 5.8 9.6 3 1.2 0 -999.9 -999.9 365
sta3 2013 11 14 318 4.7 9.6 3.2 1.2 13.3 -999.9 -999.9 365
sta3 2013 11 15 319 3.7 6.8 2.7 1 0 -999.9 -999.9 365
sta3 2013 11 16 320 1.4 5.9 2.5 0.7 0 -999.9 -999.9 365
sta3 2013 11 17 321 4 5.3 1.5 0.4 0 -999.9 -999.9 365
sta3 2013 11 18 322 2.5 5.4 2 0.3 0 -999.9 -999.9 365
sta3 2013 11 19 323 1.9 5.6 0.8 0.1 18.8 -999.9 -999.9 365
sta3 2013 11 20 324 2.4 5.2 4.1 1 5.2 -999.9 -999.9 365
sta3 2013 11 21 325 -0.5 2.5 3.7 0.4 0.6 -999.9 -999.9 365
sta3 2013 11 22 326 -0.2 3.7 1.8 0.3 2.4 -999.9 -999.9 365
sta3 2013 11 23 327 2.5 6.5 1.3 0.8 0 -999.9 -999.9 365
sta3 2013 11 24 328 4.6 8.3 3.2 1.5 0 -999.9 -999.9 365
sta3 2013 11 25 329 0.7 5 7.2 1.6 0 -999.9 -999.9 365
sta3 2013 11 26 330 1.1 4.5 5.9 1.5 0 -999.9 -999.9 365
sta3 2013 11 27 331 -3.2 3 7.1 1 0 -999.9 -999.9 365
sta3 2013 11 28 332 -3.2 3.1 3.1 0.6 0 -999.9 -999.9 365
sta3 2013 11 29 333 2.4 6.1 2.3 0.6 2.2 -999.9 -999.9 365
sta3 2013 11 30 334 1.8 6.7 4.8 0.9 0 -999.9 -999.9 365
sta3 2013 12 1 335 -0.9 7 5.5 0.9 0 -999.9 -999.9 365
sta3 2013 12 2 336 1.8 7.7 6.5 1.3 0 -999.9 -999.9 365
sta3 2013 12 3 337 -4.6 -0.4 1.9 0.1 0 -999.9 -999.9 365
sta3 2013 12 4 338 -3.7 2.9 2.9 0.2 0 -999.9 -999.9 365
sta3 2013 12 5 339 1.6 6.2 2.5 0.4 0.2 -999.9 -999.9 365
sta3 2013 12 6 340 1.9 7.5 4.5 1 0.6 -999.9 -999.9 365
sta3 2013 12 7 341 -0.8 9.1 5.7 0.9 0 -999.9 -999.9 365
sta3 2013 12 8 342 -4 8.6 5.8 0.6 0 -999.9 -999.9 365
sta3 2013 12 9 343 -5.8 -0.6 2.3 0.1 0 -999.9 -999.9 365
sta3 2013 12 10 344 -5.3 -1.9 2.1 0.4 0 -999.9 -999.9 365
sta3 2013 12 11 345 -4.2 -1.5 2.2 0.1 0 -999.9 -999.9 365
sta3 2013 12 12 346 -3.5 -1 1.8 0.2 0 -999.9 -999.9 365
sta3 2013 12 13 347 -3.4 -0.6 1.5 0.3 2.2 -999.9 -999.9 365
sta3 2013 12 14 348 -3 4.7 3.4 0.2 0 -999.9 -999.9 365
sta3 2013 12 15 349 0.1 1.2 1.6 0.1 0 -999.9 -999.9 365
sta3 2013 12 16 350 -2.5 8 4.7 0.6 0 -999.9 -999.9 365
sta3 2013 12 17 351 -2.3 12.4 5.7 0.6 0.2 -999.9 -999.9 365
sta3 2013 12 18 352 0.7 10.6 3.6 0.4 2 -999.9 -999.9 365
sta3 2013 12 19 353 3.2 9.8 0.9 0.3 4.6 -999.9 -999.9 365
sta3 2013 12 20 354 0.9 7.5 2.9 0.5 0 -999.9 -999.9 365
sta3 2013 12 21 355 -4.2 8.4 3.5 0.2 0 -999.9 -999.9 365
sta3 2013 12 22 356 2.3 10.1 1.8 0.4 1.2 -999.9 -999.9 365
sta3 2013 12 23 357 7.7 12.6 3.7 1.7 0 -999.9 -999.9 365
sta3 2013 12 24 358 8.8 13.7 2.1 2.9 13.3 -999.9 -999.9 365
sta3 2013 12 25 359 4.5 8.7 1 0.2 12.7 -999.9 -999.9 365
sta3 2013 12 26 360 3.4 6.6 1.5 0.6 0 -999.9 -999.9 365
sta3 2013 12 27 361 -1.2 9.5 2.7 0.7 0.2 -999.9 -999.9 365
sta3 2013 12 28 362 6.3 8.3 0.5 0.9 12.7 -999.9 -999.9 365
sta3 2013 12 29 363 1.9 8.7 3.5 0.9 0 -999.9 -999.9 365
sta3 2013 12 30 364 -1.6 2.7 1.5 0 0 -999.9 -999.9 365
sta3 2013 12 31 365 -0.3 6.9 3.4 0.5 2.8 -999.9 -999.9 365
