sta3 2015 1 1 1 -4.3 -1.5 1.4 0 0 -999.9 -999.9 365
sta3 2015 1 2 2 -2.7 2.3 0.6 0.1 0.6 -999.9 -999.9 365
sta3 2015 1 3 3 1 12 1.4 0.2 4.2 -999.9 -999.9 365
sta3 2015 1 4 4 1.1 7.6 6.2 0.4 0 -999.9 -999.9 365
sta3 2015 1 5 5 -3.3 3.8 5.9 0.5 0 -999.9 -999.9 365
sta3 2015 1 6 6 -3.2 0.6 1.6 0.1 0.6 -999.9 -999.9 365
sta3 2015 1 7 7 -1.1 5.6 2 0.1 0 -999.9 -999.9 365
sta3 2015 1 8 8 4.3 10.5 3.2 0.6 1.8 -999.9 -999.9 365
sta3 2015 1 9 9 4.2 12.5 1.6 0.6 0.6 -999.9 -999.9 365
sta3 2015 1 10 10 8.7 13.7 2.1 0.7 2.6 -999.9 -999.9 365
sta3 2015 1 11 11 3.8 8 3.5 1.1 0 -999.9 -999.9 365
sta3 2015 1 12 12 -0.1 7.7 5.6 0.8 0 -999.9 -999.9 365
sta3 2015 1 13 13 -0.4 12.6 6 1 5.6 -999.9 -999.9 365
sta3 2015 1 14 14 5.1 10.2 4.1 1 1.6 -999.9 -999.9 365
sta3 2015 1 15 15 5.2 10.5 1.9 1.2 2 -999.9 -999.9 365
sta3 2015 1 16 16 4.5 5.8 0.6 0.2 9.9 -999.9 -999.9 365
sta3 2015 1 17 17 3.3 6.9 5.8 0.8 0 -999.9 -999.9 365
sta3 2015 1 18 18 -5.5 0.1 1.8 0 0 -999.9 -999.9 365
sta3 2015 1 19 19 -1.6 3.5 3.1 0.2 0 -999.9 -999.9 365
sta3 2015 1 20 20 0.7 2.8 2.4 0.5 0 -999.9 -999.9 365
sta3 2015 1 21 21 -1.9 3.6 2.6 0.3 1.4 -999.9 -999.9 365
sta3 2015 1 22 22 0.9 3 1.4 0.4 0 -999.9 -999.9 365
sta3 2015 1 23 23 0.9 3 1.8 0.7 0 -999.9 -999.9 365
sta3 2015 1 24 24 -0.5 2.8 1.7 0.6 1 -999.9 -999.9 365
sta3 2015 1 25 25 -1.6 4.3 4.4 0.5 0.4 -999.9 -999.9 365
sta3 2015 1 26 26 -0.2 3.9 1.1 0.1 4.4 -999.9 -999.9 365
sta3 2015 1 27 27 1.1 6.4 4.6 0.8 0 -999.9 -999.9 365
sta3 2015 1 28 28 1 6 3 0.4 6.8 -999.9 -999.9 365
sta3 2015 1 29 29 2.8 4.9 1.5 0.4 5.2 -999.9 -999.9 365
sta3 2015 1 30 30 0.4 5.1 4.2 0.8 2 -999.9 -999.9 365
sta3 2015 1 31 31 -0.4 4.1 3.5 0.5 3 -999.9 -999.9 365
sta3 2015 2 1 32 0.2 3.5 3.2 0.6 1 -999.9 -999.9 365
sta3 2015 2 2 33 0.7 4.7 4.3 0.7 1.2 -999.9 -999.9 365
sta3 2015 2 3 34 -0.5 1.8 2.3 0.5 0 -999.9 -999.9 365
sta3 2015 2 4 35 -2.3 1.5 5.1 1.1 0 -999.9 -999.9 365
sta3 2015 2 5 36 -3.8 0.4 5.6 1.3 0 -999.9 -999.9 365
sta3 2015 2 6 37 -1.2 2.1 5.6 1.6 0 -999.9 -999.9 365
sta3 2015 2 7 38 -4 2.5 9.6 1.3 0 -999.9 -999.9 365
sta3 2015 2 8 39 -2.6 6.5 6.1 1.3 0 -999.9 -999.9 365
sta3 2015 2 9 40 -2 7.5 9.9 1 0 -999.9 -999.9 365
sta3 2015 2 10 41 -0.3 8.4 10 1.2 0 -999.9 -999.9 365
sta3 2015 2 11 42 -5.8 7.1 8 0.5 0 -999.9 -999.9 365
sta3 2015 2 12 43 -5.1 11 10.8 0.7 0 -999.9 -999.9 365
sta3 2015 2 13 44 -4.9 13.1 10 0.6 1.4 -999.9 -999.9 365
sta3 2015 2 14 45 4.9 9.8 4.8 1 7.2 -999.9 -999.9 365
sta3 2015 2 15 46 2.1 9.6 5.3 0.7 2.6 -999.9 -999.9 365
sta3 2015 2 16 47 1.2 3.5 2.7 0.2 0 -999.9 -999.9 365
sta3 2015 2 17 48 2.5 5.1 2.6 0.5 0 -999.9 -999.9 365
sta3 2015 2 18 49 1 5.5 5.6 1 0 -999.9 -999.9 365
sta3 2015 2 19 50 0.5 10.1 8.2 1.1 0 -999.9 -999.9 365
sta3 2015 2 20 51 -4.7 13.1 11.8 1.2 7.1 -999.9 -999.9 365
sta3 2015 2 21 52 4.2 6.8 5 1.2 0 -999.9 -999.9 365
sta3 2015 2 22 53 0.6 7.8 8.5 1.5 1 -999.9 -999.9 365
sta3 2015 2 23 54 -1.7 7.4 3.6 0.3 3.2 -999.9 -999.9 365
sta3 2015 2 24 55 1.4 8.9 8 1.2 0.8 -999.9 -999.9 365
sta3 2015 2 25 56 -2.1 8.7 10.4 0.8 0 -999.9 -999.9 365
sta3 2015 2 26 57 -1.1 8.8 6.6 0.6 9.1 -999.9 -999.9 365
sta3 2015 2 27 58 4.6 6.9 4.5 1.5 0.4 -999.9 -999.9 365
sta3 2015 2 28 59 -3.3 8.9 13.2 1.2 3.2 -999.9 -999.9 365
sta3 2015 3 1 60 1.4 11.3 3.5 0.5 1.6 -999.9 -999.9 365
sta3 2015 3 2 61 7.8 13 11.7 2.8 2.4 -999.9 -999.9 365
sta3 2015 3 3 62 -0.4 12.4 13.4 1.5 1.2 -999.9 -999.9 365
sta3 2015 3 4 63 1.7 7.8 8.6 1.3 1.4 -999.9 -999.9 365
sta3 2015 3 5 64 0.7 8.9 14.8 1.9 0 -999.9 -999.9 365
sta3 2015 3 6 65 -0.5 11.8 15.4 2 0 -999.9 -999.9 365
sta3 2015 3 7 66 -1.2 13.9 13.2 1.8 0 -999.9 -999.9 365
sta3 2015 3 8 67 1.6 16.7 12.8 2.3 0 -999.9 -999.9 365
sta3 2015 3 9 68 3 16.7 11.6 2.5 0 -999.9 -999.9 365
sta3 2015 3 10 69 0.9 14.6 8.7 1.2 0 -999.9 -999.9 365
sta3 2015 3 11 70 7.3 14.1 12.4 2.6 0 -999.9 -999.9 365
sta3 2015 3 12 71 1 14.1 17.3 3.3 0 -999.9 -999.9 365
sta3 2015 3 13 72 0 11.4 13.5 1.6 0 -999.9 -999.9 365
sta3 2015 3 14 73 0.6 12.5 14.9 2.2 0 -999.9 -999.9 365
sta3 2015 3 15 74 0.5 11.6 16.1 2.1 0 -999.9 -999.9 365
sta3 2015 3 16 75 2.3 14.7 15 2.1 0 -999.9 -999.9 365
sta3 2015 3 17 76 2.2 18.7 15.3 2.5 0 -999.9 -999.9 365
sta3 2015 3 18 77 2.2 20.1 16.7 2.5 0 -999.9 -999.9 365
sta3 2015 3 19 78 6.1 12.9 14.4 2.3 0 -999.9 -999.9 365
sta3 2015 3 20 79 4.7 15 12.3 1.9 0 -999.9 -999.9 365
sta3 2015 3 21 80 6 10.4 4 1.5 2.8 -999.9 -999.9 365
sta3 2015 3 22 81 2.4 11.8 10.7 2.4 0 -999.9 -999.9 365
sta3 2015 3 23 82 -0.3 15.3 18.2 1.7 0 -999.9 -999.9 365
sta3 2015 3 24 83 0.5 14.2 9.7 1.1 4 -999.9 -999.9 365
sta3 2015 3 25 84 3.4 6.4 3.6 0.9 0.8 -999.9 -999.9 365
sta3 2015 3 26 85 4.3 10.5 10.9 2.2 0.2 -999.9 -999.9 365
sta3 2015 3 27 86 5.1 13.4 17 2.8 0 -999.9 -999.9 365
sta3 2015 3 28 87 -0.9 11 8.1 0.6 0.8 -999.9 -999.9 365
sta3 2015 3 29 88 8.6 12.4 3.3 1.1 11.1 -999.9 -999.9 365
sta3 2015 3 30 89 10.4 14.3 8.6 2.3 1.2 -999.9 -999.9 365
sta3 2015 3 31 90 11 14.7 9.3 3.5 1.2 -999.9 -999.9 365
sta3 2015 4 1 91 5.3 11.2 11.5 3.1 0 -999.9 -999.9 365
sta3 2015 4 2 92 4.6 11.6 6.3 1.5 2.6 -999.9 -999.9 365
sta3 2015 4 3 93 5 10.6 6.5 0.8 2.6 -999.9 -999.9 365
sta3 2015 4 4 94 6.3 11.3 6.1 1.6 2.6 -999.9 -999.9 365
sta3 2015 4 5 95 1.4 11.3 18.4 3.3 0 -999.9 -999.9 365
sta3 2015 4 6 96 0.9 12.9 21.7 3.4 0 -999.9 -999.9 365
sta3 2015 4 7 97 1 14.6 23 3.6 0 -999.9 -999.9 365
sta3 2015 4 8 98 1.9 17.6 22.4 3.8 0 -999.9 -999.9 365
sta3 2015 4 9 99 1.4 20.1 22.8 3 0 -999.9 -999.9 365
sta3 2015 4 10 100 1.9 21.1 22 3.9 0 -999.9 -999.9 365
sta3 2015 4 11 101 8.5 15.6 7.4 2.5 0 -999.9 -999.9 365
sta3 2015 4 12 102 4.3 20.5 22.7 2.7 0 -999.9 -999.9 365
sta3 2015 4 13 103 4.3 21.7 23.1 3.1 0 -999.9 -999.9 365
sta3 2015 4 14 104 6.6 23.2 23.7 4 0 -999.9 -999.9 365
sta3 2015 4 15 105 4.5 23.9 21.9 3.5 0 -999.9 -999.9 365
sta3 2015 4 16 106 8.2 20.3 12.9 3.7 0.2 -999.9 -999.9 365
sta3 2015 4 17 107 11.4 16.5 3.9 1.3 19.6 -999.9 -999.9 365
sta3 2015 4 18 108 6.9 15.9 23.5 3.7 0 -999.9 -999.9 365
sta3 2015 4 19 109 3.7 19.2 25.2 3.7 0 -999.9 -999.9 365
sta3 2015 4 20 110 5.8 20.7 24.7 4.3 0 -999.9 -999.9 365
sta3 2015 4 21 111 7.2 22.8 25.7 5.4 0 -999.9 -999.9 365
sta3 2015 4 22 112 5.7 24.5 26 5.7 0 -999.9 -999.9 365
sta3 2015 4 23 113 5.9 21.9 25.7 4.2 0 -999.9 -999.9 365
sta3 2015 4 24 114 2.5 22 25.7 3.2 0 -999.9 -999.9 365
sta3 2015 4 25 115 10.4 17.6 8.2 1.9 2.8 -999.9 -999.9 365
sta3 2015 4 26 116 10.6 21 16.7 3.2 8.2 -999.9 -999.9 365
sta3 2015 4 27 117 9.7 16.1 5.8 1.6 7.3 -999.9 -999.9 365
sta3 2015 4 28 118 5.7 13.9 19.2 3.3 0 -999.9 -999.9 365
sta3 2015 4 29 119 1.9 17.4 23.1 3 0 -999.9 -999.9 365
sta3 2015 4 30 120 4.2 16.1 15.6 2.3 19.8 -999.9 -999.9 365
sta3 2015 5 1 121 9.5 15.1 3.2 1.3 19.1 -999.9 -999.9 365
sta3 2015 5 2 122 11.8 17.4 10 2.1 8.3 -999.9 -999.9 365
sta3 2015 5 3 123 12 22 7.8 1.8 6 -999.9 -999.9 365
sta3 2015 5 4 124 13 22.8 13 2.7 0 -999.9 -999.9 365
sta3 2015 5 5 125 15.2 21.4 13.6 4.8 0 -999.9 -999.9 365
sta3 2015 5 6 126 7.1 18.9 19.1 3.6 0.2 -999.9 -999.9 365
sta3 2015 5 7 127 3.6 18.1 24.1 3 0 -999.9 -999.9 365
sta3 2015 5 8 128 5.2 17.2 13 1.4 2.8 -999.9 -999.9 365
sta3 2015 5 9 129 9.8 20.8 18.2 3.4 0.4 -999.9 -999.9 365
sta3 2015 5 10 130 4.9 22.7 27.2 3.3 0 -999.9 -999.9 365
sta3 2015 5 11 131 7.1 27 24.9 3.9 0 -999.9 -999.9 365
sta3 2015 5 12 132 10.1 27.3 25.2 4.7 0 -999.9 -999.9 365
sta3 2015 5 13 133 11.5 28.2 26.1 5.5 0 -999.9 -999.9 365
sta3 2015 5 14 134 12.8 21 16.6 4.2 0.6 -999.9 -999.9 365
sta3 2015 5 15 135 7.9 13.3 6.6 1.7 0.6 -999.9 -999.9 365
sta3 2015 5 16 136 8.1 20.8 25.5 4.2 0 -999.9 -999.9 365
sta3 2015 5 17 137 9.7 21.4 21.9 3.5 0.6 -999.9 -999.9 365
sta3 2015 5 18 138 6.5 23.5 29.2 4.5 0 -999.9 -999.9 365
sta3 2015 5 19 139 10 17.4 21.8 4.6 0 -999.9 -999.9 365
sta3 2015 5 20 140 6.4 15.4 19.6 3.5 1 -999.9 -999.9 365
sta3 2015 5 21 141 6.2 17.8 24.9 4.5 0 -999.9 -999.9 365
sta3 2015 5 22 142 7.3 20.1 28.9 5.2 0 -999.9 -999.9 365
sta3 2015 5 23 143 11.8 21.3 24.4 5.9 0 -999.9 -999.9 365
sta3 2015 5 24 144 10.3 22.1 20.1 4.4 0 -999.9 -999.9 365
sta3 2015 5 25 145 12 20.6 14.5 3.5 4.6 -999.9 -999.9 365
sta3 2015 5 26 146 8.9 15.7 20.6 4 0 -999.9 -999.9 365
sta3 2015 5 27 147 4.4 20.2 28.3 3.9 0 -999.9 -999.9 365
sta3 2015 5 28 148 5.2 24.4 28.2 4.4 0 -999.9 -999.9 365
sta3 2015 5 29 149 11.5 23.9 25 5.4 0 -999.9 -999.9 365
sta3 2015 5 30 150 12.1 20.9 13.3 3.7 0 -999.9 -999.9 365
sta3 2015 5 31 151 9.1 23 21.4 3.9 1 -999.9 -999.9 365
sta3 2015 6 1 152 13.6 21.4 17.4 3.9 0.2 -999.9 -999.9 365
sta3 2015 6 2 153 9.8 27.5 29.4 5.6 0 -999.9 -999.9 365
sta3 2015 6 3 154 10.7 29 28.6 5.8 0 -999.9 -999.9 365
sta3 2015 6 4 155 13.9 30.3 29.5 6.2 0 -999.9 -999.9 365
sta3 2015 6 5 156 15 33.2 28.7 6.5 0 -999.9 -999.9 365
sta3 2015 6 6 157 17 29.1 28.2 6.6 0 -999.9 -999.9 365
sta3 2015 6 7 158 15.3 27.4 26.6 7 0 -999.9 -999.9 365
sta3 2015 6 8 159 15.3 25.4 26.9 6.9 0 -999.9 -999.9 365
sta3 2015 6 9 160 14.2 21.7 20.9 5.5 0 -999.9 -999.9 365
sta3 2015 6 10 161 11.9 25.8 27.5 5.2 0 -999.9 -999.9 365
sta3 2015 6 11 162 14.2 31.1 29.2 6.4 0 -999.9 -999.9 365
sta3 2015 6 12 163 17.2 26.9 12.4 4.2 10.5 -999.9 -999.9 365
sta3 2015 6 13 164 15.7 26.3 26.5 5.4 0 -999.9 -999.9 365
sta3 2015 6 14 165 14.6 26.5 18.1 4.9 17.4 -999.9 -999.9 365
sta3 2015 6 15 166 16.1 18.8 8.5 1.8 5 -999.9 -999.9 365
sta3 2015 6 16 167 16.4 22.1 13.5 4.1 2 -999.9 -999.9 365
sta3 2015 6 17 168 11.4 23.8 30.1 6.1 0 -999.9 -999.9 365
sta3 2015 6 18 169 11.8 23.2 12.7 3.1 0.8 -999.9 -999.9 365
sta3 2015 6 19 170 12.2 21.6 23.2 4.8 0 -999.9 -999.9 365
sta3 2015 6 20 171 10.5 21.9 16.8 4 0 -999.9 -999.9 365
sta3 2015 6 21 172 13.7 24 13.9 3.7 1.8 -999.9 -999.9 365
sta3 2015 6 22 173 12.4 26.6 21.9 6 1 -999.9 -999.9 365
sta3 2015 6 23 174 10.1 20.1 20.3 4 0 -999.9 -999.9 365
sta3 2015 6 24 175 8.7 24.2 31.1 5.1 0 -999.9 -999.9 365
sta3 2015 6 25 176 12.1 27.6 25.1 5.5 0 -999.9 -999.9 365
sta3 2015 6 26 177 12.3 29.4 27 5.4 0 -999.9 -999.9 365
sta3 2015 6 27 178 16.1 27.1 27.1 6.4 0 -999.9 -999.9 365
sta3 2015 6 28 179 12.8 29.7 30.8 6.5 0 -999.9 -999.9 365
sta3 2015 6 29 180 14.1 31 22.7 5.9 0 -999.9 -999.9 365
sta3 2015 6 30 181 17.6 33.5 30.2 7.9 0 -999.9 -999.9 365
sta3 2015 7 1 182 17.5 35.7 29.7 8.3 0 -999.9 -999.9 365
sta3 2015 7 2 183 17 36.4 27.4 8.2 0 -999.9 -999.9 365
sta3 2015 7 3 184 18.4 36.7 26.5 7.9 0 -999.9 -999.9 365
sta3 2015 7 4 185 19.2 37.5 27.2 8.9 0 -999.9 -999.9 365
sta3 2015 7 5 186 19.3 37.1 24.6 8.5 0 -999.9 -999.9 365
sta3 2015 7 6 187 18.2 32.2 29.5 7.5 0 -999.9 -999.9 365
sta3 2015 7 7 188 18.8 37.7 27.1 9 0 -999.9 -999.9 365
sta3 2015 7 8 189 17.9 24.1 25 7.4 0 -999.9 -999.9 365
sta3 2015 7 9 190 15.2 25.9 26.3 7 0 -999.9 -999.9 365
sta3 2015 7 10 191 13 29.8 30.6 7.8 0 -999.9 -999.9 365
sta3 2015 7 11 192 13.4 32 29.4 7.6 0 -999.9 -999.9 365
sta3 2015 7 12 193 17 29.8 24.2 7.1 0 -999.9 -999.9 365
sta3 2015 7 13 194 19.9 29.5 26.1 7.6 0 -999.9 -999.9 365
sta3 2015 7 14 195 16.1 30.1 28 6.6 0 -999.9 -999.9 365
sta3 2015 7 15 196 16.9 33.1 27.9 7.2 0 -999.9 -999.9 365
sta3 2015 7 16 197 18.8 36.3 28.6 8.1 0 -999.9 -999.9 365
sta3 2015 7 17 198 19.2 37.2 23.2 8.1 0 -999.9 -999.9 365
sta3 2015 7 18 199 20.6 32.8 18.9 6.7 0.2 -999.9 -999.9 365
sta3 2015 7 19 200 18.7 31.7 22.9 7.4 0 -999.9 -999.9 365
sta3 2015 7 20 201 16.7 32.4 21.9 6.2 0 -999.9 -999.9 365
sta3 2015 7 21 202 17.2 34.8 28.3 6.7 0 -999.9 -999.9 365
sta3 2015 7 22 203 22.2 30.5 12.7 5.5 1.6 -999.9 -999.9 365
sta3 2015 7 23 204 18.4 29.9 21.8 7.2 0 -999.9 -999.9 365
sta3 2015 7 24 205 17 31.7 23.6 7.1 0 -999.9 -999.9 365
sta3 2015 7 25 206 18.2 24 19.2 7.4 0 -999.9 -999.9 365
sta3 2015 7 26 207 9.7 20.9 10.8 3.1 2 -999.9 -999.9 365
sta3 2015 7 27 208 14.4 25.2 25 6.6 0.2 -999.9 -999.9 365
sta3 2015 7 28 209 16.4 24.1 21.3 6.8 1.6 -999.9 -999.9 365
sta3 2015 7 29 210 13.9 22.2 15.3 4.5 0 -999.9 -999.9 365
sta3 2015 7 30 211 7 24.3 23 5.1 0 -999.9 -999.9 365
sta3 2015 7 31 212 11.1 24.5 21.3 5.8 0.6 -999.9 -999.9 365
sta3 2015 8 1 213 14.2 21.6 10.3 2.9 1 -999.9 -999.9 365
sta3 2015 8 2 214 12.9 30.6 25.9 6 0 -999.9 -999.9 365
sta3 2015 8 3 215 13.8 34.6 27.3 6.5 6.7 -999.9 -999.9 365
sta3 2015 8 4 216 18.4 26.8 12.8 4.4 10.2 -999.9 -999.9 365
sta3 2015 8 5 217 12.9 31.6 25.9 5.5 0 -999.9 -999.9 365
sta3 2015 8 6 218 16.9 35.9 25.6 6.4 0 -999.9 -999.9 365
sta3 2015 8 7 219 18.7 37.5 24.8 7.6 0 -999.9 -999.9 365
sta3 2015 8 8 220 19.3 25.2 10.1 3.1 15 -999.9 -999.9 365
sta3 2015 8 9 221 18.4 22.9 7 2.2 5 -999.9 -999.9 365
sta3 2015 8 10 222 18 22.6 5 2.3 1 -999.9 -999.9 365
sta3 2015 8 11 223 16 29.8 21.3 4.8 0 -999.9 -999.9 365
sta3 2015 8 12 224 18.7 33.3 24.3 5.7 0 -999.9 -999.9 365
sta3 2015 8 13 225 18.1 31.2 14.6 4.5 24.1 -999.9 -999.9 365
sta3 2015 8 14 226 16.8 25.8 18.9 4.6 0 -999.9 -999.9 365
sta3 2015 8 15 227 15.1 19.1 8.9 2.9 2.6 -999.9 -999.9 365
sta3 2015 8 16 228 11.9 20.3 10.4 2.9 0 -999.9 -999.9 365
sta3 2015 8 17 229 13.5 23.5 15.6 4.4 0 -999.9 -999.9 365
sta3 2015 8 18 230 12.3 22.5 19.4 4 0 -999.9 -999.9 365
sta3 2015 8 19 231 10.4 25.2 22.2 4.6 0 -999.9 -999.9 365
sta3 2015 8 20 232 11.6 25.2 14.8 3.8 0 -999.9 -999.9 365
sta3 2015 8 21 233 13.7 28.4 24 5.2 0 -999.9 -999.9 365
sta3 2015 8 22 234 14 29.1 23.9 5.4 0 -999.9 -999.9 365
sta3 2015 8 23 235 12.9 20.2 5.7 1.3 15.1 -999.9 -999.9 365
sta3 2015 8 24 236 13.4 22.6 9.1 3.2 0.6 -999.9 -999.9 365
sta3 2015 8 25 237 9.9 22 23 3.9 0 -999.9 -999.9 365
sta3 2015 8 26 238 9.7 28 23.2 4.2 0 -999.9 -999.9 365
sta3 2015 8 27 239 16.6 30.9 20.1 6.1 3.4 -999.9 -999.9 365
sta3 2015 8 28 240 19.4 30 13.6 4.3 0 -999.9 -999.9 365
sta3 2015 8 29 241 17.3 32.8 21.8 5.6 0 -999.9 -999.9 365
sta3 2015 8 30 242 15.6 33.9 22.4 6.5 0 -999.9 -999.9 365
sta3 2015 8 31 243 13.7 33.2 20 5.9 3 -999.9 -999.9 365
sta3 2015 9 1 244 17.2 20.6 7.4 2.1 7.5 -999.9 -999.9 365
sta3 2015 9 2 245 11.7 21.4 14.5 3 0 -999.9 -999.9 365
sta3 2015 9 3 246 13 21.4 13.1 3.3 0 -999.9 -999.9 365
sta3 2015 9 4 247 8 20.8 16.3 3.5 0 -999.9 -999.9 365
sta3 2015 9 5 248 12.1 17.8 9.2 3.2 0 -999.9 -999.9 365
sta3 2015 9 6 249 10.7 18.7 18.3 4.3 0 -999.9 -999.9 365
sta3 2015 9 7 250 8.8 19.6 18.2 3.8 0 -999.9 -999.9 365
sta3 2015 9 8 251 9.9 22.1 20.8 4.1 0 -999.9 -999.9 365
sta3 2015 9 9 252 10.4 24.4 20.8 4.4 0 -999.9 -999.9 365
sta3 2015 9 10 253 10.6 23.7 20.7 5.1 0 -999.9 -999.9 365
sta3 2015 9 11 254 7.4 26 19 4 0 -999.9 -999.9 365
sta3 2015 9 12 255 12.9 21.2 5.4 1.5 13.5 -999.9 -999.9 365
sta3 2015 9 13 256 13.7 24.5 10.2 2.8 18.6 -999.9 -999.9 365
sta3 2015 9 14 257 13.5 19.7 12.4 3.1 1.4 -999.9 -999.9 365
sta3 2015 9 15 258 9.4 20.3 5.8 2 1.4 -999.9 -999.9 365
sta3 2015 9 16 259 13.6 26.5 11.3 3.9 34.8 -999.9 -999.9 365
sta3 2015 9 17 260 13.4 16.1 4.9 1.1 14.1 -999.9 -999.9 365
sta3 2015 9 18 261 10.7 19.3 13.9 2.4 0.6 -999.9 -999.9 365
sta3 2015 9 19 262 12.6 19.9 10.7 3 0 -999.9 -999.9 365
sta3 2015 9 20 263 9 18 14 2.3 0 -999.9 -999.9 365
sta3 2015 9 21 264 7.6 19.9 18.5 2.3 0 -999.9 -999.9 365
sta3 2015 9 22 265 12.4 17.6 6.6 2.5 2.4 -999.9 -999.9 365
sta3 2015 9 23 266 9.6 17 11.6 2.5 0 -999.9 -999.9 365
sta3 2015 9 24 267 5.1 20 15.6 2 0 -999.9 -999.9 365
sta3 2015 9 25 268 8.5 19.4 12 2.3 0 -999.9 -999.9 365
sta3 2015 9 26 269 8.9 20.3 14.6 3 0 -999.9 -999.9 365
sta3 2015 9 27 270 10.4 20 16.4 3.9 0 -999.9 -999.9 365
sta3 2015 9 28 271 8.9 19.1 17.4 3.8 0 -999.9 -999.9 365
sta3 2015 9 29 272 9.9 18.3 16.6 3.5 0 -999.9 -999.9 365
sta3 2015 9 30 273 6.7 18.3 16.3 3 0 -999.9 -999.9 365
sta3 2015 10 1 274 5.8 15.9 11.6 2.5 0 -999.9 -999.9 365
sta3 2015 10 2 275 7.4 19.8 14.3 2.6 0 -999.9 -999.9 365
sta3 2015 10 3 276 7.8 19.1 9.3 1.6 7 -999.9 -999.9 365
sta3 2015 10 4 277 8.3 18 14.2 1.9 0.8 -999.9 -999.9 365
sta3 2015 10 5 278 11.8 19.2 8 1.3 4.8 -999.9 -999.9 365
sta3 2015 10 6 279 12.7 21.3 7.2 1.6 13.8 -999.9 -999.9 365
sta3 2015 10 7 280 12.5 17.1 7.2 2.5 0 -999.9 -999.9 365
sta3 2015 10 8 281 9.8 15.8 6.6 2 0 -999.9 -999.9 365
sta3 2015 10 9 282 6 17.7 13.8 1.8 0 -999.9 -999.9 365
sta3 2015 10 10 283 7.8 16.2 6.6 1.6 0 -999.9 -999.9 365
sta3 2015 10 11 284 7.7 16.6 10.6 2 0 -999.9 -999.9 365
sta3 2015 10 12 285 6.5 15.7 7.9 1.4 0.2 -999.9 -999.9 365
sta3 2015 10 13 286 7.2 12.7 7.7 2 0 -999.9 -999.9 365
sta3 2015 10 14 287 0.8 5.9 1.8 0.5 1.2 -999.9 -999.9 365
sta3 2015 10 15 288 -0.5 6.3 2.8 0.2 3.8 -999.9 -999.9 365
sta3 2015 10 16 289 3.6 8.3 4.1 0.8 0 -999.9 -999.9 365
sta3 2015 10 17 290 4.4 10.6 6.7 1.2 0 -999.9 -999.9 365
sta3 2015 10 18 291 4.9 11.8 7 1.2 0 -999.9 -999.9 365
sta3 2015 10 19 292 3.2 13.6 12.4 1.7 0 -999.9 -999.9 365
sta3 2015 10 20 293 3.1 13.5 10.8 1.4 0 -999.9 -999.9 365
sta3 2015 10 21 294 6.3 13.5 5.6 1.4 0.4 -999.9 -999.9 365
sta3 2015 10 22 295 5.9 11.8 3.9 0.5 0.8 -999.9 -999.9 365
sta3 2015 10 23 296 8.3 16 8.1 1.4 0.2 -999.9 -999.9 365
sta3 2015 10 24 297 4.7 15.4 7.5 0.9 0 -999.9 -999.9 365
sta3 2015 10 25 298 8.8 18 7.5 1.3 0.2 -999.9 -999.9 365
sta3 2015 10 26 299 7.1 16 6.4 0.9 0.2 -999.9 -999.9 365
sta3 2015 10 27 300 5 18.8 6.4 0.9 19 -999.9 -999.9 365
sta3 2015 10 28 301 11.5 12.7 1.2 0.4 9.2 -999.9 -999.9 365
sta3 2015 10 29 302 7.8 10.3 3 0.5 0.2 -999.9 -999.9 365
sta3 2015 10 30 303 4.9 10.9 2.9 0.4 0.2 -999.9 -999.9 365
sta3 2015 10 31 304 4.2 15.6 8 0.8 0 -999.9 -999.9 365
sta3 2015 11 1 305 3.9 12.8 7.3 0.7 0.6 -999.9 -999.9 365
sta3 2015 11 2 306 6.2 11 4.5 0.7 0 -999.9 -999.9 365
sta3 2015 11 3 307 3.9 9.7 2.5 0.4 1.8 -999.9 -999.9 365
sta3 2015 11 4 308 4 17.9 5.6 0.8 0.2 -999.9 -999.9 365
sta3 2015 11 5 309 5.7 11.5 3.9 0.3 0.2 -999.9 -999.9 365
sta3 2015 11 6 310 9.6 18.9 5.7 0.9 0.2 -999.9 -999.9 365
sta3 2015 11 7 311 10 21.3 7.8 1.1 0.2 -999.9 -999.9 365
sta3 2015 11 8 312 7.5 19.5 8.1 1 0.2 -999.9 -999.9 365
sta3 2015 11 9 313 10.1 18.3 5.5 1.5 0 -999.9 -999.9 365
sta3 2015 11 10 314 5.8 15.6 6.9 0.3 0 -999.9 -999.9 365
sta3 2015 11 11 315 1.1 7.7 3.6 0.2 0.4 -999.9 -999.9 365
sta3 2015 11 12 316 2.2 10 6.2 0.4 0 -999.9 -999.9 365
sta3 2015 11 13 317 5.9 12 1.9 0.5 0 -999.9 -999.9 365
sta3 2015 11 14 318 3.8 12.9 6.2 0.7 0 -999.9 -999.9 365
sta3 2015 11 15 319 6.5 15.2 7.1 1.8 0 -999.9 -999.9 365
sta3 2015 11 16 320 0.9 13.3 7.3 0.6 0 -999.9 -999.9 365
sta3 2015 11 17 321 9.3 14.9 1.5 1.4 0 -999.9 -999.9 365
sta3 2015 11 18 322 10.8 16.3 6.4 1.8 0.2 -999.9 -999.9 365
sta3 2015 11 19 323 10.2 15.7 3.4 1.3 3.2 -999.9 -999.9 365
sta3 2015 11 20 324 11.1 15.9 1.7 1.6 11.6 -999.9 -999.9 365
sta3 2015 11 21 325 2.8 6.4 3.8 0.8 1.4 -999.9 -999.9 365
sta3 2015 11 22 326 1.1 6.1 4.2 0.9 0.4 -999.9 -999.9 365
sta3 2015 11 23 327 -0.9 5.5 3.8 0.7 0 -999.9 -999.9 365
sta3 2015 11 24 328 -6.1 2.9 3.1 0.2 2.2 -999.9 -999.9 365
sta3 2015 11 25 329 0.5 8.8 3.1 0.5 4.6 -999.9 -999.9 365
sta3 2015 11 26 330 2.2 7.9 4.4 1 0 -999.9 -999.9 365
sta3 2015 11 27 331 -3.7 1.6 3.7 0.2 0.2 -999.9 -999.9 365
sta3 2015 11 28 332 -0.6 8.9 4.3 0.9 0.2 -999.9 -999.9 365
sta3 2015 11 29 333 2.2 9.7 1.9 0.5 0.6 -999.9 -999.9 365
sta3 2015 11 30 334 7.6 12.4 3.3 1.1 0.4 -999.9 -999.9 365
sta3 2015 12 1 335 8.6 11.8 2.7 1.2 0 -999.9 -999.9 365
sta3 2015 12 2 336 0.1 12.2 6.7 0.7 0 -999.9 -999.9 365
sta3 2015 12 3 337 -2.3 5.8 1.7 0 0 -999.9 -999.9 365
sta3 2015 12 4 338 2.2 8.7 1.2 0.2 0.2 -999.9 -999.9 365
sta3 2015 12 5 339 2.9 10.4 4.7 0.4 0 -999.9 -999.9 365
sta3 2015 12 6 340 -0.4 12.1 5.5 0 0.2 -999.9 -999.9 365
sta3 2015 12 7 341 5.3 13.7 5.8 0.8 0 -999.9 -999.9 365
sta3 2015 12 8 342 -0.6 11 4.5 0.1 3.2 -999.9 -999.9 365
sta3 2015 12 9 343 3.9 10.9 5.5 0.9 0 -999.9 -999.9 365
sta3 2015 12 10 344 -2.9 2.8 1.6 0 0 -999.9 -999.9 365
sta3 2015 12 11 345 -0.3 7.4 2.2 0.2 0 -999.9 -999.9 365
sta3 2015 12 12 346 4.6 13.3 4.8 0.8 0 -999.9 -999.9 365
sta3 2015 12 13 347 1 3.9 2 0.2 0 -999.9 -999.9 365
sta3 2015 12 14 348 -2.5 5.1 2 0.1 0 -999.9 -999.9 365
sta3 2015 12 15 349 0 9 2 0.2 8.5 -999.9 -999.9 365
sta3 2015 12 16 350 6.1 12.4 2.1 0.1 0.2 -999.9 -999.9 365
sta3 2015 12 17 351 6.3 12.6 3.9 0.5 0 -999.9 -999.9 365
sta3 2015 12 18 352 4.9 11.8 2.1 0.2 0.2 -999.9 -999.9 365
sta3 2015 12 19 353 4.5 8.4 1.1 0.2 0.2 -999.9 -999.9 365
sta3 2015 12 20 354 1.5 14.4 4.2 0.1 4 -999.9 -999.9 365
sta3 2015 12 21 355 8.1 12.3 4.5 0.9 1 -999.9 -999.9 365
sta3 2015 12 22 356 7.1 11.8 3.5 0.9 0 -999.9 -999.9 365
sta3 2015 12 23 357 1 10.1 1 0 1.2 -999.9 -999.9 365
sta3 2015 12 24 358 3.6 13 3.9 0.3 0.2 -999.9 -999.9 365
sta3 2015 12 25 359 2.3 13.6 4.9 0.5 0 -999.9 -999.9 365
sta3 2015 12 26 360 0.9 9.2 1.4 0.1 0.2 -999.9 -999.9 365
sta3 2015 12 27 361 0.5 6.4 2.7 0.2 0 -999.9 -999.9 365
sta3 2015 12 28 362 -0.2 12.3 5.7 0.5 0 -999.9 -999.9 365
sta3 2015 12 29 363 1 10.1 2.3 0.5 0.4 -999.9 -999.9 365
sta3 2015 12 30 364 -0.4 7.1 1.2 0.2 0.6 -999.9 -999.9 365
sta3 2015 12 31 365 1.4 9.5 1.9 0.1 2.2 -999.9 -999.9 365
