sta3 2012 1 1 1 10.1 12.5 2 0.4 3.8 -999.9 -999.9 365
sta3 2012 1 2 2 5.1 9.8 1.3 0.4 3.9 -999.9 -999.9 365
sta3 2012 1 3 3 1.6 8.3 3.4 0.6 11.5 -999.9 -999.9 365
sta3 2012 1 4 4 4.6 8.7 4.9 1.2 4.6 -999.9 -999.9 365
sta3 2012 1 5 5 4 10.9 1.5 1.1 14 -999.9 -999.9 365
sta3 2012 1 6 6 1.5 7.7 5.1 1.1 0 -999.9 -999.9 365
sta3 2012 1 7 7 0 7.4 1.1 0.1 0.8 -999.9 -999.9 365
sta3 2012 1 8 8 5 7.5 2.2 0.7 0.2 -999.9 -999.9 365
sta3 2012 1 9 9 1.3 8.1 2.9 0.2 0 -999.9 -999.9 365
sta3 2012 1 10 10 3.9 9.5 2.5 0.4 0 -999.9 -999.9 365
sta3 2012 1 11 11 3.5 4.9 1.4 0.2 0 -999.9 -999.9 365
sta3 2012 1 12 12 1.4 2.4 0.8 0.3 0.2 -999.9 -999.9 365
sta3 2012 1 13 13 1.2 6.3 2.4 0.5 0 -999.9 -999.9 365
sta3 2012 1 14 14 -1 4.7 7 1 0 -999.9 -999.9 365
sta3 2012 1 15 15 -2.8 4.7 7 1.1 0 -999.9 -999.9 365
sta3 2012 1 16 16 -4.4 4.2 6.9 1.1 0 -999.9 -999.9 365
sta3 2012 1 17 17 -8.2 -3.1 2.3 0.1 0 -999.9 -999.9 365
sta3 2012 1 18 18 -5.3 1.4 2 0.3 0 -999.9 -999.9 365
sta3 2012 1 19 19 -2.8 9 2.4 0.1 2.2 -999.9 -999.9 365
sta3 2012 1 20 20 5.6 8.3 2.9 0.8 3 -999.9 -999.9 365
sta3 2012 1 21 21 5.7 11.7 3.9 0.8 2 -999.9 -999.9 365
sta3 2012 1 22 22 5.8 8.9 2.2 0.6 1.6 -999.9 -999.9 365
sta3 2012 1 23 23 4.9 9 2.7 0.9 0.4 -999.9 -999.9 365
sta3 2012 1 24 24 5 6.7 1.9 0.5 4 -999.9 -999.9 365
sta3 2012 1 25 25 3.6 6.8 1.4 0 0.2 -999.9 -999.9 365
sta3 2012 1 26 26 6.2 7.6 1.5 0.2 2 -999.9 -999.9 365
sta3 2012 1 27 27 3.9 8.9 4.8 0.8 0 -999.9 -999.9 365
sta3 2012 1 28 28 -1.2 3.9 2.1 0.1 0 -999.9 -999.9 365
sta3 2012 1 29 29 0.6 2.3 2.1 0.7 0 -999.9 -999.9 365
sta3 2012 1 30 30 0.1 1.4 1.5 0.6 0 -999.9 -999.9 365
sta3 2012 1 31 31 -0.8 1.2 2.7 0.8 0 -999.9 -999.9 365
sta3 2012 2 1 32 -4.3 -1.7 4.9 0.9 0 -999.9 -999.9 365
sta3 2012 2 2 33 -7.9 -4.7 5.4 1 0 -999.9 -999.9 365
sta3 2012 2 3 34 -10.2 -3.9 9.3 1.3 0 -999.9 -999.9 365
sta3 2012 2 4 35 -9.8 -3.5 9.6 1.3 0 -999.9 -999.9 365
sta3 2012 2 5 36 -13.5 -3 9.7 0.8 0 -999.9 -999.9 365
sta3 2012 2 6 37 -10 -2.7 9.5 1.2 0 -999.9 -999.9 365
sta3 2012 2 7 38 -11.9 -4.8 9.4 1 0 -999.9 -999.9 365
sta3 2012 2 8 39 -9.8 -3.4 6.9 0.9 0 -999.9 -999.9 365
sta3 2012 2 9 40 -11.4 1.2 8.9 0.9 0 -999.9 -999.9 365
sta3 2012 2 10 41 -7.9 -1.3 8.8 1.2 0 -999.9 -999.9 365
sta3 2012 2 11 42 -11.1 -4.1 9.8 0.9 0 -999.9 -999.9 365
sta3 2012 2 12 43 -11.3 -0.4 10.6 1.3 0 -999.9 -999.9 365
sta3 2012 2 13 44 -10.3 0.3 4.4 0.6 1.6 -999.9 -999.9 365
sta3 2012 2 14 45 -2.9 2.9 4.5 0.4 1.4 -999.9 -999.9 365
sta3 2012 2 15 46 0.8 6.1 3.6 0.6 0.6 -999.9 -999.9 365
sta3 2012 2 16 47 4 6.7 3.8 0.9 0.6 -999.9 -999.9 365
sta3 2012 2 17 48 1.5 6.9 3.1 0.5 0.2 -999.9 -999.9 365
sta3 2012 2 18 49 0.2 8.1 5.1 0.9 0.2 -999.9 -999.9 365
sta3 2012 2 19 50 2.6 7.2 9.5 1.7 1 -999.9 -999.9 365
sta3 2012 2 20 51 -2 5.2 12.1 1.3 0 -999.9 -999.9 365
sta3 2012 2 21 52 -4.4 5.9 12.8 1.1 0 -999.9 -999.9 365
sta3 2012 2 22 53 -3.2 10.5 12.9 1.5 0 -999.9 -999.9 365
sta3 2012 2 23 54 -2.9 6.7 4.6 0.5 0 -999.9 -999.9 365
sta3 2012 2 24 55 3.4 9.5 4 0.5 0 -999.9 -999.9 365
sta3 2012 2 25 56 6.5 9.8 2.9 0.3 0.2 -999.9 -999.9 365
sta3 2012 2 26 57 2.9 9.2 11.5 1.9 0 -999.9 -999.9 365
sta3 2012 2 27 58 -0.8 10.7 12.9 1.3 0 -999.9 -999.9 365
sta3 2012 2 28 59 -1.7 12.8 11.4 1.1 0 -999.9 -999.9 365
sta3 2012 2 29 60 1.1 16 13.7 1.3 0 -999.9 -999.9 365
sta3 2012 3 1 61 1.6 16.6 13 1.2 0 -999.9 -999.9 365
sta3 2012 3 2 62 0.3 16.4 10.7 1.3 0 -999.9 -999.9 365
sta3 2012 3 3 63 1.4 17.5 12.7 1.3 0 -999.9 -999.9 365
sta3 2012 3 4 64 7 12.5 7.9 1.7 5.8 -999.9 -999.9 365
sta3 2012 3 5 65 3.2 8.7 10.1 2.4 0.2 -999.9 -999.9 365
sta3 2012 3 6 66 -0.4 6.7 3.6 0.7 0 -999.9 -999.9 365
sta3 2012 3 7 67 -1.4 9.1 11.3 1.2 2.8 -999.9 -999.9 365
sta3 2012 3 8 68 3.5 8.7 13.6 2.2 0 -999.9 -999.9 365
sta3 2012 3 9 69 -1.4 10.9 16 1.9 0 -999.9 -999.9 365
sta3 2012 3 10 70 0.3 13 15.5 2.1 0 -999.9 -999.9 365
sta3 2012 3 11 71 4.2 12.1 7.9 1.6 0 -999.9 -999.9 365
sta3 2012 3 12 72 5.2 17 15.8 3 0 -999.9 -999.9 365
sta3 2012 3 13 73 6 18.8 17 3.4 0 -999.9 -999.9 365
sta3 2012 3 14 74 4.4 18.4 17.3 3.1 0 -999.9 -999.9 365
sta3 2012 3 15 75 3.1 20.6 17.3 2.5 0 -999.9 -999.9 365
sta3 2012 3 16 76 0.4 20.3 16.6 2.5 0 -999.9 -999.9 365
sta3 2012 3 17 77 4.8 16.9 11.5 2.7 14.3 -999.9 -999.9 365
sta3 2012 3 18 78 6.3 8.9 4.1 1 13.4 -999.9 -999.9 365
sta3 2012 3 19 79 0.7 10.4 12.4 1.4 0 -999.9 -999.9 365
sta3 2012 3 20 80 2.8 12.7 15.4 2.5 0 -999.9 -999.9 365
sta3 2012 3 21 81 3.8 18.3 17 3.3 0 -999.9 -999.9 365
sta3 2012 3 22 82 5.9 18.7 16.6 2.9 0 -999.9 -999.9 365
sta3 2012 3 23 83 3 21.4 17.8 2.8 0 -999.9 -999.9 365
sta3 2012 3 24 84 6.5 20.7 18.1 3.6 0 -999.9 -999.9 365
sta3 2012 3 25 85 5.2 20.6 18.4 3.8 0 -999.9 -999.9 365
sta3 2012 3 26 86 9.5 20.8 20 4.6 0 -999.9 -999.9 365
sta3 2012 3 27 87 7.6 20.1 20.2 5 0 -999.9 -999.9 365
sta3 2012 3 28 88 6.5 21.4 20 4.2 0 -999.9 -999.9 365
sta3 2012 3 29 89 6.6 21.2 20.3 4.9 0 -999.9 -999.9 365
sta3 2012 3 30 90 8.2 18.1 20.2 4 0 -999.9 -999.9 365
sta3 2012 3 31 91 5.2 16.6 19.9 2.9 0 -999.9 -999.9 365
sta3 2012 4 1 92 3.3 14 21.2 4 0 -999.9 -999.9 365
sta3 2012 4 2 93 1.5 17.9 21.3 3.3 0 -999.9 -999.9 365
sta3 2012 4 3 94 3.1 16.6 8.6 1.3 10.7 -999.9 -999.9 365
sta3 2012 4 4 95 8.1 12.1 6.4 1.4 0.4 -999.9 -999.9 365
sta3 2012 4 5 96 8.5 16.1 11 2.6 0 -999.9 -999.9 365
sta3 2012 4 6 97 6.7 17.1 20.9 3.1 0 -999.9 -999.9 365
sta3 2012 4 7 98 7.3 14.3 15.7 3.9 0 -999.9 -999.9 365
sta3 2012 4 8 99 1.9 10.7 20.4 3 0 -999.9 -999.9 365
sta3 2012 4 9 100 2.7 12.4 6.3 1.3 1.4 -999.9 -999.9 365
sta3 2012 4 10 101 5.4 12.2 5.4 0.9 9 -999.9 -999.9 365
sta3 2012 4 11 102 3 11.9 16.6 1.6 6 -999.9 -999.9 365
sta3 2012 4 12 103 4.2 12.1 12.3 1.7 5.1 -999.9 -999.9 365
sta3 2012 4 13 104 0.1 14.4 19 2.4 0 -999.9 -999.9 365
sta3 2012 4 14 105 3.3 13.4 11.2 2.6 6.9 -999.9 -999.9 365
sta3 2012 4 15 106 6.1 11.5 6.9 2.5 5.4 -999.9 -999.9 365
sta3 2012 4 16 107 3.8 8.7 7.9 2.3 0.6 -999.9 -999.9 365
sta3 2012 4 17 108 -0.6 12.6 23.1 2.9 0.6 -999.9 -999.9 365
sta3 2012 4 18 109 5.7 14.3 17.6 3.3 0.4 -999.9 -999.9 365
sta3 2012 4 19 110 6.2 12.8 12.8 2.3 2.4 -999.9 -999.9 365
sta3 2012 4 20 111 4.2 14.2 16.8 2.8 0.8 -999.9 -999.9 365
sta3 2012 4 21 112 6.7 14.3 12.4 2.8 9 -999.9 -999.9 365
sta3 2012 4 22 113 5.3 12.9 18.4 2.8 1.6 -999.9 -999.9 365
sta3 2012 4 23 114 4.6 12.7 11.4 2.1 11.6 -999.9 -999.9 365
sta3 2012 4 24 115 6.1 12.5 15.5 2.4 2.8 -999.9 -999.9 365
sta3 2012 4 25 116 1.8 15.5 9.5 2.5 0.8 -999.9 -999.9 365
sta3 2012 4 26 117 9.9 13.8 6 1.9 0.4 -999.9 -999.9 365
sta3 2012 4 27 118 7.4 15.9 10.2 1.5 0.2 -999.9 -999.9 365
sta3 2012 4 28 119 10.1 25.6 12.3 3.7 0 -999.9 -999.9 365
sta3 2012 4 29 120 12.8 20.7 24.1 5.6 0.4 -999.9 -999.9 365
sta3 2012 4 30 121 5.5 18.5 10.2 1.9 4.4 -999.9 -999.9 365
sta3 2012 5 1 122 5.5 18.1 20.6 2.9 18.2 -999.9 -999.9 365
sta3 2012 5 2 123 9.4 12.9 7 1.7 16.3 -999.9 -999.9 365
sta3 2012 5 3 124 2.8 19.6 23.5 2.7 0 -999.9 -999.9 365
sta3 2012 5 4 125 6.2 22.4 24.4 3.7 1 -999.9 -999.9 365
sta3 2012 5 5 126 10.9 18.7 15.9 3.4 5.4 -999.9 -999.9 365
sta3 2012 5 6 127 8 17 18 2.6 0.6 -999.9 -999.9 365
sta3 2012 5 7 128 7.4 18 22.7 3.1 0 -999.9 -999.9 365
sta3 2012 5 8 129 5.1 16.9 10.7 1.4 3.8 -999.9 -999.9 365
sta3 2012 5 9 130 12.6 22 15.3 2.8 0.2 -999.9 -999.9 365
sta3 2012 5 10 131 10.3 27.3 25.3 3.9 0 -999.9 -999.9 365
sta3 2012 5 11 132 13.3 28 25.4 5.3 6.6 -999.9 -999.9 365
sta3 2012 5 12 133 10.7 18.1 16.5 4.3 0 -999.9 -999.9 365
sta3 2012 5 13 134 6.6 16.7 27.6 4.6 0 -999.9 -999.9 365
sta3 2012 5 14 135 4 19.3 29.2 4.2 0 -999.9 -999.9 365
sta3 2012 5 15 136 5.2 15.6 19.5 3.3 2.2 -999.9 -999.9 365
sta3 2012 5 16 137 5.2 13.6 15.1 3.3 0 -999.9 -999.9 365
sta3 2012 5 17 138 1.4 18.6 24.3 3.1 0 -999.9 -999.9 365
sta3 2012 5 18 139 10.1 17.2 10.2 2.3 3.4 -999.9 -999.9 365
sta3 2012 5 19 140 10.8 22.1 22.9 4 3 -999.9 -999.9 365
sta3 2012 5 20 141 12.5 23.3 18.2 3.8 16.5 -999.9 -999.9 365
sta3 2012 5 21 142 12.7 15.8 7.8 1.4 24.2 -999.9 -999.9 365
sta3 2012 5 22 143 12.2 14.5 4 1 0 -999.9 -999.9 365
sta3 2012 5 23 144 13.6 19.1 8.1 1.7 0 -999.9 -999.9 365
sta3 2012 5 24 145 16 27.6 24.5 5.5 0 -999.9 -999.9 365
sta3 2012 5 25 146 15.7 26.1 29.4 6.5 0 -999.9 -999.9 365
sta3 2012 5 26 147 10.6 25.7 29.1 5.3 0 -999.9 -999.9 365
sta3 2012 5 27 148 11.5 25.1 30.6 6.1 0 -999.9 -999.9 365
sta3 2012 5 28 149 11.5 25.3 25.4 4.9 0 -999.9 -999.9 365
sta3 2012 5 29 150 13.8 25.9 29.5 6 0 -999.9 -999.9 365
sta3 2012 5 30 151 13.6 27.2 23.5 5.2 0.2 -999.9 -999.9 365
sta3 2012 5 31 152 14.6 25.4 20.3 4.5 0 -999.9 -999.9 365
sta3 2012 6 1 153 12.5 23.6 19 4.3 0 -999.9 -999.9 365
sta3 2012 6 2 154 11.3 26.9 29 4.7 6.7 -999.9 -999.9 365
sta3 2012 6 3 155 16.3 18.7 6.9 1.7 8 -999.9 -999.9 365
sta3 2012 6 4 156 12.7 19.6 17.4 3.9 2.2 -999.9 -999.9 365
sta3 2012 6 5 157 6.4 18.4 27.4 3.6 0.4 -999.9 -999.9 365
sta3 2012 6 6 158 11.8 21.2 12.8 2.5 4.4 -999.9 -999.9 365
sta3 2012 6 7 159 13.9 26 15.1 3.6 17.8 -999.9 -999.9 365
sta3 2012 6 8 160 14.5 22.5 21.9 5.3 0 -999.9 -999.9 365
sta3 2012 6 9 161 9.9 19.1 22.1 4 0 -999.9 -999.9 365
sta3 2012 6 10 162 8.5 17.8 16.5 2.4 6 -999.9 -999.9 365
sta3 2012 6 11 163 11.9 21.1 16 3.8 0.6 -999.9 -999.9 365
sta3 2012 6 12 164 11.5 17.9 18 3.3 5.8 -999.9 -999.9 365
sta3 2012 6 13 165 11.6 18.3 12.6 2.7 5.7 -999.9 -999.9 365
sta3 2012 6 14 166 8.8 22.3 28.2 4.2 0 -999.9 -999.9 365
sta3 2012 6 15 167 12.3 25.2 18.4 3.8 0 -999.9 -999.9 365
sta3 2012 6 16 168 13.4 28.4 25.3 5.7 1.2 -999.9 -999.9 365
sta3 2012 6 17 169 13.4 22.8 23.6 4.3 0.2 -999.9 -999.9 365
sta3 2012 6 18 170 12.7 25.6 23.2 4.6 0 -999.9 -999.9 365
sta3 2012 6 19 171 14.9 22.7 12.3 2.7 2.4 -999.9 -999.9 365
sta3 2012 6 20 172 17.6 25.4 16.2 4.3 0 -999.9 -999.9 365
sta3 2012 6 21 173 14.4 26.2 15.5 3.7 5.1 -999.9 -999.9 365
sta3 2012 6 22 174 9.6 22.5 24.3 4.4 0 -999.9 -999.9 365
sta3 2012 6 23 175 8.4 24.3 25.6 4.3 0 -999.9 -999.9 365
sta3 2012 6 24 176 10.4 23.7 18.4 4 1 -999.9 -999.9 365
sta3 2012 6 25 177 15.4 23.9 17.6 4.3 0.6 -999.9 -999.9 365
sta3 2012 6 26 178 16.7 22.8 12.3 2.7 3.4 -999.9 -999.9 365
sta3 2012 6 27 179 18 28.4 29.1 5.9 0 -999.9 -999.9 365
sta3 2012 6 28 180 17.5 32.1 22.4 5.8 4.4 -999.9 -999.9 365
sta3 2012 6 29 181 18.3 30.1 24.6 6 0 -999.9 -999.9 365
sta3 2012 6 30 182 18.2 30.3 20.9 5.6 20 -999.9 -999.9 365
sta3 2012 7 1 183 15.6 18.5 6.9 1.7 5 -999.9 -999.9 365
sta3 2012 7 2 184 13.5 20.6 11 3 0 -999.9 -999.9 365
sta3 2012 7 3 185 11.7 25.4 25.3 4.3 0.2 -999.9 -999.9 365
sta3 2012 7 4 186 13.4 28.1 24.2 4.7 0.4 -999.9 -999.9 365
sta3 2012 7 5 187 17.5 24.2 13.6 3.5 2.4 -999.9 -999.9 365
sta3 2012 7 6 188 12.8 23.7 22.5 4.5 0 -999.9 -999.9 365
sta3 2012 7 7 189 13.4 26.1 26.1 5.3 12.7 -999.9 -999.9 365
sta3 2012 7 8 190 15.4 24.2 23.3 5.4 0.2 -999.9 -999.9 365
sta3 2012 7 9 191 13.3 25.7 20 4.5 0 -999.9 -999.9 365
sta3 2012 7 10 192 14.6 26.5 21.5 5.3 0 -999.9 -999.9 365
sta3 2012 7 11 193 13.8 20.9 22.4 5.1 0 -999.9 -999.9 365
sta3 2012 7 12 194 13 20.8 18.5 4.4 0.4 -999.9 -999.9 365
sta3 2012 7 13 195 14.3 20.5 10.9 3 7.3 -999.9 -999.9 365
sta3 2012 7 14 196 15.4 21.6 24.9 5.8 0 -999.9 -999.9 365
sta3 2012 7 15 197 12.5 21.2 18.1 4.5 0.8 -999.9 -999.9 365
sta3 2012 7 16 198 9.1 22.9 25.9 4.5 0 -999.9 -999.9 365
sta3 2012 7 17 199 12 24.7 23 4.4 0 -999.9 -999.9 365
sta3 2012 7 18 200 12.3 29.6 27.7 5.6 0 -999.9 -999.9 365
sta3 2012 7 19 201 16.7 22.8 14.5 4.7 0 -999.9 -999.9 365
sta3 2012 7 20 202 11.4 19.9 9.3 2.2 5 -999.9 -999.9 365
sta3 2012 7 21 203 10.2 22.5 24.8 4.7 0 -999.9 -999.9 365
sta3 2012 7 22 204 11 22.8 27.6 5.4 0 -999.9 -999.9 365
sta3 2012 7 23 205 11.7 25.4 29.4 6.6 0 -999.9 -999.9 365
sta3 2012 7 24 206 14.6 29.9 27.2 6.1 0 -999.9 -999.9 365
sta3 2012 7 25 207 16 32.3 27.4 6.4 0 -999.9 -999.9 365
sta3 2012 7 26 208 18.2 33.4 27.1 6.8 0 -999.9 -999.9 365
sta3 2012 7 27 209 17.3 32.1 23.2 6.4 22.5 -999.9 -999.9 365
sta3 2012 7 28 210 18.4 27.3 19.5 5 5.5 -999.9 -999.9 365
sta3 2012 7 29 211 16.9 23.6 21.2 5.1 0 -999.9 -999.9 365
sta3 2012 7 30 212 11.2 24.5 22 4.2 0 -999.9 -999.9 365
sta3 2012 7 31 213 13.7 26.7 26.1 4.9 0 -999.9 -999.9 365
sta3 2012 8 1 214 13.7 30.5 23.5 5.1 6.1 -999.9 -999.9 365
sta3 2012 8 2 215 16.3 25.7 17.9 4.6 0 -999.9 -999.9 365
sta3 2012 8 3 216 15.3 26.1 23 5.2 0 -999.9 -999.9 365
sta3 2012 8 4 217 15 27.7 23.5 5.2 0.2 -999.9 -999.9 365
sta3 2012 8 5 218 16.8 26.1 18 4.5 7.9 -999.9 -999.9 365
sta3 2012 8 6 219 15.5 22.9 17 4.1 0.6 -999.9 -999.9 365
sta3 2012 8 7 220 11.8 24 18.7 3.8 0 -999.9 -999.9 365
sta3 2012 8 8 221 12.3 25.7 25.6 4.9 0 -999.9 -999.9 365
sta3 2012 8 9 222 14.3 27.1 24.3 5.2 0 -999.9 -999.9 365
sta3 2012 8 10 223 15.3 27.2 26.2 6.1 0 -999.9 -999.9 365
sta3 2012 8 11 224 14.6 27.7 26.4 6.3 0 -999.9 -999.9 365
sta3 2012 8 12 225 13.8 25.6 16.4 3.7 0 -999.9 -999.9 365
sta3 2012 8 13 226 12.7 27.1 18.4 3.7 0 -999.9 -999.9 365
sta3 2012 8 14 227 14.9 29.5 19.3 4.9 0 -999.9 -999.9 365
sta3 2012 8 15 228 15.3 32.1 18.8 5.5 19.7 -999.9 -999.9 365
sta3 2012 8 16 229 13.1 24.4 22.9 3.7 0 -999.9 -999.9 365
sta3 2012 8 17 230 13.1 29.1 25.1 4.7 0 -999.9 -999.9 365
sta3 2012 8 18 231 15.8 32.8 24.6 5.5 0 -999.9 -999.9 365
sta3 2012 8 19 232 16.7 34.4 23.1 5.6 0 -999.9 -999.9 365
sta3 2012 8 20 233 19.4 29.6 8.9 3.2 0.4 -999.9 -999.9 365
sta3 2012 8 21 234 17.2 33.4 20.3 5.1 0 -999.9 -999.9 365
sta3 2012 8 22 235 18.4 28.6 21.1 6.1 0 -999.9 -999.9 365
sta3 2012 8 23 236 17 29 19 5.6 2.4 -999.9 -999.9 365
sta3 2012 8 24 237 18.8 21.7 4.6 1.8 12.7 -999.9 -999.9 365
sta3 2012 8 25 238 15.4 21.1 6.8 2.2 0.8 -999.9 -999.9 365
sta3 2012 8 26 239 12.8 21.3 11.9 3.4 0 -999.9 -999.9 365
sta3 2012 8 27 240 10.6 25.7 23.1 4.2 0 -999.9 -999.9 365
sta3 2012 8 28 241 10.4 23 13.5 1.9 2.8 -999.9 -999.9 365
sta3 2012 8 29 242 14 27.6 18.5 3.6 4 -999.9 -999.9 365
sta3 2012 8 30 243 17 22.7 13.5 4.3 0 -999.9 -999.9 365
sta3 2012 8 31 244 12.5 17.4 14.5 3.8 0 -999.9 -999.9 365
sta3 2012 9 1 245 9.1 18.2 10 3.1 0 -999.9 -999.9 365
sta3 2012 9 2 246 13.3 22.3 14.8 4.3 0 -999.9 -999.9 365
sta3 2012 9 3 247 14.5 25.1 18.1 5.6 0 -999.9 -999.9 365
sta3 2012 9 4 248 15.6 26.7 17.2 5.8 0 -999.9 -999.9 365
sta3 2012 9 5 249 16 26.6 18.3 5.5 0 -999.9 -999.9 365
sta3 2012 9 6 250 13.5 25 21.2 5.2 0 -999.9 -999.9 365
sta3 2012 9 7 251 9.9 26.4 21.5 4.7 0 -999.9 -999.9 365
sta3 2012 9 8 252 10.6 27.7 21.3 4.3 0 -999.9 -999.9 365
sta3 2012 9 9 253 12.1 30.4 19.6 4.3 0 -999.9 -999.9 365
sta3 2012 9 10 254 11.8 29.2 17.7 3.9 0 -999.9 -999.9 365
sta3 2012 9 11 255 17.1 26.1 10.9 4.1 2.2 -999.9 -999.9 365
sta3 2012 9 12 256 12.8 17.6 8.2 2.6 3.6 -999.9 -999.9 365
sta3 2012 9 13 257 8.1 17.2 9.1 1.6 0.8 -999.9 -999.9 365
sta3 2012 9 14 258 8.7 21.9 19.6 3.1 0 -999.9 -999.9 365
sta3 2012 9 15 259 9.6 20.7 11 2.5 0 -999.9 -999.9 365
sta3 2012 9 16 260 9.1 23.4 19.3 3 0 -999.9 -999.9 365
sta3 2012 9 17 261 10.1 24.7 16.4 2.6 0 -999.9 -999.9 365
sta3 2012 9 18 262 9 23.5 8.4 2.4 0.6 -999.9 -999.9 365
sta3 2012 9 19 263 9.7 18.8 15.2 3.8 0 -999.9 -999.9 365
sta3 2012 9 20 264 4.3 18.8 17 3 0 -999.9 -999.9 365
sta3 2012 9 21 265 4.4 24 13.5 2 14.3 -999.9 -999.9 365
sta3 2012 9 22 266 12.2 15 2.4 0.7 1.2 -999.9 -999.9 365
sta3 2012 9 23 267 10.8 23.2 7.3 1.8 8.9 -999.9 -999.9 365
sta3 2012 9 24 268 15 20.7 10.7 3.3 1.4 -999.9 -999.9 365
sta3 2012 9 25 269 13 16.1 4.7 1.7 20.6 -999.9 -999.9 365
sta3 2012 9 26 270 11 12 1.6 0.5 19.9 -999.9 -999.9 365
sta3 2012 9 27 271 9.6 18.4 12.3 2.5 2.2 -999.9 -999.9 365
sta3 2012 9 28 272 5.7 19.7 15.6 1.7 0 -999.9 -999.9 365
sta3 2012 9 29 273 7.4 18.6 13 2.4 0 -999.9 -999.9 365
sta3 2012 9 30 274 8.7 18.1 12.7 2.3 0 -999.9 -999.9 365
sta3 2012 10 1 275 7 19.6 16.4 2.3 0 -999.9 -999.9 365
sta3 2012 10 2 276 6.2 20.1 15 2.1 1.2 -999.9 -999.9 365
sta3 2012 10 3 277 10.4 19.1 9.6 1.9 0 -999.9 -999.9 365
sta3 2012 10 4 278 13.9 17.8 4.4 2.1 0.2 -999.9 -999.9 365
sta3 2012 10 5 279 10 23 14.9 2.5 0.2 -999.9 -999.9 365
sta3 2012 10 6 280 8.3 23.4 10.4 1.7 4 -999.9 -999.9 365
sta3 2012 10 7 281 14.7 19.1 6.8 2.1 0.4 -999.9 -999.9 365
sta3 2012 10 8 282 8.8 16.5 3.9 0.8 20.5 -999.9 -999.9 365
sta3 2012 10 9 283 13.4 20 7.2 1.5 3 -999.9 -999.9 365
sta3 2012 10 10 284 14.7 20.9 7.4 2 3.2 -999.9 -999.9 365
sta3 2012 10 11 285 13.6 18.7 5 1.2 2.8 -999.9 -999.9 365
sta3 2012 10 12 286 9.9 16.2 7.1 1.8 0.2 -999.9 -999.9 365
sta3 2012 10 13 287 2.3 15.7 9.6 1.3 2 -999.9 -999.9 365
sta3 2012 10 14 288 9.4 12.1 2.7 1 6.6 -999.9 -999.9 365
sta3 2012 10 15 289 3.4 13.2 9.6 1.3 0 -999.9 -999.9 365
sta3 2012 10 16 290 -0.3 11 4.4 0.4 1.2 -999.9 -999.9 365
sta3 2012 10 17 291 6 19.7 7.7 1.6 0.2 -999.9 -999.9 365
sta3 2012 10 18 292 15.7 21.9 9.4 5.9 0 -999.9 -999.9 365
sta3 2012 10 19 293 12.2 23.3 8.8 4.3 0 -999.9 -999.9 365
sta3 2012 10 20 294 10.8 21.1 6 1.5 0 -999.9 -999.9 365
sta3 2012 10 21 295 11.8 22.5 8.6 1.7 0 -999.9 -999.9 365
sta3 2012 10 22 296 10.9 24.1 10.4 1.4 0 -999.9 -999.9 365
sta3 2012 10 23 297 10.4 12 2.1 0.5 0.2 -999.9 -999.9 365
sta3 2012 10 24 298 9.5 12.9 2.6 0.9 0 -999.9 -999.9 365
sta3 2012 10 25 299 8.7 14.8 4.6 1.1 0.2 -999.9 -999.9 365
sta3 2012 10 26 300 8.1 11.5 2.9 0.7 16.9 -999.9 -999.9 365
sta3 2012 10 27 301 2.9 5.4 3.1 1.3 0 -999.9 -999.9 365
sta3 2012 10 28 302 0 6.5 10.4 1.9 0 -999.9 -999.9 365
sta3 2012 10 29 303 -4.4 8.3 8.8 0.7 0 -999.9 -999.9 365
sta3 2012 10 30 304 -2.4 10.8 10.5 0.9 0 -999.9 -999.9 365
sta3 2012 10 31 305 -3.6 8.8 6.7 0.3 0 -999.9 -999.9 365
sta3 2012 11 1 306 -0.8 10.8 4.1 0.5 1.6 -999.9 -999.9 365
sta3 2012 11 2 307 5.8 13.4 5.1 1.1 10.6 -999.9 -999.9 365
sta3 2012 11 3 308 9.4 17.5 7.5 2 5.4 -999.9 -999.9 365
sta3 2012 11 4 309 8.5 14.2 2.4 1.1 5.6 -999.9 -999.9 365
sta3 2012 11 5 310 4.1 12.4 5.3 1 1.6 -999.9 -999.9 365
sta3 2012 11 6 311 4.5 10.4 5.4 1 0.4 -999.9 -999.9 365
sta3 2012 11 7 312 0.9 10.9 4.6 0.7 0.2 -999.9 -999.9 365
sta3 2012 11 8 313 1.9 7.7 4.5 0.6 0 -999.9 -999.9 365
sta3 2012 11 9 314 -0.5 10.3 4.8 0.3 4 -999.9 -999.9 365
sta3 2012 11 10 315 7 12.5 1.2 0 13 -999.9 -999.9 365
sta3 2012 11 11 316 6 11.2 3.9 0.8 0 -999.9 -999.9 365
sta3 2012 11 12 317 1.4 7.3 4 0.4 0 -999.9 -999.9 365
sta3 2012 11 13 318 1.4 10 7.8 0.7 0 -999.9 -999.9 365
sta3 2012 11 14 319 2.9 4.9 1.3 0.1 0 -999.9 -999.9 365
sta3 2012 11 15 320 2.5 5.8 2.8 0.3 0.2 -999.9 -999.9 365
sta3 2012 11 16 321 2.8 6.7 1.7 0.2 0.2 -999.9 -999.9 365
sta3 2012 11 17 322 5.4 10.9 2.8 0.5 0.2 -999.9 -999.9 365
sta3 2012 11 18 323 3.8 12.5 4.8 0.5 0 -999.9 -999.9 365
sta3 2012 11 19 324 2.4 12.2 7.2 0.6 0.2 -999.9 -999.9 365
sta3 2012 11 20 325 2.5 3.4 1.5 0.1 0 -999.9 -999.9 365
sta3 2012 11 21 326 1.8 7.3 1.9 0.1 1.8 -999.9 -999.9 365
sta3 2012 11 22 327 1.8 7.1 2.2 0.1 0.2 -999.9 -999.9 365
sta3 2012 11 23 328 6.2 10.1 4 0.7 0 -999.9 -999.9 365
sta3 2012 11 24 329 2.6 13.8 2.8 0.5 0 -999.9 -999.9 365
sta3 2012 11 25 330 8.7 14.1 3.5 1.4 4.6 -999.9 -999.9 365
sta3 2012 11 26 331 8.2 11.2 0.7 0.4 16.5 -999.9 -999.9 365
sta3 2012 11 27 332 5.9 7.8 2.3 0.5 0 -999.9 -999.9 365
sta3 2012 11 28 333 4.4 7.5 1.7 1.1 0 -999.9 -999.9 365
sta3 2012 11 29 334 4 6.4 2.2 1.4 0 -999.9 -999.9 365
sta3 2012 11 30 335 -0.1 4.9 6.1 1.3 0 -999.9 -999.9 365
sta3 2012 12 1 336 -2.4 4.6 6.5 0.9 0.6 -999.9 -999.9 365
sta3 2012 12 2 337 -3.4 5 5.1 0.4 1 -999.9 -999.9 365
sta3 2012 12 3 338 -5 7.8 1 0.4 14.7 -999.9 -999.9 365
sta3 2012 12 4 339 1.5 6.3 2.2 0.4 1.4 -999.9 -999.9 365
sta3 2012 12 5 340 1.8 4.9 2.2 0.5 1.8 -999.9 -999.9 365
sta3 2012 12 6 341 -1.6 3.4 5.8 0.6 0 -999.9 -999.9 365
sta3 2012 12 7 342 -2.8 4 2.3 0.4 2.8 -999.9 -999.9 365
sta3 2012 12 8 343 0.3 2.1 1.1 0.5 0.2 -999.9 -999.9 365
sta3 2012 12 9 344 -2.3 3.9 4.6 0.4 0.6 -999.9 -999.9 365
sta3 2012 12 10 345 2 6.3 4.9 0.9 0.2 -999.9 -999.9 365
sta3 2012 12 11 346 -1.7 1.8 5.9 0.9 0 -999.9 -999.9 365
sta3 2012 12 12 347 -5.8 -0.6 4.9 0.4 0 -999.9 -999.9 365
sta3 2012 12 13 348 -7.3 3.2 2.7 0.1 2 -999.9 -999.9 365
sta3 2012 12 14 349 1.7 9.8 1.3 0 16.1 -999.9 -999.9 365
sta3 2012 12 15 350 7.8 11.2 2.5 1.2 1.6 -999.9 -999.9 365
sta3 2012 12 16 351 6.9 10.3 2.9 1.1 2.6 -999.9 -999.9 365
sta3 2012 12 17 352 6.1 9.1 2.2 0.9 1.8 -999.9 -999.9 365
sta3 2012 12 18 353 4.6 8 0.8 0.7 1.6 -999.9 -999.9 365
sta3 2012 12 19 354 0.6 4 2.2 0 0 -999.9 -999.9 365
sta3 2012 12 20 355 3 7.5 0.7 0.3 9.3 -999.9 -999.9 365
sta3 2012 12 21 356 4.4 7.9 2.1 0.3 1.8 -999.9 -999.9 365
sta3 2012 12 22 357 2.2 10.6 0.7 0.4 7.5 -999.9 -999.9 365
sta3 2012 12 23 358 6.5 14.3 3.7 1.1 0 -999.9 -999.9 365
sta3 2012 12 24 359 1.5 12.4 3.1 0.3 0 -999.9 -999.9 365
sta3 2012 12 25 360 9.3 13.1 0.8 2 0.6 -999.9 -999.9 365
sta3 2012 12 26 361 6.1 10.4 4.2 1.2 0.8 -999.9 -999.9 365
sta3 2012 12 27 362 6.2 11.1 1.7 1.5 7.4 -999.9 -999.9 365
sta3 2012 12 28 363 4.4 7.8 1.4 0.5 0.6 -999.9 -999.9 365
sta3 2012 12 29 364 0.5 12.4 4.7 1 0 -999.9 -999.9 365
sta3 2012 12 30 365 5.1 11.2 4.8 1.4 0.4 -999.9 -999.9 365
sta3 2012 12 31 366 3.5 10 4.1 1 1.2 -999.9 -999.9 365
