sta3 2014 1 1 1 2.5 10.3 4.4 0.5 10.5 -999.9 -999.9 365
sta3 2014 1 2 2 7.3 12.6 5.1 1.2 1.6 -999.9 -999.9 365
sta3 2014 1 3 3 2.7 10.4 1.1 0 2 -999.9 -999.9 365
sta3 2014 1 4 4 5.3 9.8 0.7 0.2 11.2 -999.9 -999.9 365
sta3 2014 1 5 5 3.5 8.3 3.8 0.8 1 -999.9 -999.9 365
sta3 2014 1 6 6 5.4 11.5 4.1 1.7 0 -999.9 -999.9 365
sta3 2014 1 7 7 8.4 12.9 3.3 1.3 0 -999.9 -999.9 365
sta3 2014 1 8 8 6.2 14 5 0.9 0.2 -999.9 -999.9 365
sta3 2014 1 9 9 8 11.5 2.1 1.4 0 -999.9 -999.9 365
sta3 2014 1 10 10 4.6 10.9 3.8 0.8 0 -999.9 -999.9 365
sta3 2014 1 11 11 1.1 8.7 1.3 0.1 0 -999.9 -999.9 365
sta3 2014 1 12 12 3.7 5.8 1 0.1 0 -999.9 -999.9 365
sta3 2014 1 13 13 3.8 6.9 0.9 0 6 -999.9 -999.9 365
sta3 2014 1 14 14 2.9 7.1 3 0.6 0.4 -999.9 -999.9 365
sta3 2014 1 15 15 -3.8 5.5 2.5 0.1 1.6 -999.9 -999.9 365
sta3 2014 1 16 16 2.8 9.5 1.7 0.6 1 -999.9 -999.9 365
sta3 2014 1 17 17 1.8 10.9 6.9 0.8 0 -999.9 -999.9 365
sta3 2014 1 18 18 -1.3 9.5 4.6 0.4 10.4 -999.9 -999.9 365
sta3 2014 1 19 19 4.1 8.6 2.5 0.4 13.1 -999.9 -999.9 365
sta3 2014 1 20 20 4.5 6.4 1.6 0.5 0.8 -999.9 -999.9 365
sta3 2014 1 21 21 3.6 5.7 2.9 0.8 0 -999.9 -999.9 365
sta3 2014 1 22 22 -1.7 2 1.6 0.1 2.2 -999.9 -999.9 365
sta3 2014 1 23 23 0.7 8.6 3.6 0.6 4.4 -999.9 -999.9 365
sta3 2014 1 24 24 -0.3 7.1 7 0.8 0 -999.9 -999.9 365
sta3 2014 1 25 25 -3 6.7 6 0.6 0.2 -999.9 -999.9 365
sta3 2014 1 26 26 1.1 7.5 2.7 0.6 9.3 -999.9 -999.9 365
sta3 2014 1 27 27 2.2 7.9 5.7 1.3 0 -999.9 -999.9 365
sta3 2014 1 28 28 -0.9 6 4.7 0.8 0 -999.9 -999.9 365
sta3 2014 1 29 29 -1.3 7 2 0.4 2.4 -999.9 -999.9 365
sta3 2014 1 30 30 1 6.4 4.3 0.5 0.4 -999.9 -999.9 365
sta3 2014 1 31 31 -0.9 7.7 8 0.4 0 -999.9 -999.9 365
sta3 2014 2 1 32 -1 5.3 1 0 7.7 -999.9 -999.9 365
sta3 2014 2 2 33 1 9.3 7.9 0.6 0 -999.9 -999.9 365
sta3 2014 2 3 34 -1.5 7.1 6.7 0.6 0 -999.9 -999.9 365
sta3 2014 2 4 35 -1.2 9.4 6.3 0.8 1.8 -999.9 -999.9 365
sta3 2014 2 5 36 -0.6 8.7 2.1 0.4 4.8 -999.9 -999.9 365
sta3 2014 2 6 37 2.1 11.6 6.6 1.7 1.8 -999.9 -999.9 365
sta3 2014 2 7 38 5.5 10.4 3.9 1.6 0 -999.9 -999.9 365
sta3 2014 2 8 39 3.9 7.2 1.8 0.9 4.4 -999.9 -999.9 365
sta3 2014 2 9 40 4.4 10.2 6.8 2.4 0.4 -999.9 -999.9 365
sta3 2014 2 10 41 1.7 6.4 1.3 0.3 12.3 -999.9 -999.9 365
sta3 2014 2 11 42 1.9 8.8 8.4 1.1 0.2 -999.9 -999.9 365
sta3 2014 2 12 43 0.4 8.9 10.5 0.8 0.2 -999.9 -999.9 365
sta3 2014 2 13 44 3.2 10.5 3.3 1.3 15.1 -999.9 -999.9 365
sta3 2014 2 14 45 1 10.5 3.3 1 0 -999.9 -999.9 365
sta3 2014 2 15 46 7.2 11 1 1.1 6.2 -999.9 -999.9 365
sta3 2014 2 16 47 4 10 5.9 1.2 0.2 -999.9 -999.9 365
sta3 2014 2 17 48 -0.5 10.9 8.2 0.8 0 -999.9 -999.9 365
sta3 2014 2 18 49 -0.9 10.6 8.2 0.8 0.4 -999.9 -999.9 365
sta3 2014 2 19 50 1.3 11.6 5.7 0.5 2.8 -999.9 -999.9 365
sta3 2014 2 20 51 0.3 11.6 7.5 0.5 1.4 -999.9 -999.9 365
sta3 2014 2 21 52 5.6 11.4 10.1 2 0 -999.9 -999.9 365
sta3 2014 2 22 53 -0.2 7.3 3.8 0.2 19.2 -999.9 -999.9 365
sta3 2014 2 23 54 5.2 13.5 9.9 1.3 0 -999.9 -999.9 365
sta3 2014 2 24 55 -2 15.1 13.1 1.2 0 -999.9 -999.9 365
sta3 2014 2 25 56 0.1 11.3 4.1 0.7 2.4 -999.9 -999.9 365
sta3 2014 2 26 57 4.9 9 4.1 1.1 0 -999.9 -999.9 365
sta3 2014 2 27 58 -1.4 8.3 5.5 0.4 4.4 -999.9 -999.9 365
sta3 2014 2 28 59 4.2 6.2 3.3 0.7 4.2 -999.9 -999.9 365
sta3 2014 3 1 60 2.9 8.4 6.2 1.1 0.2 -999.9 -999.9 365
sta3 2014 3 2 61 0.5 10.9 13.7 1.5 3 -999.9 -999.9 365
sta3 2014 3 3 62 0.7 9.6 7.9 1.1 0.6 -999.9 -999.9 365
sta3 2014 3 4 63 3.1 10.1 7.1 1.5 0 -999.9 -999.9 365
sta3 2014 3 5 64 1.2 12.1 14.2 2 0 -999.9 -999.9 365
sta3 2014 3 6 65 0 13 15.3 1.8 0 -999.9 -999.9 365
sta3 2014 3 7 66 0.4 13.8 14.9 1.6 0 -999.9 -999.9 365
sta3 2014 3 8 67 3.1 18.1 15.9 3 0 -999.9 -999.9 365
sta3 2014 3 9 68 1.1 17.8 15.8 1.8 0 -999.9 -999.9 365
sta3 2014 3 10 69 1.7 18.2 15.7 2.6 0 -999.9 -999.9 365
sta3 2014 3 11 70 4.4 17.3 13.3 3.2 0 -999.9 -999.9 365
sta3 2014 3 12 71 3.3 16.4 15.6 2.3 0 -999.9 -999.9 365
sta3 2014 3 13 72 0.9 18.2 15.3 1.6 0 -999.9 -999.9 365
sta3 2014 3 14 73 3.2 19.9 15.1 2.2 0 -999.9 -999.9 365
sta3 2014 3 15 74 3.2 12.6 5.8 1.2 0 -999.9 -999.9 365
sta3 2014 3 16 75 3.6 19.7 17.3 2.4 0 -999.9 -999.9 365
sta3 2014 3 17 76 1.1 20.2 17.8 1.9 0 -999.9 -999.9 365
sta3 2014 3 18 77 3 20.7 16.3 2.4 0 -999.9 -999.9 365
sta3 2014 3 19 78 5.9 16.5 17.2 2.6 0 -999.9 -999.9 365
sta3 2014 3 20 79 3.4 20.9 18 2.8 0 -999.9 -999.9 365
sta3 2014 3 21 80 8.9 16.5 8.5 2.6 9.3 -999.9 -999.9 365
sta3 2014 3 22 81 7.9 13 6 2 1.2 -999.9 -999.9 365
sta3 2014 3 23 82 0.6 9.2 10.9 1.4 0.6 -999.9 -999.9 365
sta3 2014 3 24 83 2.2 8.5 11 1.5 2.4 -999.9 -999.9 365
sta3 2014 3 25 84 -0.5 10.1 13.2 1.7 0 -999.9 -999.9 365
sta3 2014 3 26 85 2.8 11.6 16.4 2.8 0 -999.9 -999.9 365
sta3 2014 3 27 86 -0.7 12.9 16.5 2.1 0 -999.9 -999.9 365
sta3 2014 3 28 87 1.3 16.9 20 2.6 0 -999.9 -999.9 365
sta3 2014 3 29 88 1.1 19.5 18.6 2.4 0 -999.9 -999.9 365
sta3 2014 3 30 89 7.4 19.1 12.4 2.8 0 -999.9 -999.9 365
sta3 2014 3 31 90 5.7 20.2 17.9 2.9 0 -999.9 -999.9 365
sta3 2014 4 1 91 3.3 19.2 18.5 2.3 0 -999.9 -999.9 365
sta3 2014 4 2 92 5.5 20.8 15.8 3 0 -999.9 -999.9 365
sta3 2014 4 3 93 10.3 17.2 6.6 2.2 0 -999.9 -999.9 365
sta3 2014 4 4 94 12.2 15.5 5.7 2.2 1 -999.9 -999.9 365
sta3 2014 4 5 95 10.3 16.9 10.9 3 0 -999.9 -999.9 365
sta3 2014 4 6 96 6.9 20.5 21.6 3.2 0 -999.9 -999.9 365
sta3 2014 4 7 97 6.4 22.3 18.8 3 0 -999.9 -999.9 365
sta3 2014 4 8 98 11.8 15.7 17 4.4 0 -999.9 -999.9 365
sta3 2014 4 9 99 3.7 16.5 22.9 3.1 0 -999.9 -999.9 365
sta3 2014 4 10 100 4.7 20.7 23.5 4 0 -999.9 -999.9 365
sta3 2014 4 11 101 6.4 21.9 22.1 4 0 -999.9 -999.9 365
sta3 2014 4 12 102 9.3 21 21.6 4.1 0 -999.9 -999.9 365
sta3 2014 4 13 103 8.5 19.4 22.7 4.1 0 -999.9 -999.9 365
sta3 2014 4 14 104 4.8 18.9 23.8 3.8 0 -999.9 -999.9 365
sta3 2014 4 15 105 3.7 13.6 24.5 3.8 0 -999.9 -999.9 365
sta3 2014 4 16 106 1.5 15.9 25.1 4.2 0 -999.9 -999.9 365
sta3 2014 4 17 107 2.3 18.3 25 3.8 0.8 -999.9 -999.9 365
sta3 2014 4 18 108 5.8 13.5 7.4 2.4 0.2 -999.9 -999.9 365
sta3 2014 4 19 109 0.7 11.6 14.1 1.9 0 -999.9 -999.9 365
sta3 2014 4 20 110 -0.4 17.8 20.1 2.4 5.6 -999.9 -999.9 365
sta3 2014 4 21 111 8.5 13.7 8.6 1.5 1.1 -999.9 -999.9 365
sta3 2014 4 22 112 6 19.6 19.8 2.8 0 -999.9 -999.9 365
sta3 2014 4 23 113 8.1 22.2 23.6 3.7 0 -999.9 -999.9 365
sta3 2014 4 24 114 8.2 22.2 23.2 3.5 0 -999.9 -999.9 365
sta3 2014 4 25 115 9.2 19.6 16.9 3.4 0 -999.9 -999.9 365
sta3 2014 4 26 116 6.1 18 15.7 2.5 1.8 -999.9 -999.9 365
sta3 2014 4 27 117 5.5 15.8 15.5 2.3 0 -999.9 -999.9 365
sta3 2014 4 28 118 7.5 15.4 13.8 2.5 0.2 -999.9 -999.9 365
sta3 2014 4 29 119 3.8 17.4 18.2 2.4 7.1 -999.9 -999.9 365
sta3 2014 4 30 120 9.4 16.1 10.8 2 3.2 -999.9 -999.9 365
sta3 2014 5 1 121 10.7 18.2 14.7 2.8 8.2 -999.9 -999.9 365
sta3 2014 5 2 122 9.3 17.4 14.9 3 0.2 -999.9 -999.9 365
sta3 2014 5 3 123 7.7 12 10 2.6 0 -999.9 -999.9 365
sta3 2014 5 4 124 3.3 16.9 28 4 0 -999.9 -999.9 365
sta3 2014 5 5 125 4.2 20.8 28.1 3.7 0 -999.9 -999.9 365
sta3 2014 5 6 126 8.9 18.8 10.8 3 1.4 -999.9 -999.9 365
sta3 2014 5 7 127 12 19.8 19.3 4.3 0.2 -999.9 -999.9 365
sta3 2014 5 8 128 8.3 20.1 20.7 3.8 0.2 -999.9 -999.9 365
sta3 2014 5 9 129 13 21.4 18.4 4.4 0 -999.9 -999.9 365
sta3 2014 5 10 130 11.4 20.6 16 3.9 0 -999.9 -999.9 365
sta3 2014 5 11 131 9.9 16 17.6 3.5 4.6 -999.9 -999.9 365
sta3 2014 5 12 132 7 13.8 13.6 2.5 0.2 -999.9 -999.9 365
sta3 2014 5 13 133 7 16.2 20.5 3.5 1.2 -999.9 -999.9 365
sta3 2014 5 14 134 5.8 15.7 15.7 2.7 6.3 -999.9 -999.9 365
sta3 2014 5 15 135 6.4 15.8 22.6 4 0 -999.9 -999.9 365
sta3 2014 5 16 136 5.9 18.7 26.7 4.6 0 -999.9 -999.9 365
sta3 2014 5 17 137 8.5 21.5 28.9 5.4 0 -999.9 -999.9 365
sta3 2014 5 18 138 7.1 22.7 29.6 4.5 0 -999.9 -999.9 365
sta3 2014 5 19 139 7.3 24.4 25.4 4.9 0 -999.9 -999.9 365
sta3 2014 5 20 140 11.2 24.5 26.2 5.2 0 -999.9 -999.9 365
sta3 2014 5 21 141 13 25.1 16.3 4.3 1.2 -999.9 -999.9 365
sta3 2014 5 22 142 10.9 24.2 14.6 4.2 2.4 -999.9 -999.9 365
sta3 2014 5 23 143 11.5 23 26.7 5.5 0 -999.9 -999.9 365
sta3 2014 5 24 144 5.5 19.9 21.9 3.9 0 -999.9 -999.9 365
sta3 2014 5 25 145 6 23.5 21.8 4.1 0 -999.9 -999.9 365
sta3 2014 5 26 146 12.6 19.2 12.7 2.8 1 -999.9 -999.9 365
sta3 2014 5 27 147 12.4 17.4 8.8 2.6 0.2 -999.9 -999.9 365
sta3 2014 5 28 148 5.7 18.9 17.7 2.7 1.6 -999.9 -999.9 365
sta3 2014 5 29 149 8.2 21.1 23 4.1 0 -999.9 -999.9 365
sta3 2014 5 30 150 10.2 22.5 23.9 4.8 0 -999.9 -999.9 365
sta3 2014 5 31 151 8.1 21.7 30.8 5.3 0 -999.9 -999.9 365
sta3 2014 6 1 152 11.1 22 21 5 0 -999.9 -999.9 365
sta3 2014 6 2 153 12.8 23 22.3 5.7 0 -999.9 -999.9 365
sta3 2014 6 3 154 10.9 22.6 17.5 3.8 0.8 -999.9 -999.9 365
sta3 2014 6 4 155 12.4 18.7 10.9 2.5 7.9 -999.9 -999.9 365
sta3 2014 6 5 156 7.2 21.7 28.7 4.3 0 -999.9 -999.9 365
sta3 2014 6 6 157 8.2 28.8 28.5 5.3 0 -999.9 -999.9 365
sta3 2014 6 7 158 11.4 30.8 26.6 6.1 0 -999.9 -999.9 365
sta3 2014 6 8 159 13.8 33.3 29.6 6.7 0 -999.9 -999.9 365
sta3 2014 6 9 160 14.3 35.4 27.9 7.6 0 -999.9 -999.9 365
sta3 2014 6 10 161 17.5 33.9 24.3 7.4 0.8 -999.9 -999.9 365
sta3 2014 6 11 162 15.4 31.7 26.7 6.3 0 -999.9 -999.9 365
sta3 2014 6 12 163 19.2 31.7 22.8 7.1 3.8 -999.9 -999.9 365
sta3 2014 6 13 164 17.3 30.5 28.1 7.5 0 -999.9 -999.9 365
sta3 2014 6 14 165 15.6 25.1 26.4 7.5 0 -999.9 -999.9 365
sta3 2014 6 15 166 12.7 24.3 28.4 7.3 0 -999.9 -999.9 365
sta3 2014 6 16 167 13.7 25.7 30.3 8.1 0 -999.9 -999.9 365
sta3 2014 6 17 168 12.6 23.9 27.2 6.7 0 -999.9 -999.9 365
sta3 2014 6 18 169 13.9 26.1 25.6 6.9 0 -999.9 -999.9 365
sta3 2014 6 19 170 14.3 28.2 27.8 7 0 -999.9 -999.9 365
sta3 2014 6 20 171 12.8 25.6 26 6.1 0 -999.9 -999.9 365
sta3 2014 6 21 172 11.5 27.3 31.7 7 0 -999.9 -999.9 365
sta3 2014 6 22 173 14.3 30.8 28 7.2 0 -999.9 -999.9 365
sta3 2014 6 23 174 16.2 23.5 12.4 3.9 2 -999.9 -999.9 365
sta3 2014 6 24 175 15.4 27.1 27.8 6.6 0 -999.9 -999.9 365
sta3 2014 6 25 176 15.9 25.8 22.7 7.2 0 -999.9 -999.9 365
sta3 2014 6 26 177 11.6 27.4 31.2 7.3 0 -999.9 -999.9 365
sta3 2014 6 27 178 14.5 26.4 17.2 5.3 4.5 -999.9 -999.9 365
sta3 2014 6 28 179 15.2 24.4 11.5 3.2 22.2 -999.9 -999.9 365
sta3 2014 6 29 180 14.2 20.9 16.7 3.9 1.8 -999.9 -999.9 365
sta3 2014 6 30 181 10.7 21.8 19.9 3.9 0 -999.9 -999.9 365
sta3 2014 7 1 182 9.9 26.2 29.3 5.9 0 -999.9 -999.9 365
sta3 2014 7 2 183 16.3 25.4 22.2 5.3 0 -999.9 -999.9 365
sta3 2014 7 3 184 13.6 30.8 30.7 6.4 0 -999.9 -999.9 365
sta3 2014 7 4 185 17.5 29.4 14.5 5.6 6.9 -999.9 -999.9 365
sta3 2014 7 5 186 16.8 25.3 10.2 3.4 2.6 -999.9 -999.9 365
sta3 2014 7 6 187 14.7 29.5 13.6 4.1 13.3 -999.9 -999.9 365
sta3 2014 7 7 188 14.4 20.9 10.9 2.5 6.8 -999.9 -999.9 365
sta3 2014 7 8 189 13.9 20 15.3 3.6 0.2 -999.9 -999.9 365
sta3 2014 7 9 190 12.7 18.9 10 3 8.5 -999.9 -999.9 365
sta3 2014 7 10 191 11.9 18.2 6.2 1.5 0.2 -999.9 -999.9 365
sta3 2014 7 11 192 15.6 17.4 4.8 1.5 1.2 -999.9 -999.9 365
sta3 2014 7 12 193 14.7 20.7 9.7 2.6 0 -999.9 -999.9 365
sta3 2014 7 13 194 13.1 22.5 12.9 2.8 3.6 -999.9 -999.9 365
sta3 2014 7 14 195 15.8 23.4 25.5 5.5 0.2 -999.9 -999.9 365
sta3 2014 7 15 196 9.9 26.3 27.6 4.6 0 -999.9 -999.9 365
sta3 2014 7 16 197 14.3 29.4 27.4 5.5 0 -999.9 -999.9 365
sta3 2014 7 17 198 16.4 32.3 29.2 6.7 0 -999.9 -999.9 365
sta3 2014 7 18 199 16.8 34.5 27.8 6.8 0 -999.9 -999.9 365
sta3 2014 7 19 200 16.6 32.2 18.8 6.4 3.7 -999.9 -999.9 365
sta3 2014 7 20 201 18 23 11.5 3.4 11.7 -999.9 -999.9 365
sta3 2014 7 21 202 15.8 21.9 9.5 2.2 2.6 -999.9 -999.9 365
sta3 2014 7 22 203 17.3 20.9 5.8 2 0 -999.9 -999.9 365
sta3 2014 7 23 204 18.7 29.1 22.9 6.2 0 -999.9 -999.9 365
sta3 2014 7 24 205 16 29.3 25.3 5.7 0 -999.9 -999.9 365
sta3 2014 7 25 206 14 27.6 15.1 3.5 2.4 -999.9 -999.9 365
sta3 2014 7 26 207 16.4 25.5 15.4 3.5 0.2 -999.9 -999.9 365
sta3 2014 7 27 208 13.8 28.4 23.1 4.7 0 -999.9 -999.9 365
sta3 2014 7 28 209 14.7 20.8 5.9 1.5 20.6 -999.9 -999.9 365
sta3 2014 7 29 210 15.1 18.8 6.2 1.5 17.1 -999.9 -999.9 365
sta3 2014 7 30 211 15.8 24.1 17.3 3.8 0 -999.9 -999.9 365
sta3 2014 7 31 212 13.2 26.2 26.4 4.8 0.2 -999.9 -999.9 365
sta3 2014 8 1 213 14.9 28.5 23.7 4.9 9.8 -999.9 -999.9 365
sta3 2014 8 2 214 17.1 24.3 11.5 2.9 6.1 -999.9 -999.9 365
sta3 2014 8 3 215 15.2 24.6 15.6 3 4.2 -999.9 -999.9 365
sta3 2014 8 4 216 14.5 24.3 15.7 3.1 8.8 -999.9 -999.9 365
sta3 2014 8 5 217 13 24.9 22.5 4.3 0.4 -999.9 -999.9 365
sta3 2014 8 6 218 12.8 24.1 14.8 3.1 0.2 -999.9 -999.9 365
sta3 2014 8 7 219 17.1 25.3 14.6 3.1 21.1 -999.9 -999.9 365
sta3 2014 8 8 220 16 27.7 19.7 4.2 3.8 -999.9 -999.9 365
sta3 2014 8 9 221 17.2 25.9 23.7 4.7 10.5 -999.9 -999.9 365
sta3 2014 8 10 222 16.5 27.2 14.3 3.6 1.2 -999.9 -999.9 365
sta3 2014 8 11 223 14.7 21.1 20.6 4.3 0 -999.9 -999.9 365
sta3 2014 8 12 224 14.2 23.4 22.5 4.4 0.8 -999.9 -999.9 365
sta3 2014 8 13 225 12.6 18.3 9.2 2.1 4.2 -999.9 -999.9 365
sta3 2014 8 14 226 10.6 19.8 13.1 2.4 7.3 -999.9 -999.9 365
sta3 2014 8 15 227 13.3 20.7 17.1 4 0.2 -999.9 -999.9 365
sta3 2014 8 16 228 9.4 21.2 18.1 2.9 0.2 -999.9 -999.9 365
sta3 2014 8 17 229 7.6 22.6 18.9 2.8 0 -999.9 -999.9 365
sta3 2014 8 18 230 12.7 21.1 14.7 3.6 0 -999.9 -999.9 365
sta3 2014 8 19 231 11.9 22.2 20.2 4.2 0 -999.9 -999.9 365
sta3 2014 8 20 232 9.4 21.2 13.7 3 0 -999.9 -999.9 365
sta3 2014 8 21 233 8.2 21.2 19.4 3.3 0 -999.9 -999.9 365
sta3 2014 8 22 234 8.3 22.4 19.9 4 0 -999.9 -999.9 365
sta3 2014 8 23 235 12.3 19.1 11.6 2.8 9.1 -999.9 -999.9 365
sta3 2014 8 24 236 7.3 20.2 18.4 2.6 0 -999.9 -999.9 365
sta3 2014 8 25 237 9.2 19.5 10 2 6.2 -999.9 -999.9 365
sta3 2014 8 26 238 14.3 23.1 15 3.1 10.5 -999.9 -999.9 365
sta3 2014 8 27 239 14.9 22.5 11.5 2.8 0 -999.9 -999.9 365
sta3 2014 8 28 240 12.3 26.4 18.4 3.5 4 -999.9 -999.9 365
sta3 2014 8 29 241 17.7 22.4 7.9 2.1 0 -999.9 -999.9 365
sta3 2014 8 30 242 11.3 25.1 19.3 3.4 0 -999.9 -999.9 365
sta3 2014 8 31 243 14.6 20.2 8.2 2.8 0 -999.9 -999.9 365
sta3 2014 9 1 244 10.2 20.8 21 3.5 0 -999.9 -999.9 365
sta3 2014 9 2 245 9.2 22.9 20.9 3.9 0 -999.9 -999.9 365
sta3 2014 9 3 246 12.7 21.7 14.3 3.3 0 -999.9 -999.9 365
sta3 2014 9 4 247 12 24.7 20 3.5 0 -999.9 -999.9 365
sta3 2014 9 5 248 13 27.3 20.3 3.8 0 -999.9 -999.9 365
sta3 2014 9 6 249 13.4 26.7 15.8 3.5 0 -999.9 -999.9 365
sta3 2014 9 7 250 15 27.9 19.4 4.4 0 -999.9 -999.9 365
sta3 2014 9 8 251 14.3 28.7 19.8 3.7 0 -999.9 -999.9 365
sta3 2014 9 9 252 15.3 26.4 13.6 3 0 -999.9 -999.9 365
sta3 2014 9 10 253 16 24.4 15.1 4.3 0 -999.9 -999.9 365
sta3 2014 9 11 254 10.8 21.8 19.4 4.1 0 -999.9 -999.9 365
sta3 2014 9 12 255 10.1 21.4 16.2 3.6 0 -999.9 -999.9 365
sta3 2014 9 13 256 13.5 23.9 14.1 3.7 0 -999.9 -999.9 365
sta3 2014 9 14 257 13.5 23.1 16.9 3.6 0 -999.9 -999.9 365
sta3 2014 9 15 258 11.8 25.8 17 3 0 -999.9 -999.9 365
sta3 2014 9 16 259 11.4 27.2 17.5 3.4 0 -999.9 -999.9 365
sta3 2014 9 17 260 14 27.6 13.9 3.9 0 -999.9 -999.9 365
sta3 2014 9 18 261 14.2 27.2 15.9 3.8 12.4 -999.9 -999.9 365
sta3 2014 9 19 262 13.9 21 6.3 1.2 3 -999.9 -999.9 365
sta3 2014 9 20 263 15.3 25.2 12.8 2.6 3 -999.9 -999.9 365
sta3 2014 9 21 264 14.4 23 12.2 2.9 0.8 -999.9 -999.9 365
sta3 2014 9 22 265 10.6 18.3 15.3 3.2 0 -999.9 -999.9 365
sta3 2014 9 23 266 7.4 19.6 18.1 3.2 0 -999.9 -999.9 365
sta3 2014 9 24 267 7.8 17.1 6.7 1.5 0.8 -999.9 -999.9 365
sta3 2014 9 25 268 8.6 17.7 13.9 2 0 -999.9 -999.9 365
sta3 2014 9 26 269 6.9 21.3 17.1 2.5 0 -999.9 -999.9 365
sta3 2014 9 27 270 10.5 23 16.7 2.9 0 -999.9 -999.9 365
sta3 2014 9 28 271 8.8 25.6 16 2.8 0 -999.9 -999.9 365
sta3 2014 9 29 272 11.6 20.7 5.2 1.4 0 -999.9 -999.9 365
sta3 2014 9 30 273 13.3 23.6 11.7 2.4 0 -999.9 -999.9 365
sta3 2014 10 1 274 10.6 23.6 13.2 2.3 0.2 -999.9 -999.9 365
sta3 2014 10 2 275 10.9 23.7 15.5 2.7 0 -999.9 -999.9 365
sta3 2014 10 3 276 11 23 15.1 2.5 0 -999.9 -999.9 365
sta3 2014 10 4 277 6.6 22.5 12.3 1.8 0.2 -999.9 -999.9 365
sta3 2014 10 5 278 11.2 15.9 2.3 0.4 23 -999.9 -999.9 365
sta3 2014 10 6 279 8.6 18 11.8 1.5 0.6 -999.9 -999.9 365
sta3 2014 10 7 280 12.7 19 5.3 2.1 4.6 -999.9 -999.9 365
sta3 2014 10 8 281 11.2 23.3 8.1 2 0 -999.9 -999.9 365
sta3 2014 10 9 282 15.6 20.3 3.1 1.6 17.5 -999.9 -999.9 365
sta3 2014 10 10 283 14.2 16.6 2.8 0.5 7.2 -999.9 -999.9 365
sta3 2014 10 11 284 11.8 19.3 8.6 1.4 0 -999.9 -999.9 365
sta3 2014 10 12 285 9.6 17.4 4.5 0.5 13.7 -999.9 -999.9 365
sta3 2014 10 13 286 13.2 19.5 8.3 1.6 0 -999.9 -999.9 365
sta3 2014 10 14 287 11.8 19.7 9.4 1.4 0 -999.9 -999.9 365
sta3 2014 10 15 288 9.8 19.2 6.2 1.1 1.4 -999.9 -999.9 365
sta3 2014 10 16 289 12 18.6 5 0.7 10.9 -999.9 -999.9 365
sta3 2014 10 17 290 12.2 20.1 8.9 1.6 0 -999.9 -999.9 365
sta3 2014 10 18 291 9.2 22.4 12.4 1.2 0.2 -999.9 -999.9 365
sta3 2014 10 19 292 9 23.9 11.7 1.2 0 -999.9 -999.9 365
sta3 2014 10 20 293 12.5 22.3 6.9 1.3 6 -999.9 -999.9 365
sta3 2014 10 21 294 11.9 19.2 6.3 2.4 1.8 -999.9 -999.9 365
sta3 2014 10 22 295 7.2 12.3 8.6 1.9 0.4 -999.9 -999.9 365
sta3 2014 10 23 296 4.7 11.9 4.4 0.8 0 -999.9 -999.9 365
sta3 2014 10 24 297 3.6 14.4 10.6 0.7 0 -999.9 -999.9 365
sta3 2014 10 25 298 6.6 16.4 8.6 0.9 0 -999.9 -999.9 365
sta3 2014 10 26 299 6.9 17.9 10.7 1 0.2 -999.9 -999.9 365
sta3 2014 10 27 300 6.6 10 2.4 0.1 0 -999.9 -999.9 365
sta3 2014 10 28 301 7.7 12.9 2.5 0.5 0 -999.9 -999.9 365
sta3 2014 10 29 302 5.3 10.9 3.6 0.3 0 -999.9 -999.9 365
sta3 2014 10 30 303 7.5 17.4 7.8 1 0 -999.9 -999.9 365
sta3 2014 10 31 304 4 13.8 4.9 0.5 0 -999.9 -999.9 365
sta3 2014 11 1 305 5.5 13 4.4 0.5 0 -999.9 -999.9 365
sta3 2014 11 2 306 4.9 16.1 6 0.5 4 -999.9 -999.9 365
sta3 2014 11 3 307 11.1 16.1 2.6 1.3 68.8 -999.9 -999.9 365
sta3 2014 11 4 308 8.6 12.1 0.7 0.4 43.4 -999.9 -999.9 365
sta3 2014 11 5 309 7.6 10.5 2.7 0.7 0 -999.9 -999.9 365
sta3 2014 11 6 310 0 9.8 8.6 0.2 0 -999.9 -999.9 365
sta3 2014 11 7 311 2.9 8.6 3 0.3 1 -999.9 -999.9 365
sta3 2014 11 8 312 0.9 12.1 6 0.5 0 -999.9 -999.9 365
sta3 2014 11 9 313 1.6 8.5 1.6 0 9.4 -999.9 -999.9 365
sta3 2014 11 10 314 5.7 12.3 5.2 0.4 0.4 -999.9 -999.9 365
sta3 2014 11 11 315 3.6 15.8 4.8 0.3 2.2 -999.9 -999.9 365
sta3 2014 11 12 316 9.4 12.7 2.9 0.7 0 -999.9 -999.9 365
sta3 2014 11 13 317 1.3 8.5 2.3 0.1 0 -999.9 -999.9 365
sta3 2014 11 14 318 6.7 11.7 3.2 0.3 23.2 -999.9 -999.9 365
sta3 2014 11 15 319 8.8 11.1 2.2 0.4 0.8 -999.9 -999.9 365
sta3 2014 11 16 320 8.5 10.9 3.5 0.8 2 -999.9 -999.9 365
sta3 2014 11 17 321 7.5 11.3 3.8 0.7 1.4 -999.9 -999.9 365
sta3 2014 11 18 322 6.2 10.2 3.4 0.5 0.6 -999.9 -999.9 365
sta3 2014 11 19 323 4.3 7.6 2.2 0.2 0 -999.9 -999.9 365
sta3 2014 11 20 324 1.9 8 3.2 0.2 0 -999.9 -999.9 365
sta3 2014 11 21 325 4.7 12.6 3.1 0.5 0 -999.9 -999.9 365
sta3 2014 11 22 326 4.2 15.5 6.4 0.6 0 -999.9 -999.9 365
sta3 2014 11 23 327 3.7 15.3 4.8 0.3 0 -999.9 -999.9 365
sta3 2014 11 24 328 6.7 15.9 5 0.5 0 -999.9 -999.9 365
sta3 2014 11 25 329 9.2 12.9 5 0.7 1.2 -999.9 -999.9 365
sta3 2014 11 26 330 8.6 11.7 2 0.3 1.8 -999.9 -999.9 365
sta3 2014 11 27 331 9.3 13.8 2.6 0.4 4.2 -999.9 -999.9 365
sta3 2014 11 28 332 6.6 12.7 6 1.2 0 -999.9 -999.9 365
sta3 2014 11 29 333 2.9 4.6 1.3 0.1 0 -999.9 -999.9 365
sta3 2014 11 30 334 3.1 4.3 0.8 0.3 0 -999.9 -999.9 365
sta3 2014 12 1 335 1.9 4.2 1 0.3 0 -999.9 -999.9 365
sta3 2014 12 2 336 3 4.4 0.7 0.4 0 -999.9 -999.9 365
sta3 2014 12 3 337 2.9 4.5 1.6 0.6 2.8 -999.9 -999.9 365
sta3 2014 12 4 338 3.2 5.3 1.7 0.2 4.7 -999.9 -999.9 365
sta3 2014 12 5 339 4.3 6.5 2.2 0.8 0.2 -999.9 -999.9 365
sta3 2014 12 6 340 3.9 5.3 1.2 0.6 0 -999.9 -999.9 365
sta3 2014 12 7 341 2.5 6.7 1.6 0.7 0.4 -999.9 -999.9 365
sta3 2014 12 8 342 2.8 7.4 3.7 0.5 3.2 -999.9 -999.9 365
sta3 2014 12 9 343 2 5.2 2.4 0.7 0 -999.9 -999.9 365
sta3 2014 12 10 344 -1 5.4 0.9 0.2 2.6 -999.9 -999.9 365
sta3 2014 12 11 345 2.8 7.5 1.9 0.2 0.8 -999.9 -999.9 365
sta3 2014 12 12 346 4.2 7.8 1.8 0.7 0 -999.9 -999.9 365
sta3 2014 12 13 347 3.7 11 2.3 0.5 4.2 -999.9 -999.9 365
sta3 2014 12 14 348 6.5 10.9 2.2 0.3 0 -999.9 -999.9 365
sta3 2014 12 15 349 5.1 9.8 2 0.3 1.4 -999.9 -999.9 365
sta3 2014 12 16 350 0.7 10.1 2.8 0.2 0 -999.9 -999.9 365
sta3 2014 12 17 351 -0.5 7.7 0.4 0 16.9 -999.9 -999.9 365
sta3 2014 12 18 352 5.6 12.9 1 0.1 1.3 -999.9 -999.9 365
sta3 2014 12 19 353 9.9 12.2 2.2 1.1 1.8 -999.9 -999.9 365
sta3 2014 12 20 354 1.4 7.5 1.7 0.5 0 -999.9 -999.9 365
sta3 2014 12 21 355 2.1 10 3.8 0.7 0 -999.9 -999.9 365
sta3 2014 12 22 356 2.4 7.7 5.4 0.7 0 -999.9 -999.9 365
sta3 2014 12 23 357 -2.3 0.4 1.9 0.1 0 -999.9 -999.9 365
sta3 2014 12 24 358 -2.2 9 3.9 0.1 0.2 -999.9 -999.9 365
sta3 2014 12 25 359 1.7 9.2 4.1 0.6 0 -999.9 -999.9 365
sta3 2014 12 26 360 -2.1 6.1 4.2 0.4 6.1 -999.9 -999.9 365
sta3 2014 12 27 361 -0.5 5.9 2.5 0.8 6.8 -999.9 -999.9 365
sta3 2014 12 28 362 -2.4 1.2 0.7 0.9 0 -999.9 -999.9 365
sta3 2014 12 29 363 -7.9 0.6 2.4 0.3 0 -999.9 -999.9 365
sta3 2014 12 30 364 -2 2.5 2.3 0.4 0 -999.9 -999.9 365
sta3 2014 12 31 365 -2 4 4 0.7 0 -999.9 -999.9 365
