sta3 2011 1 1 1 -0.7 1.4 1 0.2 0 -999.9 -999.9 365
sta3 2011 1 2 2 -0.5 3.5 2.9 0.8 0 -999.9 -999.9 365
sta3 2011 1 3 3 -3.3 2.5 6.2 0.7 0 -999.9 -999.9 365
sta3 2011 1 4 4 -4.4 -1.9 1 0.2 0 -999.9 -999.9 365
sta3 2011 1 5 5 -5.6 7 3.9 0.5 0.6 -999.9 -999.9 365
sta3 2011 1 6 6 0.5 10 1.3 0 6.8 -999.9 -999.9 365
sta3 2011 1 7 7 8.3 13.5 1.7 0.7 3.2 -999.9 -999.9 365
sta3 2011 1 8 8 8.5 14.1 2.8 1.2 1.2 -999.9 -999.9 365
sta3 2011 1 9 9 5.4 9.7 0.6 0.5 12.9 -999.9 -999.9 365
sta3 2011 1 10 10 -1.4 6.6 5.1 0.4 0 -999.9 -999.9 365
sta3 2011 1 11 11 0.7 7.1 1.4 0.2 3.2 -999.9 -999.9 365
sta3 2011 1 12 12 4.2 9.7 1.3 0.8 1.2 -999.9 -999.9 365
sta3 2011 1 13 13 6 10.8 1 0 0 -999.9 -999.9 365
sta3 2011 1 14 14 8 12.7 3 1 0 -999.9 -999.9 365
sta3 2011 1 15 15 5.2 13.9 6.4 1.1 0 -999.9 -999.9 365
sta3 2011 1 16 16 -2 3.5 3 0.1 0 -999.9 -999.9 365
sta3 2011 1 17 17 -1.5 5.3 3 0.2 0 -999.9 -999.9 365
sta3 2011 1 18 18 0.5 9.1 3.1 0.3 0.4 -999.9 -999.9 365
sta3 2011 1 19 19 1.3 6 5 1.1 0 -999.9 -999.9 365
sta3 2011 1 20 20 -0.5 4.4 4.3 0.8 0 -999.9 -999.9 365
sta3 2011 1 21 21 -1.5 2.7 7.3 1.3 0 -999.9 -999.9 365
sta3 2011 1 22 22 -3.3 1.3 4.7 1.2 0 -999.9 -999.9 365
sta3 2011 1 23 23 -7.1 3.2 7.7 0.8 0 -999.9 -999.9 365
sta3 2011 1 24 24 -3 2.8 2.1 0.2 0 -999.9 -999.9 365
sta3 2011 1 25 25 0.9 7.8 5.1 1 0 -999.9 -999.9 365
sta3 2011 1 26 26 1.7 4.4 3.1 0.5 2 -999.9 -999.9 365
sta3 2011 1 27 27 0.5 5.2 4 0.8 0 -999.9 -999.9 365
sta3 2011 1 28 28 0.3 4.4 3.2 0.8 0 -999.9 -999.9 365
sta3 2011 1 29 29 -2.8 3.3 8.4 0.9 0 -999.9 -999.9 365
sta3 2011 1 30 30 -3.2 -0.7 1.9 0.5 0 -999.9 -999.9 365
sta3 2011 1 31 31 -6.2 -1.1 1.4 0.2 0 -999.9 -999.9 365
sta3 2011 2 1 32 -2.2 -0.8 2.3 0.6 0 -999.9 -999.9 365
sta3 2011 2 2 33 -3.6 1.6 3.5 0.5 0 -999.9 -999.9 365
sta3 2011 2 3 34 -0.3 2.9 2.1 0.2 0.8 -999.9 -999.9 365
sta3 2011 2 4 35 1.7 8.6 3.6 0.4 0 -999.9 -999.9 365
sta3 2011 2 5 36 6.7 13 7.3 1.7 0 -999.9 -999.9 365
sta3 2011 2 6 37 -2.9 5 3.6 0.6 0 -999.9 -999.9 365
sta3 2011 2 7 38 0 5.6 5.4 0.6 0 -999.9 -999.9 365
sta3 2011 2 8 39 -5.9 7.8 8.3 0.4 0 -999.9 -999.9 365
sta3 2011 2 9 40 1.2 3.6 1.8 0.1 0 -999.9 -999.9 365
sta3 2011 2 10 41 -0.2 7.1 4.5 0.6 0 -999.9 -999.9 365
sta3 2011 2 11 42 -2.3 9 7.8 0.5 0 -999.9 -999.9 365
sta3 2011 2 12 43 -4.1 8.2 5.5 0.8 0.2 -999.9 -999.9 365
sta3 2011 2 13 44 -2.2 9.7 7.4 0.6 0 -999.9 -999.9 365
sta3 2011 2 14 45 -0.2 7.2 1.5 0 5 -999.9 -999.9 365
sta3 2011 2 15 46 2.1 9.2 3.9 0.5 1.2 -999.9 -999.9 365
sta3 2011 2 16 47 -0.3 12.3 9.6 0.9 0 -999.9 -999.9 365
sta3 2011 2 17 48 -0.9 6.1 3.6 0.4 0 -999.9 -999.9 365
sta3 2011 2 18 49 2.5 5.5 2.4 0.6 0 -999.9 -999.9 365
sta3 2011 2 19 50 2.2 4.9 4.4 0.7 3 -999.9 -999.9 365
sta3 2011 2 20 51 3.4 7.3 1.5 0.5 0 -999.9 -999.9 365
sta3 2011 2 21 52 3.3 10 7.7 1.1 0.6 -999.9 -999.9 365
sta3 2011 2 22 53 1.8 4.1 2.9 0.7 0.2 -999.9 -999.9 365
sta3 2011 2 23 54 -3.4 5.1 9.2 0.8 4.2 -999.9 -999.9 365
sta3 2011 2 24 55 2.1 6.5 3 0.2 2.4 -999.9 -999.9 365
sta3 2011 2 25 56 5.8 12.1 5.2 1 0.4 -999.9 -999.9 365
sta3 2011 2 26 57 4.5 9.2 3.5 0.6 4.6 -999.9 -999.9 365
sta3 2011 2 27 58 5.2 7.8 4.5 1.3 1 -999.9 -999.9 365
sta3 2011 2 28 59 0.5 8.6 10.2 1.4 0 -999.9 -999.9 365
sta3 2011 3 1 60 4.4 11.6 9 2.4 0 -999.9 -999.9 365
sta3 2011 3 2 61 0.4 10.4 13.5 2.6 0 -999.9 -999.9 365
sta3 2011 3 3 62 -1.8 7.2 11.6 1.7 0 -999.9 -999.9 365
sta3 2011 3 4 63 -1.8 10.5 12.5 1.6 0 -999.9 -999.9 365
sta3 2011 3 5 64 -1.2 12.6 14.3 1.9 0 -999.9 -999.9 365
sta3 2011 3 6 65 -0.5 10.4 14.9 2.1 0 -999.9 -999.9 365
sta3 2011 3 7 66 -1.6 10.6 15.2 1.8 0 -999.9 -999.9 365
sta3 2011 3 8 67 -3 14.1 14.6 1.7 0 -999.9 -999.9 365
sta3 2011 3 9 68 1 13.6 13.8 2.4 0 -999.9 -999.9 365
sta3 2011 3 10 69 2.6 13 8.9 2 0 -999.9 -999.9 365
sta3 2011 3 11 70 3 14.1 11.3 1.9 0 -999.9 -999.9 365
sta3 2011 3 12 71 -1.5 12.3 6.2 0.7 12.9 -999.9 -999.9 365
sta3 2011 3 13 72 6.7 10 3.7 0.5 10.1 -999.9 -999.9 365
sta3 2011 3 14 73 7.3 16.9 12.9 1.8 0 -999.9 -999.9 365
sta3 2011 3 15 74 6.9 18.1 12.7 2.6 0 -999.9 -999.9 365
sta3 2011 3 16 75 7.9 14 7.7 2 1.8 -999.9 -999.9 365
sta3 2011 3 17 76 7 10.1 2.9 1.1 0 -999.9 -999.9 365
sta3 2011 3 18 77 6.3 11.7 8.4 1.7 3.4 -999.9 -999.9 365
sta3 2011 3 19 78 7.5 9.4 5.3 1.5 0.2 -999.9 -999.9 365
sta3 2011 3 20 79 1.1 13.2 18 3.1 0 -999.9 -999.9 365
sta3 2011 3 21 80 0.5 14.4 18.8 3.2 0 -999.9 -999.9 365
sta3 2011 3 22 81 1.9 15 18.1 2.8 0 -999.9 -999.9 365
sta3 2011 3 23 82 4.1 18.2 18.8 3.3 0 -999.9 -999.9 365
sta3 2011 3 24 83 4.4 19.3 18.4 2.7 0 -999.9 -999.9 365
sta3 2011 3 25 84 1.1 20 19.5 3.1 0 -999.9 -999.9 365
sta3 2011 3 26 85 3.1 18.8 14.4 2.7 5.8 -999.9 -999.9 365
sta3 2011 3 27 86 7.4 16.7 13.3 2 0 -999.9 -999.9 365
sta3 2011 3 28 87 8.6 17 11.1 2 0 -999.9 -999.9 365
sta3 2011 3 29 88 3.5 17.8 15.3 2.2 1.4 -999.9 -999.9 365
sta3 2011 3 30 89 9 15.4 11.1 2.4 0.6 -999.9 -999.9 365
sta3 2011 3 31 90 10 15.7 4.2 1 3.4 -999.9 -999.9 365
sta3 2011 4 1 91 11.5 20.2 17.1 2.8 0 -999.9 -999.9 365
sta3 2011 4 2 92 5.4 24.1 20.4 3.3 0.2 -999.9 -999.9 365
sta3 2011 4 3 93 10.8 19.8 11.4 2.6 6 -999.9 -999.9 365
sta3 2011 4 4 94 7.9 15.7 13.1 2.2 0 -999.9 -999.9 365
sta3 2011 4 5 95 2.6 17.1 16.4 1.8 0 -999.9 -999.9 365
sta3 2011 4 6 96 5.9 22.1 20.5 3 0 -999.9 -999.9 365
sta3 2011 4 7 97 9 26.5 21.5 3.9 0 -999.9 -999.9 365
sta3 2011 4 8 98 9.2 20.8 22.2 3.5 0 -999.9 -999.9 365
sta3 2011 4 9 99 9.4 24.3 22.6 5 0 -999.9 -999.9 365
sta3 2011 4 10 100 9.9 24.6 22.5 5.7 0 -999.9 -999.9 365
sta3 2011 4 11 101 9.8 24.2 21.1 4.2 0 -999.9 -999.9 365
sta3 2011 4 12 102 10.7 14.6 16 4 0 -999.9 -999.9 365
sta3 2011 4 13 103 0.8 13.2 19.7 2.6 0 -999.9 -999.9 365
sta3 2011 4 14 104 5.6 14.8 18.4 3.9 0 -999.9 -999.9 365
sta3 2011 4 15 105 3.7 15.7 23.5 3.9 0 -999.9 -999.9 365
sta3 2011 4 16 106 3 16.7 23.9 3.6 0 -999.9 -999.9 365
sta3 2011 4 17 107 4.4 19.4 24 3.8 0 -999.9 -999.9 365
sta3 2011 4 18 108 5.9 21.4 22.8 4 0 -999.9 -999.9 365
sta3 2011 4 19 109 3.1 22.5 24 3.4 0 -999.9 -999.9 365
sta3 2011 4 20 110 4.2 23.1 22.5 3.5 0 -999.9 -999.9 365
sta3 2011 4 21 111 6.8 22.7 23.1 3.8 0 -999.9 -999.9 365
sta3 2011 4 22 112 6.5 23.3 22.2 3.6 0 -999.9 -999.9 365
sta3 2011 4 23 113 6 23.1 20.3 3.5 0 -999.9 -999.9 365
sta3 2011 4 24 114 10 23.4 19.8 4 0 -999.9 -999.9 365
sta3 2011 4 25 115 9.8 24.4 23.3 5.3 0 -999.9 -999.9 365
sta3 2011 4 26 116 9.7 20.6 25.2 5.5 0 -999.9 -999.9 365
sta3 2011 4 27 117 9.3 19.6 16.5 3.2 8.1 -999.9 -999.9 365
sta3 2011 4 28 118 10.4 17.4 16.8 3.4 5 -999.9 -999.9 365
sta3 2011 4 29 119 9.9 18.5 19.7 3 0.2 -999.9 -999.9 365
sta3 2011 4 30 120 7.2 21.8 26.4 3.8 0 -999.9 -999.9 365
sta3 2011 5 1 121 7.6 22.8 25.5 3.9 0 -999.9 -999.9 365
sta3 2011 5 2 122 10.2 22.9 18 4 0 -999.9 -999.9 365
sta3 2011 5 3 123 10.7 18 20.4 4.3 0 -999.9 -999.9 365
sta3 2011 5 4 124 4.7 18.1 27.6 4.6 0 -999.9 -999.9 365
sta3 2011 5 5 125 4.5 22.1 28 4.9 0 -999.9 -999.9 365
sta3 2011 5 6 126 4.6 25.1 26.6 4.6 0 -999.9 -999.9 365
sta3 2011 5 7 127 8.3 25 24.2 5.3 0 -999.9 -999.9 365
sta3 2011 5 8 128 11.5 26.2 21.5 5.2 0 -999.9 -999.9 365
sta3 2011 5 9 129 13.5 28.6 26 6.2 0 -999.9 -999.9 365
sta3 2011 5 10 130 11.6 26.6 22.4 4.6 1 -999.9 -999.9 365
sta3 2011 5 11 131 13.7 25.1 15 3.4 19.1 -999.9 -999.9 365
sta3 2011 5 12 132 13.9 21.1 12.8 3.1 3.2 -999.9 -999.9 365
sta3 2011 5 13 133 6.8 20.8 28.4 4.2 0 -999.9 -999.9 365
sta3 2011 5 14 134 7.1 17.5 8.6 1.9 1 -999.9 -999.9 365
sta3 2011 5 15 135 7.4 16.9 19.6 3.6 0.2 -999.9 -999.9 365
sta3 2011 5 16 136 6.8 17.4 16.1 2.7 0 -999.9 -999.9 365
sta3 2011 5 17 137 5.3 22.7 24.6 3.1 0 -999.9 -999.9 365
sta3 2011 5 18 138 8.6 25.5 28.9 4.7 0 -999.9 -999.9 365
sta3 2011 5 19 139 12.2 23.8 15.3 3.4 1 -999.9 -999.9 365
sta3 2011 5 20 140 9.9 25.1 20.6 3.7 3.9 -999.9 -999.9 365
sta3 2011 5 21 141 11.2 25.7 27.6 4.7 0 -999.9 -999.9 365
sta3 2011 5 22 142 13.7 26.1 24.1 5.2 0.6 -999.9 -999.9 365
sta3 2011 5 23 143 10.6 25.1 28.8 4.9 0 -999.9 -999.9 365
sta3 2011 5 24 144 9.3 23 28.6 4.9 0 -999.9 -999.9 365
sta3 2011 5 25 145 9.1 25.8 30.2 5.6 0 -999.9 -999.9 365
sta3 2011 5 26 146 9.4 22.2 13.9 3.6 0 -999.9 -999.9 365
sta3 2011 5 27 147 11.3 18.2 18.1 4.4 0.2 -999.9 -999.9 365
sta3 2011 5 28 148 5.4 20.9 24.8 3.7 0 -999.9 -999.9 365
sta3 2011 5 29 149 6.5 25.9 29.4 4.7 0 -999.9 -999.9 365
sta3 2011 5 30 150 8.9 29.6 28 6.2 3.8 -999.9 -999.9 365
sta3 2011 5 31 151 10.9 16.9 4.6 1.4 6 -999.9 -999.9 365
sta3 2011 6 1 152 9.2 16.3 9.7 3.4 0 -999.9 -999.9 365
sta3 2011 6 2 153 9.5 21.9 13.3 3.4 0 -999.9 -999.9 365
sta3 2011 6 3 154 12.9 24.5 19.4 4.6 0 -999.9 -999.9 365
sta3 2011 6 4 155 14.2 28.1 23.8 5.3 2 -999.9 -999.9 365
sta3 2011 6 5 156 13.8 26.9 25.3 5.3 0 -999.9 -999.9 365
sta3 2011 6 6 157 13.7 23.1 20.6 3.9 4.5 -999.9 -999.9 365
sta3 2011 6 7 158 12.7 26.4 23.1 4.5 17.6 -999.9 -999.9 365
sta3 2011 6 8 159 13.5 17.8 8.8 2.7 0.4 -999.9 -999.9 365
sta3 2011 6 9 160 6.9 18.6 12.6 2.2 0 -999.9 -999.9 365
sta3 2011 6 10 161 10.2 19.5 13.4 2.9 3.2 -999.9 -999.9 365
sta3 2011 6 11 162 10.7 20.9 23.1 4.5 0 -999.9 -999.9 365
sta3 2011 6 12 163 7.4 22.1 27.4 4.6 0.6 -999.9 -999.9 365
sta3 2011 6 13 164 13.3 24.4 16.1 3.8 0 -999.9 -999.9 365
sta3 2011 6 14 165 12.3 24.9 15.6 3.4 0 -999.9 -999.9 365
sta3 2011 6 15 166 16 26.8 19.8 5.1 0 -999.9 -999.9 365
sta3 2011 6 16 167 12.5 22.1 9.8 2.3 12.9 -999.9 -999.9 365
sta3 2011 6 17 168 9.9 21.5 17 2.6 9.3 -999.9 -999.9 365
sta3 2011 6 18 169 13 20.9 20.1 5.3 0 -999.9 -999.9 365
sta3 2011 6 19 170 11.6 20.3 20.5 5.1 0.2 -999.9 -999.9 365
sta3 2011 6 20 171 13.7 25.6 18.7 5 0 -999.9 -999.9 365
sta3 2011 6 21 172 13.7 29.3 23.2 5.5 0.2 -999.9 -999.9 365
sta3 2011 6 22 173 15.7 24.8 12.8 4.8 0.4 -999.9 -999.9 365
sta3 2011 6 23 174 11.9 21.6 21.1 4.6 0 -999.9 -999.9 365
sta3 2011 6 24 175 8.6 22.2 23.1 4.8 0 -999.9 -999.9 365
sta3 2011 6 25 176 8 27.5 28.2 5.2 0 -999.9 -999.9 365
sta3 2011 6 26 177 12.3 31.3 30.6 6.3 0 -999.9 -999.9 365
sta3 2011 6 27 178 15.2 34.8 28.4 6.8 0 -999.9 -999.9 365
sta3 2011 6 28 179 16.4 35.8 27.1 7.8 0.8 -999.9 -999.9 365
sta3 2011 6 29 180 18 20.5 6.8 2.7 0 -999.9 -999.9 365
sta3 2011 6 30 181 13.4 23.6 28.3 6.8 0 -999.9 -999.9 365
sta3 2011 7 1 182 10.1 23.4 26.7 6.2 0 -999.9 -999.9 365
sta3 2011 7 2 183 10 23.1 30.6 6.4 0 -999.9 -999.9 365
sta3 2011 7 3 184 10.1 25.3 31.1 6.6 0 -999.9 -999.9 365
sta3 2011 7 4 185 12.8 28.5 27.1 6.7 0 -999.9 -999.9 365
sta3 2011 7 5 186 11.8 31.3 29.8 6.7 0 -999.9 -999.9 365
sta3 2011 7 6 187 19.3 26.1 15 6.6 0 -999.9 -999.9 365
sta3 2011 7 7 188 11.8 20.8 6.2 2 31.5 -999.9 -999.9 365
sta3 2011 7 8 189 12 24.9 28 5.9 0 -999.9 -999.9 365
sta3 2011 7 9 190 11.9 23.6 12.3 2.5 0.8 -999.9 -999.9 365
sta3 2011 7 10 191 14.2 23.2 11.8 2.4 2.4 -999.9 -999.9 365
sta3 2011 7 11 192 13.3 27.5 29.4 5.8 0 -999.9 -999.9 365
sta3 2011 7 12 193 16.7 30.5 20.7 5.7 10.9 -999.9 -999.9 365
sta3 2011 7 13 194 15.1 18.9 5.2 1.6 4.2 -999.9 -999.9 365
sta3 2011 7 14 195 9.1 21.4 22.5 4.2 0 -999.9 -999.9 365
sta3 2011 7 15 196 8.9 24.5 25.3 4.1 0 -999.9 -999.9 365
sta3 2011 7 16 197 10.7 25.9 22 4.9 9.1 -999.9 -999.9 365
sta3 2011 7 17 198 13.8 18.5 12 2.7 2.6 -999.9 -999.9 365
sta3 2011 7 18 199 11.5 19.9 12.7 3.3 2.8 -999.9 -999.9 365
sta3 2011 7 19 200 10.4 18.7 11.9 2.4 7.5 -999.9 -999.9 365
sta3 2011 7 20 201 12.5 20.2 14.4 3.3 7.6 -999.9 -999.9 365
sta3 2011 7 21 202 13.7 21.9 18.1 3.9 2.6 -999.9 -999.9 365
sta3 2011 7 22 203 14.4 20.4 12.2 2.8 0.6 -999.9 -999.9 365
sta3 2011 7 23 204 11.9 19.6 16.4 3.2 9.4 -999.9 -999.9 365
sta3 2011 7 24 205 8.7 19.8 17.6 3.2 0.2 -999.9 -999.9 365
sta3 2011 7 25 206 12.7 20.1 12.7 2.6 0 -999.9 -999.9 365
sta3 2011 7 26 207 13.1 21.2 7.4 1.4 6 -999.9 -999.9 365
sta3 2011 7 27 208 13.7 23.1 18.2 4 0 -999.9 -999.9 365
sta3 2011 7 28 209 15.2 20.9 11.1 3 1 -999.9 -999.9 365
sta3 2011 7 29 210 12.3 24.2 21.4 4 0 -999.9 -999.9 365
sta3 2011 7 30 211 15.7 22.3 23.9 5.3 0 -999.9 -999.9 365
sta3 2011 7 31 212 11.9 22.8 24.2 4.8 0 -999.9 -999.9 365
sta3 2011 8 1 213 10 26.3 28.1 5 0 -999.9 -999.9 365
sta3 2011 8 2 214 12 29.1 26.3 5 0.6 -999.9 -999.9 365
sta3 2011 8 3 215 18.7 25.6 12.8 3.7 0.6 -999.9 -999.9 365
sta3 2011 8 4 216 17 27.9 20.5 5.1 3.2 -999.9 -999.9 365
sta3 2011 8 5 217 18.6 24.1 13 2.8 6.9 -999.9 -999.9 365
sta3 2011 8 6 218 17.9 22.4 7.2 1.5 26.2 -999.9 -999.9 365
sta3 2011 8 7 219 15.8 22.7 19.8 4.6 0 -999.9 -999.9 365
sta3 2011 8 8 220 13.1 20.9 16.6 4.1 0 -999.9 -999.9 365
sta3 2011 8 9 221 12 20.5 20.2 4 0 -999.9 -999.9 365
sta3 2011 8 10 222 9.1 22.4 25.6 4 0 -999.9 -999.9 365
sta3 2011 8 11 223 8.8 25.8 23.9 4.5 0 -999.9 -999.9 365
sta3 2011 8 12 224 12.7 22.5 10.6 2.5 0 -999.9 -999.9 365
sta3 2011 8 13 225 14.3 27.4 21.5 4.3 0 -999.9 -999.9 365
sta3 2011 8 14 226 14.8 24.6 8.4 1.6 19.2 -999.9 -999.9 365
sta3 2011 8 15 227 17.2 23.4 15.4 3.9 1.6 -999.9 -999.9 365
sta3 2011 8 16 228 12.7 26.3 23.4 3.8 0 -999.9 -999.9 365
sta3 2011 8 17 229 14.4 29.3 23.8 4.9 28.8 -999.9 -999.9 365
sta3 2011 8 18 230 18.6 28.5 20.2 4.6 1.8 -999.9 -999.9 365
sta3 2011 8 19 231 17.7 29.5 19.9 4.3 0 -999.9 -999.9 365
sta3 2011 8 20 232 18.1 30.8 22.8 5.1 0 -999.9 -999.9 365
sta3 2011 8 21 233 19.6 32.3 15.9 4.4 0 -999.9 -999.9 365
sta3 2011 8 22 234 19.3 34 23 6.1 0 -999.9 -999.9 365
sta3 2011 8 23 235 17.2 32.6 22.1 6.5 0 -999.9 -999.9 365
sta3 2011 8 24 236 18.8 24.9 12.8 3.4 0.2 -999.9 -999.9 365
sta3 2011 8 25 237 17.1 23 10.4 2.2 5 -999.9 -999.9 365
sta3 2011 8 26 238 13.3 23.9 6.4 2.4 18.7 -999.9 -999.9 365
sta3 2011 8 27 239 11.3 19.7 12.4 3 0.2 -999.9 -999.9 365
sta3 2011 8 28 240 7.6 22.8 20.7 3.1 0 -999.9 -999.9 365
sta3 2011 8 29 241 9.3 22.2 17.7 3.4 0 -999.9 -999.9 365
sta3 2011 8 30 242 10.5 21.7 21 3.6 0 -999.9 -999.9 365
sta3 2011 8 31 243 10.5 24 20.4 3.8 0 -999.9 -999.9 365
sta3 2011 9 1 244 12.7 26.6 16.4 3 0 -999.9 -999.9 365
sta3 2011 9 2 245 16.9 29.6 19.5 4.3 0 -999.9 -999.9 365
sta3 2011 9 3 246 15.7 28.6 15 3.6 0 -999.9 -999.9 365
sta3 2011 9 4 247 18.6 22.6 6.7 2.1 3 -999.9 -999.9 365
sta3 2011 9 5 248 13 22.4 17.2 4.2 0 -999.9 -999.9 365
sta3 2011 9 6 249 7.7 23 20.2 3.3 0 -999.9 -999.9 365
sta3 2011 9 7 250 15.8 22.5 11.6 3.2 0 -999.9 -999.9 365
sta3 2011 9 8 251 11.8 22.8 12.7 3.2 4.8 -999.9 -999.9 365
sta3 2011 9 9 252 17.3 25.7 11.8 3 0 -999.9 -999.9 365
sta3 2011 9 10 253 14.2 29.8 18.7 4.3 0.2 -999.9 -999.9 365
sta3 2011 9 11 254 18.5 24.3 6.8 3.2 1.6 -999.9 -999.9 365
sta3 2011 9 12 255 10.6 25.1 17.3 3.3 0 -999.9 -999.9 365
sta3 2011 9 13 256 18 24.2 10 2.5 1.4 -999.9 -999.9 365
sta3 2011 9 14 257 10.9 21.2 16.9 3.1 0 -999.9 -999.9 365
sta3 2011 9 15 258 9 22.3 19.1 3.4 0 -999.9 -999.9 365
sta3 2011 9 16 259 8.8 24.5 10.8 1.9 0.6 -999.9 -999.9 365
sta3 2011 9 17 260 15.4 22.4 8.5 2.7 3.4 -999.9 -999.9 365
sta3 2011 9 18 261 10.8 17.6 13.9 3.3 1.8 -999.9 -999.9 365
sta3 2011 9 19 262 10.6 18.8 13.5 2.9 1.6 -999.9 -999.9 365
sta3 2011 9 20 263 6.2 20.7 18.6 2.4 0 -999.9 -999.9 365
sta3 2011 9 21 264 7.1 22.5 17.3 2.5 0 -999.9 -999.9 365
sta3 2011 9 22 265 8.4 21.1 11.4 2.4 0 -999.9 -999.9 365
sta3 2011 9 23 266 9.9 21.9 17.8 3 0 -999.9 -999.9 365
sta3 2011 9 24 267 7.7 23.5 14.3 2.3 0 -999.9 -999.9 365
sta3 2011 9 25 268 11 27 16.3 2.7 0 -999.9 -999.9 365
sta3 2011 9 26 269 10.9 28 15.4 2.8 0 -999.9 -999.9 365
sta3 2011 9 27 270 13.6 26.8 14.9 3.1 0 -999.9 -999.9 365
sta3 2011 9 28 271 14.5 26.5 16.2 3.4 0 -999.9 -999.9 365
sta3 2011 9 29 272 10.7 27.5 16 3 0 -999.9 -999.9 365
sta3 2011 9 30 273 11.4 27.5 15.7 2.7 0 -999.9 -999.9 365
sta3 2011 10 1 274 9.9 26.8 15.8 2.5 0.2 -999.9 -999.9 365
sta3 2011 10 2 275 9.7 26.8 15.6 2.5 0 -999.9 -999.9 365
sta3 2011 10 3 276 8.8 26.7 15.5 2.3 0 -999.9 -999.9 365
sta3 2011 10 4 277 7.2 27 15 2.6 0 -999.9 -999.9 365
sta3 2011 10 5 278 10.8 22.7 11.2 2.4 0 -999.9 -999.9 365
sta3 2011 10 6 279 7.7 21 7.2 1.9 3.8 -999.9 -999.9 365
sta3 2011 10 7 280 8.5 14.7 10 2.3 0.8 -999.9 -999.9 365
sta3 2011 10 8 281 5.9 12 3.2 0.6 4.6 -999.9 -999.9 365
sta3 2011 10 9 282 9.3 14 3.8 0.7 3.8 -999.9 -999.9 365
sta3 2011 10 10 283 11.8 19.9 6.7 1.7 0 -999.9 -999.9 365
sta3 2011 10 11 284 13.7 16.4 4.2 1.4 0 -999.9 -999.9 365
sta3 2011 10 12 285 13.4 16.1 3 1.4 0 -999.9 -999.9 365
sta3 2011 10 13 286 12.6 17.9 7.3 1.9 0.4 -999.9 -999.9 365
sta3 2011 10 14 287 8.5 16.2 13.8 2.5 0 -999.9 -999.9 365
sta3 2011 10 15 288 3.7 16.9 12.9 1.4 0 -999.9 -999.9 365
sta3 2011 10 16 289 3 17.3 12.7 0.9 0 -999.9 -999.9 365
sta3 2011 10 17 290 5.1 18.1 8.4 1.2 0.4 -999.9 -999.9 365
sta3 2011 10 18 291 5.2 19.8 10.4 1.5 16.7 -999.9 -999.9 365
sta3 2011 10 19 292 5.6 9.3 4.4 0.7 9.9 -999.9 -999.9 365
sta3 2011 10 20 293 2.2 10.2 7.9 0.5 0.8 -999.9 -999.9 365
sta3 2011 10 21 294 0.5 9.7 7.7 0.9 0 -999.9 -999.9 365
sta3 2011 10 22 295 1.8 11.3 6.2 0.7 0 -999.9 -999.9 365
sta3 2011 10 23 296 1.3 15.5 10 1.1 0 -999.9 -999.9 365
sta3 2011 10 24 297 1.6 18.3 9.7 1.6 17.3 -999.9 -999.9 365
sta3 2011 10 25 298 9 14.1 3.7 0.8 5.1 -999.9 -999.9 365
sta3 2011 10 26 299 3.5 15.7 9.1 1 0.2 -999.9 -999.9 365
sta3 2011 10 27 300 2.3 18.9 10 1.7 0 -999.9 -999.9 365
sta3 2011 10 28 301 9.3 14.7 2.7 0.7 0 -999.9 -999.9 365
sta3 2011 10 29 302 9.2 16.7 5.2 0.8 0 -999.9 -999.9 365
sta3 2011 10 30 303 10.9 16.4 4.2 1 0 -999.9 -999.9 365
sta3 2011 10 31 304 10.3 16.1 3.4 0.9 0.2 -999.9 -999.9 365
sta3 2011 11 1 305 5 16 4.6 0.5 3.8 -999.9 -999.9 365
sta3 2011 11 2 306 9.7 19.5 5.8 1.4 0 -999.9 -999.9 365
sta3 2011 11 3 307 13.3 15.2 2.1 1.1 18.5 -999.9 -999.9 365
sta3 2011 11 4 308 10.7 13.9 1.6 0.3 24.6 -999.9 -999.9 365
sta3 2011 11 5 309 8.9 15.3 3.2 0.6 1 -999.9 -999.9 365
sta3 2011 11 6 310 6.6 16.5 7.9 0.9 0.2 -999.9 -999.9 365
sta3 2011 11 7 311 8.7 10.7 1.2 0 0.4 -999.9 -999.9 365
sta3 2011 11 8 312 9.5 11.2 2 0.4 0.6 -999.9 -999.9 365
sta3 2011 11 9 313 7.3 8.1 1.5 0.1 0 -999.9 -999.9 365
sta3 2011 11 10 314 7.1 9.6 2.1 0.3 0.4 -999.9 -999.9 365
sta3 2011 11 11 315 6.1 7.7 1.6 0.1 0.2 -999.9 -999.9 365
sta3 2011 11 12 316 6.6 12.1 4.9 0.7 0.2 -999.9 -999.9 365
sta3 2011 11 13 317 3.3 7.2 2.7 0.2 0 -999.9 -999.9 365
sta3 2011 11 14 318 3.3 5.7 2.3 0.1 0 -999.9 -999.9 365
sta3 2011 11 15 319 3 4.6 2 0.1 0 -999.9 -999.9 365
sta3 2011 11 16 320 1.4 4.1 2.1 0.2 0 -999.9 -999.9 365
sta3 2011 11 17 321 3.3 10.4 4.7 0.5 0.2 -999.9 -999.9 365
sta3 2011 11 18 322 2.6 6.7 2.5 0.1 0.2 -999.9 -999.9 365
sta3 2011 11 19 323 3.3 8.3 2.7 0.3 0.6 -999.9 -999.9 365
sta3 2011 11 20 324 3.2 13.2 6.7 0.6 0 -999.9 -999.9 365
sta3 2011 11 21 325 4.7 15.3 6.4 0.8 0 -999.9 -999.9 365
sta3 2011 11 22 326 3.3 14.2 6.3 1 0 -999.9 -999.9 365
sta3 2011 11 23 327 2.4 13.5 6.8 0.9 0 -999.9 -999.9 365
sta3 2011 11 24 328 1 3.8 2 0.2 0 -999.9 -999.9 365
sta3 2011 11 25 329 1.1 3.8 1.7 0.1 0 -999.9 -999.9 365
sta3 2011 11 26 330 3.3 5.6 1.7 0.1 0 -999.9 -999.9 365
sta3 2011 11 27 331 4.5 8.6 3.1 0.6 0 -999.9 -999.9 365
sta3 2011 11 28 332 5.4 10 3.1 0.7 0 -999.9 -999.9 365
sta3 2011 11 29 333 2.5 12.4 5.5 0.6 1.2 -999.9 -999.9 365
sta3 2011 11 30 334 6.6 12.3 4 0.6 0.2 -999.9 -999.9 365
sta3 2011 12 1 335 4.6 14.4 5 0.7 0 -999.9 -999.9 365
sta3 2011 12 2 336 6.8 11.3 1.7 0.9 0.2 -999.9 -999.9 365
sta3 2011 12 3 337 3.7 8.9 0.9 0.4 9.3 -999.9 -999.9 365
sta3 2011 12 4 338 6.9 12.2 1.5 0.1 14.3 -999.9 -999.9 365
sta3 2011 12 5 339 4.7 8.7 4.3 1.1 0.4 -999.9 -999.9 365
sta3 2011 12 6 340 3.2 8.7 3.2 0.9 0.2 -999.9 -999.9 365
sta3 2011 12 7 341 5.8 11.4 1.5 0.8 4.2 -999.9 -999.9 365
sta3 2011 12 8 342 2 10.5 4.8 0.4 0 -999.9 -999.9 365
sta3 2011 12 9 343 7.9 11.2 1 1 1 -999.9 -999.9 365
sta3 2011 12 10 344 5.5 6.6 1.2 0.2 3 -999.9 -999.9 365
sta3 2011 12 11 345 3.5 8.1 3 0.4 4.6 -999.9 -999.9 365
sta3 2011 12 12 346 3.7 9.2 3.8 0.8 1 -999.9 -999.9 365
sta3 2011 12 13 347 1.5 9.5 1.6 0.8 1.6 -999.9 -999.9 365
sta3 2011 12 14 348 5.3 10.8 2.5 1.4 6.2 -999.9 -999.9 365
sta3 2011 12 15 349 3.7 9.4 3.3 1 17.5 -999.9 -999.9 365
sta3 2011 12 16 350 5.2 11.4 0.9 1.7 10 -999.9 -999.9 365
sta3 2011 12 17 351 2.7 5.6 2.5 0.9 3.8 -999.9 -999.9 365
sta3 2011 12 18 352 0.2 4.4 2.6 0.7 1.6 -999.9 -999.9 365
sta3 2011 12 19 353 -1.7 4.5 5.2 0.5 2.2 -999.9 -999.9 365
sta3 2011 12 20 354 -0.6 5.4 2.7 0.3 1.2 -999.9 -999.9 365
sta3 2011 12 21 355 1.5 5.4 1 0.1 5 -999.9 -999.9 365
sta3 2011 12 22 356 4.1 11.8 2 0.3 0 -999.9 -999.9 365
sta3 2011 12 23 357 6.9 8.8 1.1 0.4 4.6 -999.9 -999.9 365
sta3 2011 12 24 358 0.7 6.7 4.2 0.8 0 -999.9 -999.9 365
sta3 2011 12 25 359 -1.1 6.9 2.9 0.3 0.2 -999.9 -999.9 365
sta3 2011 12 26 360 -1.2 8.3 3 0.3 0 -999.9 -999.9 365
sta3 2011 12 27 361 0.3 3 1.1 0 0 -999.9 -999.9 365
sta3 2011 12 28 362 -0.8 3.5 1.6 0.1 0.6 -999.9 -999.9 365
sta3 2011 12 29 363 1.5 7.2 3.9 0.3 4.6 -999.9 -999.9 365
sta3 2011 12 30 364 4.1 7.6 2.5 0.8 9.7 -999.9 -999.9 365
sta3 2011 12 31 365 2.5 12 1.9 0.1 0.6 -999.9 -999.9 365
