sta4 2015 1 1 1 -5.1 9.8 5.5 0.3 0 -999.9 -999.9 365
sta4 2015 1 2 2 1.5 10.8 3 0.1 0 -999.9 -999.9 365
sta4 2015 1 3 3 -2.9 13.3 1.1 0 6.5 -999.9 -999.9 365
sta4 2015 1 4 4 3.8 5.5 1.3 0.2 0 -999.9 -999.9 365
sta4 2015 1 5 5 1.5 4.4 2.3 0.1 0 -999.9 -999.9 365
sta4 2015 1 6 6 -1.2 7.3 1.9 0 0 -999.9 -999.9 365
sta4 2015 1 7 7 -3.8 8.9 5.5 0.1 0 -999.9 -999.9 365
sta4 2015 1 8 8 3.6 11.4 1.9 0 6.5 -999.9 -999.9 365
sta4 2015 1 9 9 6.2 15.3 2.1 0.1 0 -999.9 -999.9 365
sta4 2015 1 10 10 8.9 13.2 1.8 0.8 1.5 -999.9 -999.9 365
sta4 2015 1 11 11 4.3 9.2 5.4 0.5 0 -999.9 -999.9 365
sta4 2015 1 12 12 7 11.8 1.8 0.9 0 -999.9 -999.9 365
sta4 2015 1 13 13 7.2 11.9 2.7 0.8 4.5 -999.9 -999.9 365
sta4 2015 1 14 14 3.7 10.7 4.5 0.7 4 -999.9 -999.9 365
sta4 2015 1 15 15 6.8 10.8 1.4 1.1 6 -999.9 -999.9 365
sta4 2015 1 16 16 1.6 8.8 3.6 0.3 0 -999.9 -999.9 365
sta4 2015 1 17 17 -2.8 6.6 6.9 0.2 0 -999.9 -999.9 365
sta4 2015 1 18 18 0.5 4.5 1.4 0.2 13 -999.9 -999.9 365
sta4 2015 1 19 19 0.4 5.1 3.6 0.2 3 -999.9 -999.9 365
sta4 2015 1 20 20 -4.8 3.5 6.1 0.1 0 -999.9 -999.9 365
sta4 2015 1 21 21 -0.6 2.6 3.5 0.2 0 -999.9 -999.9 365
sta4 2015 1 22 22 -2.6 3.3 6 0.1 0 -999.9 -999.9 365
sta4 2015 1 23 23 -3.2 2.5 2 0.2 0.5 -999.9 -999.9 365
sta4 2015 1 24 24 -3.1 7.5 6.6 0.1 0 -999.9 -999.9 365
sta4 2015 1 25 25 -3.5 8.3 5.6 0.1 0 -999.9 -999.9 365
sta4 2015 1 26 26 5 9.9 1.9 0.4 0 -999.9 -999.9 365
sta4 2015 1 27 27 3.4 8.2 3.6 0.3 0 -999.9 -999.9 365
sta4 2015 1 28 28 4.9 9.9 1.8 0.9 2 -999.9 -999.9 365
sta4 2015 1 29 29 3.5 4.9 1.7 0.4 12.5 -999.9 -999.9 365
sta4 2015 1 30 30 1.1 6.1 4.7 0.4 12 -999.9 -999.9 365
sta4 2015 1 31 31 0.4 5.6 3.7 0.3 7.5 -999.9 -999.9 365
sta4 2015 2 1 32 0.8 4.4 2.3 0.5 1.5 -999.9 -999.9 365
sta4 2015 2 2 33 -0.3 4.2 6.6 0.2 2 -999.9 -999.9 365
sta4 2015 2 3 34 -2 3.6 5.8 0.2 0 -999.9 -999.9 365
sta4 2015 2 4 35 -0.9 5.1 8.7 0.2 0 -999.9 -999.9 365
sta4 2015 2 5 36 -1.4 4.2 8.9 0.5 0 -999.9 -999.9 365
sta4 2015 2 6 37 -1.5 1.4 6.4 0.9 0 -999.9 -999.9 365
sta4 2015 2 7 38 -2.7 6.1 9.9 0.9 0 -999.9 -999.9 365
sta4 2015 2 8 39 3.3 8.1 6.4 0.7 0 -999.9 -999.9 365
sta4 2015 2 9 40 -2.9 4.7 2.5 0.1 0 -999.9 -999.9 365
sta4 2015 2 10 41 1.3 5.9 3 0.5 0 -999.9 -999.9 365
sta4 2015 2 11 42 2.3 6.5 7.3 0.5 0 -999.9 -999.9 365
sta4 2015 2 12 43 -0.8 7.8 7.7 0.3 0 -999.9 -999.9 365
sta4 2015 2 13 44 1.2 10 4.1 0.4 2.5 -999.9 -999.9 365
sta4 2015 2 14 45 5.1 8.8 3.7 0.6 6.5 -999.9 -999.9 365
sta4 2015 2 15 46 4.6 9.5 3.7 0.5 0 -999.9 -999.9 365
sta4 2015 2 16 47 -0.7 9.7 7.2 0.3 1.5 -999.9 -999.9 365
sta4 2015 2 17 48 4.8 8.3 7.1 1 0 -999.9 -999.9 365
sta4 2015 2 18 49 -4 10.2 11.6 0.5 0 -999.9 -999.9 365
sta4 2015 2 19 50 -0.1 7.5 6.3 0.4 3.5 -999.9 -999.9 365
sta4 2015 2 20 51 4.1 9 1.9 0.3 7 -999.9 -999.9 365
sta4 2015 2 21 52 1.2 5.8 5.1 0.6 3.5 -999.9 -999.9 365
sta4 2015 2 22 53 -3.5 8.5 12.1 0.7 6.5 -999.9 -999.9 365
sta4 2015 2 23 54 4.3 10.3 8.2 1.1 1.5 -999.9 -999.9 365
sta4 2015 2 24 55 2.8 9.1 7.3 1 6.5 -999.9 -999.9 365
sta4 2015 2 25 56 3.4 10 4.6 0.4 2.5 -999.9 -999.9 365
sta4 2015 2 26 57 6.2 12.2 3.6 0.5 6 -999.9 -999.9 365
sta4 2015 2 27 58 2 9.1 11.9 1.1 0 -999.9 -999.9 365
sta4 2015 2 28 59 -1.2 11.6 5 0.7 3 -999.9 -999.9 365
sta4 2015 3 1 60 7.7 12.5 7.2 1.4 5 -999.9 -999.9 365
sta4 2015 3 2 61 3.8 9.7 10.6 1.5 2.5 -999.9 -999.9 365
sta4 2015 3 3 62 1.7 11.4 8.5 1.2 0.5 -999.9 -999.9 365
sta4 2015 3 4 63 1 8.9 10 1.1 1 -999.9 -999.9 365
sta4 2015 3 5 64 -2.3 11.3 14.5 1 0 -999.9 -999.9 365
sta4 2015 3 6 65 -3.5 13.4 14.5 1 0 -999.9 -999.9 365
sta4 2015 3 7 66 -0.8 19.1 13.9 1.8 0 -999.9 -999.9 365
sta4 2015 3 8 67 -1.4 19.6 15.8 1.7 0 -999.9 -999.9 365
sta4 2015 3 9 68 7 13.3 6.4 0.9 0 -999.9 -999.9 365
sta4 2015 3 10 69 5.6 14.4 8.3 1.1 0 -999.9 -999.9 365
sta4 2015 3 11 70 4.1 15.2 14.2 1.8 0 -999.9 -999.9 365
sta4 2015 3 12 71 2.2 14.4 15.7 2.1 0 -999.9 -999.9 365
sta4 2015 3 13 72 4 10.5 7.3 1.7 0 -999.9 -999.9 365
sta4 2015 3 14 73 0.5 9 8.8 1.3 0 -999.9 -999.9 365
sta4 2015 3 15 74 4 7.5 3.9 0.7 1 -999.9 -999.9 365
sta4 2015 3 16 75 3.5 10.6 10.3 1.2 0 -999.9 -999.9 365
sta4 2015 3 17 76 -0.8 17.7 17.1 1.7 0 -999.9 -999.9 365
sta4 2015 3 18 77 2.8 16 13.7 1.9 0 -999.9 -999.9 365
sta4 2015 3 19 78 4.3 8.6 2.5 0.5 0 -999.9 -999.9 365
sta4 2015 3 20 79 5.4 9 4.7 1.1 0 -999.9 -999.9 365
sta4 2015 3 21 80 1.8 10.9 7.5 1.2 0 -999.9 -999.9 365
sta4 2015 3 22 81 4.6 10.6 9.1 1.9 0 -999.9 -999.9 365
sta4 2015 3 23 82 -4 13.3 18.2 1.5 0 -999.9 -999.9 365
sta4 2015 3 24 83 2.4 9.1 6.8 1 3 -999.9 -999.9 365
sta4 2015 3 25 84 0.8 9.9 15.4 1.5 0.5 -999.9 -999.9 365
sta4 2015 3 26 85 -3.6 11.6 6.4 0.8 2 -999.9 -999.9 365
sta4 2015 3 27 86 2.3 12 13.3 1.5 1.5 -999.9 -999.9 365
sta4 2015 3 28 87 5.2 17.2 10 1.4 1.5 -999.9 -999.9 365
sta4 2015 3 29 88 9.4 13.4 3.2 1 15 -999.9 -999.9 365
sta4 2015 3 30 89 8.2 13.3 13.3 2 0.5 -999.9 -999.9 365
sta4 2015 3 31 90 10 13.1 14.5 3.4 0 -999.9 -999.9 365
sta4 2015 4 1 91 5 11 17.3 2.5 1 -999.9 -999.9 365
sta4 2015 4 2 92 7.2 11 5.7 0.9 5.5 -999.9 -999.9 365
sta4 2015 4 3 93 7.2 10.6 4.4 0.5 14 -999.9 -999.9 365
sta4 2015 4 4 94 7.4 10.1 5.4 1.2 0 -999.9 -999.9 365
sta4 2015 4 5 95 1.2 11.1 19.8 2.1 0 -999.9 -999.9 365
sta4 2015 4 6 96 -0.5 14.9 18.8 2 0 -999.9 -999.9 365
sta4 2015 4 7 97 2.2 16.1 22.1 2.6 0 -999.9 -999.9 365
sta4 2015 4 8 98 -0.2 16.9 21.9 2.5 0 -999.9 -999.9 365
sta4 2015 4 9 99 0.1 20.9 23.1 3 0 -999.9 -999.9 365
sta4 2015 4 10 100 1.4 23.2 20.6 3.3 0 -999.9 -999.9 365
sta4 2015 4 11 101 10 14.4 7.1 2.1 0 -999.9 -999.9 365
sta4 2015 4 12 102 -0.7 18.6 23.9 2.7 0 -999.9 -999.9 365
sta4 2015 4 13 103 1.6 21.7 23.2 2.8 0 -999.9 -999.9 365
sta4 2015 4 14 104 3.1 25.3 23.6 3.5 0 -999.9 -999.9 365
sta4 2015 4 15 105 4.2 27.2 22.5 3.7 0 -999.9 -999.9 365
sta4 2015 4 16 106 8.2 23.6 14.6 2.9 0 -999.9 -999.9 365
sta4 2015 4 17 107 11.6 18 15.4 3.2 0 -999.9 -999.9 365
sta4 2015 4 18 108 6.4 16 24.6 4.4 0 -999.9 -999.9 365
sta4 2015 4 19 109 3.5 15.8 25.3 3.3 0 -999.9 -999.9 365
sta4 2015 4 20 110 2.8 20.6 25.1 3.5 0 -999.9 -999.9 365
sta4 2015 4 21 111 5.7 21.3 25.1 3.6 0 -999.9 -999.9 365
sta4 2015 4 22 112 5.9 19.7 25.9 4.1 0 -999.9 -999.9 365
sta4 2015 4 23 113 3.9 21.6 25.7 3.5 0 -999.9 -999.9 365
sta4 2015 4 24 114 3.2 15.9 9.9 1.5 1 -999.9 -999.9 365
sta4 2015 4 25 115 10.8 17.6 11.7 2.2 2 -999.9 -999.9 365
sta4 2015 4 26 116 9.1 15.4 8.8 1.4 2.5 -999.9 -999.9 365
sta4 2015 4 27 117 6.6 13.9 24.6 3.6 0 -999.9 -999.9 365
sta4 2015 4 28 118 3.3 13.4 20.5 2.7 0 -999.9 -999.9 365
sta4 2015 4 29 119 0.6 16.3 19.5 2.6 5.5 -999.9 -999.9 365
sta4 2015 4 30 120 7.8 11.4 5.9 0.9 14 -999.9 -999.9 365
sta4 2015 5 1 121 6.9 11.2 6.4 1.1 2.5 -999.9 -999.9 365
sta4 2015 5 2 122 8.1 14.5 7 1 5 -999.9 -999.9 365
sta4 2015 5 3 123 11.6 21.3 13.2 2.7 0 -999.9 -999.9 365
sta4 2015 5 4 124 10.1 19.7 16.1 2.5 12 -999.9 -999.9 365
sta4 2015 5 5 125 13.3 18.1 21.3 4.3 0.5 -999.9 -999.9 365
sta4 2015 5 6 126 8.9 16.9 22 3.8 5.5 -999.9 -999.9 365
sta4 2015 5 7 127 4.9 16.8 21 2.8 0 -999.9 -999.9 365
sta4 2015 5 8 128 8.9 19.6 14 2.4 0 -999.9 -999.9 365
sta4 2015 5 9 129 11.6 19.8 21.2 3.8 0 -999.9 -999.9 365
sta4 2015 5 10 130 8.2 21.6 23.3 3.6 0 -999.9 -999.9 365
sta4 2015 5 11 131 8.2 26 23.4 4 0 -999.9 -999.9 365
sta4 2015 5 12 132 11.5 18.1 24 3.7 0 -999.9 -999.9 365
sta4 2015 5 13 133 3 21 22.1 3 0 -999.9 -999.9 365
sta4 2015 5 14 134 9.9 16.4 10.6 2 8.5 -999.9 -999.9 365
sta4 2015 5 15 135 6.3 16 13.5 1.9 0 -999.9 -999.9 365
sta4 2015 5 16 136 5.8 18 15.4 2.4 0 -999.9 -999.9 365
sta4 2015 5 17 137 4 18.2 26.5 3.4 0 -999.9 -999.9 365
sta4 2015 5 18 138 3 18.4 16.2 2.6 6.5 -999.9 -999.9 365
sta4 2015 5 19 139 6.1 14.2 20.6 2.9 4 -999.9 -999.9 365
sta4 2015 5 20 140 5.2 14.7 23.6 3.1 0.5 -999.9 -999.9 365
sta4 2015 5 21 141 4.5 17.3 26.2 3.5 0 -999.9 -999.9 365
sta4 2015 5 22 142 3.6 18.4 22 2.8 0 -999.9 -999.9 365
sta4 2015 5 23 143 12.4 20.5 13.2 2.6 0 -999.9 -999.9 365
sta4 2015 5 24 144 10.3 20.8 20.1 3.2 2 -999.9 -999.9 365
sta4 2015 5 25 145 12.5 17.6 21.3 3.5 0.5 -999.9 -999.9 365
sta4 2015 5 26 146 10.6 18 21.3 3.5 0 -999.9 -999.9 365
sta4 2015 5 27 147 3.6 21.1 25.1 3.5 0 -999.9 -999.9 365
sta4 2015 5 28 148 8.8 18.2 15.2 2.7 0 -999.9 -999.9 365
sta4 2015 5 29 149 6.5 16.7 15.6 2.8 1 -999.9 -999.9 365
sta4 2015 5 30 150 6.6 19 26.6 3.8 0 -999.9 -999.9 365
sta4 2015 5 31 151 9 17.8 8.4 1.7 5.5 -999.9 -999.9 365
sta4 2015 6 1 152 5.9 17.8 23.9 3.6 0 -999.9 -999.9 365
sta4 2015 6 2 153 11.5 18.9 10.8 2.6 0 -999.9 -999.9 365
sta4 2015 6 3 154 12.6 19 22 4 0 -999.9 -999.9 365
sta4 2015 6 4 155 4.3 25.5 30.5 4.5 0 -999.9 -999.9 365
sta4 2015 6 5 156 14.4 29.7 27.4 5.6 0 -999.9 -999.9 365
sta4 2015 6 6 157 9.1 19.3 31.8 4.7 0 -999.9 -999.9 365
sta4 2015 6 7 158 2.6 21.2 31.4 4.3 0 -999.9 -999.9 365
sta4 2015 6 8 159 7.6 19.3 31.8 4.9 0 -999.9 -999.9 365
sta4 2015 6 9 160 8.1 19.1 29.6 5.1 0 -999.9 -999.9 365
sta4 2015 6 10 161 8.1 22.6 26.2 4.7 0 -999.9 -999.9 365
sta4 2015 6 11 162 14.5 28.2 27.1 5.7 22 -999.9 -999.9 365
sta4 2015 6 12 163 16.7 25.6 17.1 4 3.5 -999.9 -999.9 365
sta4 2015 6 13 164 11.8 23.5 28.8 4.9 0 -999.9 -999.9 365
sta4 2015 6 14 165 10.3 20.8 24 3.8 0 -999.9 -999.9 365
sta4 2015 6 15 166 13.5 19.5 11 2.5 0 -999.9 -999.9 365
sta4 2015 6 16 167 7.6 19.8 30.6 4.5 0 -999.9 -999.9 365
sta4 2015 6 17 168 9.4 23.1 29.7 4.3 0 -999.9 -999.9 365
sta4 2015 6 18 169 15.4 19.6 12.8 3 0 -999.9 -999.9 365
sta4 2015 6 19 170 9.1 20.9 28.1 4.4 0 -999.9 -999.9 365
sta4 2015 6 20 171 9.4 21.8 20.5 3.3 0 -999.9 -999.9 365
sta4 2015 6 21 172 14.4 22.4 21.4 4.3 0 -999.9 -999.9 365
sta4 2015 6 22 173 11.3 17.2 8.6 1.9 7 -999.9 -999.9 365
sta4 2015 6 23 174 7.6 19 22.6 3.5 0 -999.9 -999.9 365
sta4 2015 6 24 175 3.5 24.8 29.5 4.4 0 -999.9 -999.9 365
sta4 2015 6 25 176 10 28.2 29.3 5.2 0 -999.9 -999.9 365
sta4 2015 6 26 177 10.9 30.1 22.6 5.1 0 -999.9 -999.9 365
sta4 2015 6 27 178 15.4 22 29.2 5.4 0 -999.9 -999.9 365
sta4 2015 6 28 179 8.3 29 29.7 5.5 0 -999.9 -999.9 365
sta4 2015 6 29 180 11.8 27.6 29.8 5.3 0 -999.9 -999.9 365
sta4 2015 6 30 181 11.6 32.9 30.8 6.9 0 -999.9 -999.9 365
sta4 2015 7 1 182 15.3 38.1 27.1 7.6 0 -999.9 -999.9 365
sta4 2015 7 2 183 16.5 26.6 19.3 4.2 5.5 -999.9 -999.9 365
sta4 2015 7 3 184 15.7 33.4 25.6 5.7 0 -999.9 -999.9 365
sta4 2015 7 4 185 15.9 29.8 26 5.8 0 -999.9 -999.9 365
sta4 2015 7 5 186 14.6 22.2 13.8 3 7.5 -999.9 -999.9 365
sta4 2015 7 6 187 10.3 28.5 30.1 5.4 0 -999.9 -999.9 365
sta4 2015 7 7 188 12.2 22.6 12 2.7 1.5 -999.9 -999.9 365
sta4 2015 7 8 189 11 17.6 12.8 2.8 1 -999.9 -999.9 365
sta4 2015 7 9 190 10.7 21.7 28.5 4.9 0 -999.9 -999.9 365
sta4 2015 7 10 191 5.9 29 30.8 5.8 0 -999.9 -999.9 365
sta4 2015 7 11 192 9.2 23.4 21.9 4.3 0 -999.9 -999.9 365
sta4 2015 7 12 193 9.7 21.5 16.3 3 0 -999.9 -999.9 365
sta4 2015 7 13 194 16.3 24.3 13.7 3.7 0 -999.9 -999.9 365
sta4 2015 7 14 195 16.5 22.9 13.4 3.2 0 -999.9 -999.9 365
sta4 2015 7 15 196 13.7 29.6 21.8 4.7 0 -999.9 -999.9 365
sta4 2015 7 16 197 11.7 36 26.8 6.5 0 -999.9 -999.9 365
sta4 2015 7 17 198 19.2 27.8 14.1 4.3 0 -999.9 -999.9 365
sta4 2015 7 18 199 13.7 26.8 22.1 4.6 10 -999.9 -999.9 365
sta4 2015 7 19 200 13.8 24.2 14.5 3 1.5 -999.9 -999.9 365
sta4 2015 7 20 201 18.2 26.1 12.8 3.5 0.5 -999.9 -999.9 365
sta4 2015 7 21 202 19.3 27.9 13.2 3.9 0 -999.9 -999.9 365
sta4 2015 7 22 203 15.1 25 18.2 4.2 0 -999.9 -999.9 365
sta4 2015 7 23 204 12.1 22.7 22.3 4.4 0 -999.9 -999.9 365
sta4 2015 7 24 205 13.7 29.2 18.9 5.4 1 -999.9 -999.9 365
sta4 2015 7 25 206 13.2 21 22.9 5.3 0 -999.9 -999.9 365
sta4 2015 7 26 207 6.4 17.7 6.7 1.3 17.5 -999.9 -999.9 365
sta4 2015 7 27 208 14.3 21.9 16.4 4.2 0 -999.9 -999.9 365
sta4 2015 7 28 209 12.4 17 9.5 2.6 0.5 -999.9 -999.9 365
sta4 2015 7 29 210 8.4 20 21 3.8 0 -999.9 -999.9 365
sta4 2015 7 30 211 7.1 20.4 25.9 4.4 0 -999.9 -999.9 365
sta4 2015 7 31 212 2.9 22.9 25.4 4 0 -999.9 -999.9 365
sta4 2015 8 1 213 6.9 23.6 24.9 4.2 0 -999.9 -999.9 365
sta4 2015 8 2 214 5.7 30.2 27.2 5.4 0 -999.9 -999.9 365
sta4 2015 8 3 215 13.1 30.7 24 5.2 0 -999.9 -999.9 365
sta4 2015 8 4 216 15.2 24 24.3 5.3 0 -999.9 -999.9 365
sta4 2015 8 5 217 9.7 29.1 24.9 4.9 0 -999.9 -999.9 365
sta4 2015 8 6 218 12.6 27.3 23 4.9 0 -999.9 -999.9 365
sta4 2015 8 7 219 11.6 28.6 22.2 4.6 0 -999.9 -999.9 365
sta4 2015 8 8 220 10.5 27.7 17.7 3.9 0 -999.9 -999.9 365
sta4 2015 8 9 221 14.6 25.4 15.6 3.7 0 -999.9 -999.9 365
sta4 2015 8 10 222 9.4 30.3 23.2 4.3 0 -999.9 -999.9 365
sta4 2015 8 11 223 17.6 27.8 16 4.2 0 -999.9 -999.9 365
sta4 2015 8 12 224 16.8 31.7 19.3 5.4 0 -999.9 -999.9 365
sta4 2015 8 13 225 20.2 27.8 11.7 3.5 7 -999.9 -999.9 365
sta4 2015 8 14 226 16.1 25.5 17.4 4.1 5 -999.9 -999.9 365
sta4 2015 8 15 227 14.3 20.7 17.3 4 0 -999.9 -999.9 365
sta4 2015 8 16 228 5.9 23.4 20 3.1 0 -999.9 -999.9 365
sta4 2015 8 17 229 14.3 22 14.5 3.6 0 -999.9 -999.9 365
sta4 2015 8 18 230 9.2 22.6 12.4 2.8 0 -999.9 -999.9 365
sta4 2015 8 19 231 9.4 24.3 14.4 3 4.5 -999.9 -999.9 365
sta4 2015 8 20 232 15.6 25.3 11.2 2.5 1 -999.9 -999.9 365
sta4 2015 8 21 233 12.9 31.3 22.9 4.7 0 -999.9 -999.9 365
sta4 2015 8 22 234 13.5 32.1 24.3 6 0 -999.9 -999.9 365
sta4 2015 8 23 235 15.8 21.6 11.1 2.9 9.5 -999.9 -999.9 365
sta4 2015 8 24 236 14.2 20.4 13.2 3 30 -999.9 -999.9 365
sta4 2015 8 25 237 10.1 19.4 9.7 1.7 0 -999.9 -999.9 365
sta4 2015 8 26 238 16.5 25.8 12.1 4.1 1 -999.9 -999.9 365
sta4 2015 8 27 239 13.7 15.6 4.2 1 13.5 -999.9 -999.9 365
sta4 2015 8 28 240 9.6 23.7 19.3 3 0 -999.9 -999.9 365
sta4 2015 8 29 241 11.3 28.9 19.8 3.3 0 -999.9 -999.9 365
sta4 2015 8 30 242 16.9 32.3 18.5 3.9 0 -999.9 -999.9 365
sta4 2015 8 31 243 17.3 21.8 5 1.5 15 -999.9 -999.9 365
sta4 2015 9 1 244 15 19.9 15.5 3.3 0 -999.9 -999.9 365
sta4 2015 9 2 245 9 19.6 17.4 2.8 0 -999.9 -999.9 365
sta4 2015 9 3 246 6.6 17.5 13.4 2.1 0.5 -999.9 -999.9 365
sta4 2015 9 4 247 10.8 17 8.4 1.8 0 -999.9 -999.9 365
sta4 2015 9 5 248 11 18.7 11.6 2 1.5 -999.9 -999.9 365
sta4 2015 9 6 249 8.1 17.1 16.1 2.5 0 -999.9 -999.9 365
sta4 2015 9 7 250 4.3 21.3 18.8 2.5 0 -999.9 -999.9 365
sta4 2015 9 8 251 9.1 19.2 10.4 2.3 0 -999.9 -999.9 365
sta4 2015 9 9 252 9.2 22.5 20.6 3.5 0 -999.9 -999.9 365
sta4 2015 9 10 253 9.3 23.7 20.9 3.8 0 -999.9 -999.9 365
sta4 2015 9 11 254 4.8 24.1 15.7 2.8 0 -999.9 -999.9 365
sta4 2015 9 12 255 12.7 19.2 6.3 1.6 3 -999.9 -999.9 365
sta4 2015 9 13 256 6 17.8 6.4 0.8 7.5 -999.9 -999.9 365
sta4 2015 9 14 257 11.6 17.6 13.9 2.5 3.5 -999.9 -999.9 365
sta4 2015 9 15 258 9.8 19.3 17.5 2.9 11.5 -999.9 -999.9 365
sta4 2015 9 16 259 13.1 19 6.2 1.7 2 -999.9 -999.9 365
sta4 2015 9 17 260 13.2 19.2 8.8 2.1 0.5 -999.9 -999.9 365
sta4 2015 9 18 261 10.6 18 9.9 1.7 7 -999.9 -999.9 365
sta4 2015 9 19 262 11.3 19.7 14.3 2.2 0 -999.9 -999.9 365
sta4 2015 9 20 263 3.1 20.2 14.8 1.7 0 -999.9 -999.9 365
sta4 2015 9 21 264 4.2 20 10.2 1.4 1 -999.9 -999.9 365
sta4 2015 9 22 265 11.3 16.2 11.6 1.9 12.5 -999.9 -999.9 365
sta4 2015 9 23 266 9.3 18.4 15.2 2 0 -999.9 -999.9 365
sta4 2015 9 24 267 9.4 18.5 7.3 1.3 1 -999.9 -999.9 365
sta4 2015 9 25 268 4.7 18.1 12 1.5 0 -999.9 -999.9 365
sta4 2015 9 26 269 3.3 17.8 15.5 1.9 0 -999.9 -999.9 365
sta4 2015 9 27 270 7.1 19.3 17.1 2.6 0 -999.9 -999.9 365
sta4 2015 9 28 271 6.5 19 16.9 2.5 0 -999.9 -999.9 365
sta4 2015 9 29 272 7.6 18.9 17.1 2.8 0 -999.9 -999.9 365
sta4 2015 9 30 273 7.9 17.7 16.7 2.5 0 -999.9 -999.9 365
sta4 2015 10 1 274 6.2 16.8 16.5 2.6 0 -999.9 -999.9 365
sta4 2015 10 2 275 5.5 20 16 2.3 0 -999.9 -999.9 365
sta4 2015 10 3 276 4.6 20.4 11.2 1.7 0 -999.9 -999.9 365
sta4 2015 10 4 277 5.3 17.1 9.9 1.1 1.5 -999.9 -999.9 365
sta4 2015 10 5 278 12.5 16.6 3 0.5 16 -999.9 -999.9 365
sta4 2015 10 6 279 14.4 19.3 8.9 1.7 4.5 -999.9 -999.9 365
sta4 2015 10 7 280 12.2 17.2 8.1 1.9 0 -999.9 -999.9 365
sta4 2015 10 8 281 9.1 17.2 11 1.5 0 -999.9 -999.9 365
sta4 2015 10 9 282 3 16.4 12.8 1.2 0 -999.9 -999.9 365
sta4 2015 10 10 283 6.4 17.2 12.5 1.3 0 -999.9 -999.9 365
sta4 2015 10 11 284 7.8 15.4 11.7 1.3 0 -999.9 -999.9 365
sta4 2015 10 12 285 6.8 15.7 9.1 1.2 0 -999.9 -999.9 365
sta4 2015 10 13 286 5.3 12.8 9.5 1.6 0 -999.9 -999.9 365
sta4 2015 10 14 287 0.4 12.8 8.1 0.8 1.5 -999.9 -999.9 365
sta4 2015 10 15 288 2.7 9.7 6.2 0.9 1.5 -999.9 -999.9 365
sta4 2015 10 16 289 5.8 12.8 3.2 0.5 1 -999.9 -999.9 365
sta4 2015 10 17 290 8.5 14.1 4.7 0.7 0.5 -999.9 -999.9 365
sta4 2015 10 18 291 8.6 12 7.7 0.8 0 -999.9 -999.9 365
sta4 2015 10 19 292 1.4 14.1 6.2 0.3 0 -999.9 -999.9 365
sta4 2015 10 20 293 9.6 13.6 3.9 0.9 0.5 -999.9 -999.9 365
sta4 2015 10 21 294 0.9 12.3 3.8 0.2 2 -999.9 -999.9 365
sta4 2015 10 22 295 10.2 15.4 3.8 0.8 0.5 -999.9 -999.9 365
sta4 2015 10 23 296 10.2 12.8 3.4 0.9 0 -999.9 -999.9 365
sta4 2015 10 24 297 6.3 15.2 5.8 0.6 0.5 -999.9 -999.9 365
sta4 2015 10 25 298 3.3 14.4 10.9 0.8 0 -999.9 -999.9 365
sta4 2015 10 26 299 2.9 12.2 3.6 0.1 0 -999.9 -999.9 365
sta4 2015 10 27 300 7.6 19.9 6.8 0.8 6 -999.9 -999.9 365
sta4 2015 10 28 301 7.2 14.4 7.8 0.7 0 -999.9 -999.9 365
sta4 2015 10 29 302 5.1 15 4.7 0.2 0 -999.9 -999.9 365
sta4 2015 10 30 303 8.3 18 7.3 1.3 0 -999.9 -999.9 365
sta4 2015 10 31 304 5.6 14.6 7.4 0.8 0.5 -999.9 -999.9 365
sta4 2015 11 1 305 3.3 20.4 9.6 0.6 0.5 -999.9 -999.9 365
sta4 2015 11 2 306 3.4 10 4 0.2 0 -999.9 -999.9 365
sta4 2015 11 3 307 6.2 16.3 5.3 0.4 8.5 -999.9 -999.9 365
sta4 2015 11 4 308 10.9 15.2 4.3 0.6 0.5 -999.9 -999.9 365
sta4 2015 11 5 309 11.8 16.4 4 0.5 1.8 -999.9 -999.9 365
sta4 2015 11 6 310 12.4 18.5 2.2 0.3 1.8 -999.9 -999.9 365
sta4 2015 11 7 311 15.9 21.1 5.9 1.3 0.2 -999.9 -999.9 365
sta4 2015 11 8 312 7.8 21 6.3 0.3 0 -999.9 -999.9 365
sta4 2015 11 9 313 10.9 16.3 8.1 0.9 0 -999.9 -999.9 365
sta4 2015 11 10 314 7.7 16.6 6.8 0.7 0 -999.9 -999.9 365
sta4 2015 11 11 315 2.8 16.2 4.9 0.2 0 -999.9 -999.9 365
sta4 2015 11 12 316 6.9 16.6 5.7 0.5 0.5 -999.9 -999.9 365
sta4 2015 11 13 317 9.8 15.3 5.8 1 0.5 -999.9 -999.9 365
sta4 2015 11 14 318 6 13.1 2.4 0.8 0 -999.9 -999.9 365
sta4 2015 11 15 319 10 18 7.3 1.2 0 -999.9 -999.9 365
sta4 2015 11 16 320 11.4 16 2.8 0.9 2.5 -999.9 -999.9 365
sta4 2015 11 17 321 13.9 16.9 2.7 1 1.5 -999.9 -999.9 365
sta4 2015 11 18 322 10.5 15.8 6.5 0.7 0 -999.9 -999.9 365
sta4 2015 11 19 323 11.9 16.5 1.5 0.8 13.5 -999.9 -999.9 365
sta4 2015 11 20 324 8.6 10.3 0.9 0.2 25 -999.9 -999.9 365
sta4 2015 11 21 325 3.1 7.4 3.5 0.7 1 -999.9 -999.9 365
sta4 2015 11 22 326 -2.8 7.5 7 0.2 1 -999.9 -999.9 365
sta4 2015 11 23 327 -1.8 7.7 6.9 0.2 0 -999.9 -999.9 365
sta4 2015 11 24 328 -0.4 8.5 1.2 0 19 -999.9 -999.9 365
sta4 2015 11 25 329 7.8 10.7 3.2 0.5 0.8 -999.9 -999.9 365
sta4 2015 11 26 330 0.3 10.7 4.5 0.2 0.2 -999.9 -999.9 365
sta4 2015 11 27 331 0.3 11 3.9 0 1.4 -999.9 -999.9 365
sta4 2015 11 28 332 0.5 10.7 5 0.5 1.4 -999.9 -999.9 365
sta4 2015 11 29 333 8 12.6 1.8 1 0.6 -999.9 -999.9 365
sta4 2015 11 30 334 10.2 12.9 2.5 1.3 0 -999.9 -999.9 365
sta4 2015 12 1 335 11 14.2 2.6 1.2 0 -999.9 -999.9 365
sta4 2015 12 2 336 9.7 11.9 2 1 0 -999.9 -999.9 365
sta4 2015 12 3 337 3.2 12.3 2.4 0.6 0.2 -999.9 -999.9 365
sta4 2015 12 4 338 7.2 12.2 5.8 0.4 0.2 -999.9 -999.9 365
sta4 2015 12 5 339 2.2 9.8 2.8 0.3 0 -999.9 -999.9 365
sta4 2015 12 6 340 6.1 13.9 3.3 0.3 0.2 -999.9 -999.9 365
sta4 2015 12 7 341 7.6 13.5 5.2 0.4 0 -999.9 -999.9 365
sta4 2015 12 8 342 7 11.9 0.9 0.4 3 -999.9 -999.9 365
sta4 2015 12 9 343 0.7 11.4 5.5 0.3 0 -999.9 -999.9 365
sta4 2015 12 10 344 0.6 5.8 3.9 0.2 0 -999.9 -999.9 365
sta4 2015 12 11 345 1.7 11.3 2.1 0 0.4 -999.9 -999.9 365
sta4 2015 12 12 346 8.6 13.3 4.7 0.3 0.4 -999.9 -999.9 365
sta4 2015 12 13 347 4.8 7 2.1 0.2 0 -999.9 -999.9 365
sta4 2015 12 14 348 3.6 8.4 2.1 0.2 0.6 -999.9 -999.9 365
sta4 2015 12 15 349 5.5 13.6 1.8 0.1 11.8 -999.9 -999.9 365
sta4 2015 12 16 350 10.7 15.1 1.7 0.3 0 -999.9 -999.9 365
sta4 2015 12 17 351 9.6 15.7 3.3 0.7 0 -999.9 -999.9 365
sta4 2015 12 18 352 7.6 13.8 2.2 0.2 0 -999.9 -999.9 365
sta4 2015 12 19 353 10.3 16.2 3.8 0.6 0 -999.9 -999.9 365
sta4 2015 12 20 354 10.8 13.5 1.6 0.9 0 -999.9 -999.9 365
sta4 2015 12 21 355 8.6 13.5 3.5 0.5 2 -999.9 -999.9 365
sta4 2015 12 22 356 11.7 13.7 1.9 1.1 2 -999.9 -999.9 365
sta4 2015 12 23 357 8.1 12.2 3.7 0.3 0 -999.9 -999.9 365
sta4 2015 12 24 358 6.7 13 2.1 0.5 12.5 -999.9 -999.9 365
sta4 2015 12 25 359 7.9 13.7 2 0.4 0.5 -999.9 -999.9 365
sta4 2015 12 26 360 8.3 14.3 5 0.4 0 -999.9 -999.9 365
sta4 2015 12 27 361 7.2 13.1 4.1 0.3 0 -999.9 -999.9 365
sta4 2015 12 28 362 4.1 11.6 3.5 0.4 0 -999.9 -999.9 365
sta4 2015 12 29 363 7.1 12 4.5 0.4 0 -999.9 -999.9 365
sta4 2015 12 30 364 4.4 11.1 2.6 0.7 0 -999.9 -999.9 365
sta4 2015 12 31 365 5.8 11.3 5.1 0.5 0 -999.9 -999.9 365
