sta4 2012 1 1 1 12 14.3 1.7 0.6 10 -999.9 -999.9 365
sta4 2012 1 2 2 5 9.3 3.7 0.3 0 -999.9 -999.9 365
sta4 2012 1 3 3 3.7 12.9 1.4 0.2 2.5 -999.9 -999.9 365
sta4 2012 1 4 4 5.4 9.6 3.4 0.6 2 -999.9 -999.9 365
sta4 2012 1 5 5 8.1 12 1.8 1.5 4 -999.9 -999.9 365
sta4 2012 1 6 6 3.2 9.2 4.7 0.3 0 -999.9 -999.9 365
sta4 2012 1 7 7 3.4 12.2 3 0 0.5 -999.9 -999.9 365
sta4 2012 1 8 8 7.1 8.9 1.2 0.5 0 -999.9 -999.9 365
sta4 2012 1 9 9 7.3 12 3 0.2 0 -999.9 -999.9 365
sta4 2012 1 10 10 5.6 10.7 1.7 0.1 0.5 -999.9 -999.9 365
sta4 2012 1 11 11 5.1 11.7 2.7 0.4 0 -999.9 -999.9 365
sta4 2012 1 12 12 -0.7 11.2 4.4 0.1 0 -999.9 -999.9 365
sta4 2012 1 13 13 1.6 8.8 5 0.2 0 -999.9 -999.9 365
sta4 2012 1 14 14 -3.4 5.3 5.9 0.2 0 -999.9 -999.9 365
sta4 2012 1 15 15 -1.1 5.3 5.8 0.3 0 -999.9 -999.9 365
sta4 2012 1 16 16 -1.5 4.6 5.9 0.5 0 -999.9 -999.9 365
sta4 2012 1 17 17 -5.9 4.6 5.4 0.2 0 -999.9 -999.9 365
sta4 2012 1 18 18 -3.9 11.9 1.6 0.3 0 -999.9 -999.9 365
sta4 2012 1 19 19 6.5 13.2 1.5 0.1 3.5 -999.9 -999.9 365
sta4 2012 1 20 20 6.1 10.5 1.9 0.9 0 -999.9 -999.9 365
sta4 2012 1 21 21 8.1 12.6 1.8 0.6 1 -999.9 -999.9 365
sta4 2012 1 22 22 7.2 11 2.6 0.9 0 -999.9 -999.9 365
sta4 2012 1 23 23 4.2 9.5 3 0.3 3.5 -999.9 -999.9 365
sta4 2012 1 24 24 1.1 10 1.5 0 5 -999.9 -999.9 365
sta4 2012 1 25 25 8.9 9.7 1.6 0.1 0 -999.9 -999.9 365
sta4 2012 1 26 26 5.7 9.7 3.1 0.6 0 -999.9 -999.9 365
sta4 2012 1 27 27 -1.2 9.7 5.9 0.3 2 -999.9 -999.9 365
sta4 2012 1 28 28 1.2 7.2 4.7 0.2 0 -999.9 -999.9 365
sta4 2012 1 29 29 0.6 5.9 5.8 0.2 0 -999.9 -999.9 365
sta4 2012 1 30 30 0.1 1.2 1.2 0.2 0 -999.9 -999.9 365
sta4 2012 1 31 31 -3.8 0.8 3.8 0.2 0 -999.9 -999.9 365
sta4 2012 2 1 32 -5 -0.2 7.1 0.6 0 -999.9 -999.9 365
sta4 2012 2 2 33 -7.6 -0.5 8.2 1.1 0 -999.9 -999.9 365
sta4 2012 2 3 34 -8.9 -0.1 8.2 0.6 0 -999.9 -999.9 365
sta4 2012 2 4 35 -4.9 0.4 8 0.5 5 -999.9 -999.9 365
sta4 2012 2 5 36 -9.2 -4.1 4.8 0.3 2.2 -999.9 -999.9 365
sta4 2012 2 6 37 -14 -0.6 4.5 0 0.4 -999.9 -999.9 365
sta4 2012 2 7 38 -11.5 -2.4 10.3 0.3 0 -999.9 -999.9 365
sta4 2012 2 8 39 -9.3 -3.2 6.7 0.3 0 -999.9 -999.9 365
sta4 2012 2 9 40 -11.8 0.3 8.9 0.1 0 -999.9 -999.9 365
sta4 2012 2 10 41 -12 -1.8 10.5 0.1 0 -999.9 -999.9 365
sta4 2012 2 11 42 -14 -0.3 11.4 0.3 0 -999.9 -999.9 365
sta4 2012 2 12 43 -15.6 2.3 9.1 0.1 0 -999.9 -999.9 365
sta4 2012 2 13 44 -0.9 5.6 4.4 0.1 3.8 -999.9 -999.9 365
sta4 2012 2 14 45 3 6.6 4.1 0.5 0 -999.9 -999.9 365
sta4 2012 2 15 46 3.6 8.7 4.5 0.4 0 -999.9 -999.9 365
sta4 2012 2 16 47 4.8 8.2 3.2 0.6 0 -999.9 -999.9 365
sta4 2012 2 17 48 3.6 8.6 2.5 0.1 0 -999.9 -999.9 365
sta4 2012 2 18 49 7.3 10.6 3.3 0.7 3 -999.9 -999.9 365
sta4 2012 2 19 50 -0.1 8.1 9.3 0.8 0 -999.9 -999.9 365
sta4 2012 2 20 51 -5.6 8 11.4 0.6 0 -999.9 -999.9 365
sta4 2012 2 21 52 -2.7 10.8 10.4 0.8 0 -999.9 -999.9 365
sta4 2012 2 22 53 -4.4 9.4 9.2 0.6 0.5 -999.9 -999.9 365
sta4 2012 2 23 54 6 11.5 2.4 0 0 -999.9 -999.9 365
sta4 2012 2 24 55 7.9 12.1 5.8 0.6 0 -999.9 -999.9 365
sta4 2012 2 25 56 8.2 10.6 3.1 0.5 0 -999.9 -999.9 365
sta4 2012 2 26 57 4 12 9.7 0.7 0 -999.9 -999.9 365
sta4 2012 2 27 58 -0.2 8.9 6.5 0.3 0 -999.9 -999.9 365
sta4 2012 2 28 59 7.8 11.1 2.7 0.4 0 -999.9 -999.9 365
sta4 2012 2 29 60 8 15.6 8.6 0.9 0 -999.9 -999.9 365
sta4 2012 3 1 61 5.3 14.3 5.1 0.7 0 -999.9 -999.9 365
sta4 2012 3 2 62 8.7 10.3 2.3 0.3 0 -999.9 -999.9 365
sta4 2012 3 3 63 5.3 12 5.4 0.6 0.5 -999.9 -999.9 365
sta4 2012 3 4 64 3.7 10.3 3.4 0.8 7.5 -999.9 -999.9 365
sta4 2012 3 5 65 4.3 8.8 8.8 1.7 0.5 -999.9 -999.9 365
sta4 2012 3 6 66 3.7 6.1 3.3 0.7 0.5 -999.9 -999.9 365
sta4 2012 3 7 67 -1.2 8.7 3.2 0.3 2 -999.9 -999.9 365
sta4 2012 3 8 68 1.4 10.5 10.6 1 0 -999.9 -999.9 365
sta4 2012 3 9 69 -2.6 12.6 10.2 0.9 0 -999.9 -999.9 365
sta4 2012 3 10 70 7.1 11 4.7 0.7 0 -999.9 -999.9 365
sta4 2012 3 11 71 7.8 13.8 6 1.1 0 -999.9 -999.9 365
sta4 2012 3 12 72 -0.2 17 13.7 1.2 0 -999.9 -999.9 365
sta4 2012 3 13 73 1.2 10.8 4.5 0.5 0 -999.9 -999.9 365
sta4 2012 3 14 74 0.9 16.1 11.5 1.2 0 -999.9 -999.9 365
sta4 2012 3 15 75 -0.3 20.6 15.2 1.7 0 -999.9 -999.9 365
sta4 2012 3 16 76 6.8 18.2 12 1.7 0 -999.9 -999.9 365
sta4 2012 3 17 77 5.9 11.4 3.5 0.7 6 -999.9 -999.9 365
sta4 2012 3 18 78 5.1 10.6 7.1 1 0 -999.9 -999.9 365
sta4 2012 3 19 79 1.4 12.3 14.4 1.7 0 -999.9 -999.9 365
sta4 2012 3 20 80 -2.5 12.5 11.4 1.1 0 -999.9 -999.9 365
sta4 2012 3 21 81 2.6 15.9 16.5 2.1 0 -999.9 -999.9 365
sta4 2012 3 22 82 6.6 20.7 15.3 2.6 0 -999.9 -999.9 365
sta4 2012 3 23 83 2.4 21.8 15.6 2.1 0 -999.9 -999.9 365
sta4 2012 3 24 84 2.4 20.6 16.4 2.2 0 -999.9 -999.9 365
sta4 2012 3 25 85 5.8 20.3 16.5 2.2 0 -999.9 -999.9 365
sta4 2012 3 26 86 5.5 20.3 18.3 3.1 0 -999.9 -999.9 365
sta4 2012 3 27 87 6.6 19.8 18.1 2.9 0 -999.9 -999.9 365
sta4 2012 3 28 88 6.3 20.4 17.6 2.5 0 -999.9 -999.9 365
sta4 2012 3 29 89 4.3 20.5 18.3 2.6 0 -999.9 -999.9 365
sta4 2012 3 30 90 1.6 19.9 18 2.1 0 -999.9 -999.9 365
sta4 2012 3 31 91 3.3 10.5 4.3 0.7 0 -999.9 -999.9 365
sta4 2012 4 1 92 0.4 12.1 19.5 2.2 0 -999.9 -999.9 365
sta4 2012 4 2 93 -0.2 16.5 19.2 2.1 0 -999.9 -999.9 365
sta4 2012 4 3 94 -0.2 15.5 18 2 0 -999.9 -999.9 365
sta4 2012 4 4 95 1.5 12.3 9.1 1.2 1.5 -999.9 -999.9 365
sta4 2012 4 5 96 7 12.8 11.6 2 0 -999.9 -999.9 365
sta4 2012 4 6 97 3.4 13.4 16.7 2.3 0 -999.9 -999.9 365
sta4 2012 4 7 98 1.3 13.5 10 1.4 0 -999.9 -999.9 365
sta4 2012 4 8 99 -2.5 9.9 7.1 0.7 0 -999.9 -999.9 365
sta4 2012 4 9 100 8.9 12 5.3 1.4 7 -999.9 -999.9 365
sta4 2012 4 10 101 6.1 11.3 7 1.4 4 -999.9 -999.9 365
sta4 2012 4 11 102 1.5 11.6 11.4 1.4 6 -999.9 -999.9 365
sta4 2012 4 12 103 0.5 14.5 13.9 1.7 1.5 -999.9 -999.9 365
sta4 2012 4 13 104 -1.3 14.9 16.3 1.8 2 -999.9 -999.9 365
sta4 2012 4 14 105 2.9 12.7 9.7 1.5 0 -999.9 -999.9 365
sta4 2012 4 15 106 3.4 9.8 12.6 2.2 0 -999.9 -999.9 365
sta4 2012 4 16 107 0.9 10 16.9 2 0 -999.9 -999.9 365
sta4 2012 4 17 108 -2.3 12.1 8.1 1.3 2 -999.9 -999.9 365
sta4 2012 4 18 109 2.3 12.2 9.6 1.5 3 -999.9 -999.9 365
sta4 2012 4 19 110 4.7 13.2 16.8 2.4 4 -999.9 -999.9 365
sta4 2012 4 20 111 3.5 13.3 14.6 2 2.5 -999.9 -999.9 365
sta4 2012 4 21 112 5 12.1 15.5 2.2 2 -999.9 -999.9 365
sta4 2012 4 22 113 3.6 11.9 16.6 2.2 0 -999.9 -999.9 365
sta4 2012 4 23 114 2.9 13.6 8.8 1.5 3.5 -999.9 -999.9 365
sta4 2012 4 24 115 4.6 12.9 12.5 1.8 2 -999.9 -999.9 365
sta4 2012 4 25 116 3.6 16 12 2.2 2.5 -999.9 -999.9 365
sta4 2012 4 26 117 8.8 15.8 15.8 3.3 1 -999.9 -999.9 365
sta4 2012 4 27 118 4.8 15.2 11.3 1.8 10 -999.9 -999.9 365
sta4 2012 4 28 119 8.5 16.3 3.1 0.9 16 -999.9 -999.9 365
sta4 2012 4 29 120 10.8 15.6 13.3 2.9 0.5 -999.9 -999.9 365
sta4 2012 4 30 121 5 18.1 14 2.1 2 -999.9 -999.9 365
sta4 2012 5 1 122 8.8 19.6 23.7 3.6 0 -999.9 -999.9 365
sta4 2012 5 2 123 5.3 14.2 9.3 1.3 1.5 -999.9 -999.9 365
sta4 2012 5 3 124 9.6 19.3 16.7 2.8 0.5 -999.9 -999.9 365
sta4 2012 5 4 125 6 16.9 8.5 1.2 16 -999.9 -999.9 365
sta4 2012 5 5 126 8.3 14.3 12.8 2 0 -999.9 -999.9 365
sta4 2012 5 6 127 7.8 12.5 8.2 1.4 0 -999.9 -999.9 365
sta4 2012 5 7 128 2.5 18.7 20.1 2.4 1 -999.9 -999.9 365
sta4 2012 5 8 129 10.5 18.8 9.5 2 0 -999.9 -999.9 365
sta4 2012 5 9 130 13.4 20 12.5 2.7 0 -999.9 -999.9 365
sta4 2012 5 10 131 14.4 25.2 15 3.7 0 -999.9 -999.9 365
sta4 2012 5 11 132 12.1 17.1 12.9 2.7 0 -999.9 -999.9 365
sta4 2012 5 12 133 7.1 15.1 27.2 3.9 0 -999.9 -999.9 365
sta4 2012 5 13 134 2.8 16.5 27.7 3.3 0 -999.9 -999.9 365
sta4 2012 5 14 135 0.7 18.6 26 3.4 1.5 -999.9 -999.9 365
sta4 2012 5 15 136 6.1 11.3 16.7 2.4 4.5 -999.9 -999.9 365
sta4 2012 5 16 137 2.4 14.9 23.7 3 0 -999.9 -999.9 365
sta4 2012 5 17 138 1.2 14.3 12.3 2.2 0 -999.9 -999.9 365
sta4 2012 5 18 139 4.6 17 9.1 1.8 0 -999.9 -999.9 365
sta4 2012 5 19 140 2.9 17.7 14.1 2 2.5 -999.9 -999.9 365
sta4 2012 5 20 141 9.3 16.6 6.7 1.2 4 -999.9 -999.9 365
sta4 2012 5 21 142 9.8 12.8 3.9 0.6 0 -999.9 -999.9 365
sta4 2012 5 22 143 11.4 19.4 18.9 3.3 0 -999.9 -999.9 365
sta4 2012 5 23 144 11.3 22.9 24.4 3.9 0 -999.9 -999.9 365
sta4 2012 5 24 145 8.5 27.7 24.5 3.8 0 -999.9 -999.9 365
sta4 2012 5 25 146 15.3 26.3 27.6 5.6 0 -999.9 -999.9 365
sta4 2012 5 26 147 12.8 26.3 28.4 6 0 -999.9 -999.9 365
sta4 2012 5 27 148 11.4 21.9 19.3 3.4 0 -999.9 -999.9 365
sta4 2012 5 28 149 11.5 22.8 26.7 4.6 0 -999.9 -999.9 365
sta4 2012 5 29 150 10.2 24.1 25.6 4.2 0 -999.9 -999.9 365
sta4 2012 5 30 151 7.2 25.2 19.2 3.2 0 -999.9 -999.9 365
sta4 2012 5 31 152 12.5 20.9 19.7 3.4 0 -999.9 -999.9 365
sta4 2012 6 1 153 13.2 21.3 10.7 2.2 0 -999.9 -999.9 365
sta4 2012 6 2 154 8.6 25.7 22 3.6 30.5 -999.9 -999.9 365
sta4 2012 6 3 155 13.7 19.9 12.1 2.8 0 -999.9 -999.9 365
sta4 2012 6 4 156 10.3 13.3 7.2 1.7 0 -999.9 -999.9 365
sta4 2012 6 5 157 3.9 16.7 13 1.6 3 -999.9 -999.9 365
sta4 2012 6 6 158 12.8 19.8 16 3 1 -999.9 -999.9 365
sta4 2012 6 7 159 12.5 21 12.7 3 6 -999.9 -999.9 365
sta4 2012 6 8 160 11.6 19.3 21.8 4.4 0 -999.9 -999.9 365
sta4 2012 6 9 161 7.6 19 20.6 3.5 0 -999.9 -999.9 365
sta4 2012 6 10 162 10.8 17.2 9.1 1.7 13.5 -999.9 -999.9 365
sta4 2012 6 11 163 11.9 18.2 14.2 2.9 1 -999.9 -999.9 365
sta4 2012 6 12 164 10.7 14.5 5.7 1 0.5 -999.9 -999.9 365
sta4 2012 6 13 165 10.3 17 11.5 2.1 1.5 -999.9 -999.9 365
sta4 2012 6 14 166 9.5 20 15.1 2.5 1 -999.9 -999.9 365
sta4 2012 6 15 167 14.4 19.2 10.3 2.4 2 -999.9 -999.9 365
sta4 2012 6 16 168 12.4 21.6 19.7 4.1 0 -999.9 -999.9 365
sta4 2012 6 17 169 10.2 21.7 24.5 4.1 7 -999.9 -999.9 365
sta4 2012 6 18 170 11.8 17.3 12.4 2.4 0 -999.9 -999.9 365
sta4 2012 6 19 171 6.6 20.8 20.2 3.1 0 -999.9 -999.9 365
sta4 2012 6 20 172 8.4 23.9 26.8 4.1 2.5 -999.9 -999.9 365
sta4 2012 6 21 173 15.4 24.5 16.8 4.1 2 -999.9 -999.9 365
sta4 2012 6 22 174 11.8 21.4 22.1 4.4 0 -999.9 -999.9 365
sta4 2012 6 23 175 10 21.4 21.2 3.7 0 -999.9 -999.9 365
sta4 2012 6 24 176 12 16.2 6.7 1.3 8.5 -999.9 -999.9 365
sta4 2012 6 25 177 10.3 19.7 18.9 3 10 -999.9 -999.9 365
sta4 2012 6 26 178 14.2 21 10.6 1.9 0.5 -999.9 -999.9 365
sta4 2012 6 27 179 14.2 27.6 17.9 3.5 0 -999.9 -999.9 365
sta4 2012 6 28 180 17.4 31.6 20 4.9 1.5 -999.9 -999.9 365
sta4 2012 6 29 181 14.8 23.2 17.8 3.9 0 -999.9 -999.9 365
sta4 2012 6 30 182 12.5 22.2 15.3 2.9 8.5 -999.9 -999.9 365
sta4 2012 7 1 183 10.3 20 21.3 3.6 1 -999.9 -999.9 365
sta4 2012 7 2 184 7.3 21.6 22.8 3.6 0 -999.9 -999.9 365
sta4 2012 7 3 185 14.8 22.2 11.1 2.6 0 -999.9 -999.9 365
sta4 2012 7 4 186 14.5 26.2 21.7 4.3 2 -999.9 -999.9 365
sta4 2012 7 5 187 14.9 21.8 17.1 3.5 0 -999.9 -999.9 365
sta4 2012 7 6 188 12.9 21.7 20.4 3.8 1 -999.9 -999.9 365
sta4 2012 7 7 189 10.9 20.7 11.7 2.4 17.5 -999.9 -999.9 365
sta4 2012 7 8 190 14.1 20.3 11.1 3 0 -999.9 -999.9 365
sta4 2012 7 9 191 13.1 22.4 16.1 3.2 0 -999.9 -999.9 365
sta4 2012 7 10 192 13.4 19.8 13.2 3.2 0.5 -999.9 -999.9 365
sta4 2012 7 11 193 11.1 19.3 14.9 3.3 3 -999.9 -999.9 365
sta4 2012 7 12 194 10.8 17.3 8.9 1.7 17 -999.9 -999.9 365
sta4 2012 7 13 195 12.7 18.4 11.5 2.3 2.5 -999.9 -999.9 365
sta4 2012 7 14 196 12.2 21.3 20.3 4 0 -999.9 -999.9 365
sta4 2012 7 15 197 10 17.9 14.7 2.9 0.5 -999.9 -999.9 365
sta4 2012 7 16 198 6.9 22.6 18 3.3 0 -999.9 -999.9 365
sta4 2012 7 17 199 15 23.7 21.9 4.7 0 -999.9 -999.9 365
sta4 2012 7 18 200 13.2 22.9 24.4 4.5 0 -999.9 -999.9 365
sta4 2012 7 19 201 13.6 19.8 12.2 3.2 0 -999.9 -999.9 365
sta4 2012 7 20 202 11.3 20.1 17.9 3.6 0 -999.9 -999.9 365
sta4 2012 7 21 203 6.2 22.3 21.8 3.5 0 -999.9 -999.9 365
sta4 2012 7 22 204 8.4 25.1 26.4 4.3 0 -999.9 -999.9 365
sta4 2012 7 23 205 8.2 27.7 27.4 5 0 -999.9 -999.9 365
sta4 2012 7 24 206 9.9 29.8 27.4 5.2 0 -999.9 -999.9 365
sta4 2012 7 25 207 11.8 31.5 26 5.4 0 -999.9 -999.9 365
sta4 2012 7 26 208 13.4 32.5 25 5.6 0 -999.9 -999.9 365
sta4 2012 7 27 209 15.3 28 13 3.6 0 -999.9 -999.9 365
sta4 2012 7 28 210 16.2 22 23.6 5 0 -999.9 -999.9 365
sta4 2012 7 29 211 9.4 21.5 15.8 3.2 3.5 -999.9 -999.9 365
sta4 2012 7 30 212 7.9 21.4 22 3.6 0 -999.9 -999.9 365
sta4 2012 7 31 213 11 25.7 17.7 3.7 0 -999.9 -999.9 365
sta4 2012 8 1 214 9.3 26.6 12.1 2.5 1 -999.9 -999.9 365
sta4 2012 8 2 215 12.7 24.5 16.4 3.6 1.5 -999.9 -999.9 365
sta4 2012 8 3 216 10.8 24.7 16.5 3.3 5 -999.9 -999.9 365
sta4 2012 8 4 217 11.5 22.1 13.1 2.6 4 -999.9 -999.9 365
sta4 2012 8 5 218 9.8 22.9 16.3 3.2 4 -999.9 -999.9 365
sta4 2012 8 6 219 12.3 20.8 13.5 3 4.5 -999.9 -999.9 365
sta4 2012 8 7 220 11.4 21.6 14.5 3.1 0 -999.9 -999.9 365
sta4 2012 8 8 221 8.8 26.2 22.5 3.8 0 -999.9 -999.9 365
sta4 2012 8 9 222 12.3 27 21.9 3.9 0 -999.9 -999.9 365
sta4 2012 8 10 223 10.8 26.6 25.1 4.9 0 -999.9 -999.9 365
sta4 2012 8 11 224 8.7 28.1 24.2 5 0 -999.9 -999.9 365
sta4 2012 8 12 225 9.7 25.1 12.7 2.8 0 -999.9 -999.9 365
sta4 2012 8 13 226 11.4 23.9 13.4 2.8 0 -999.9 -999.9 365
sta4 2012 8 14 227 12.9 25.8 11.6 3 0 -999.9 -999.9 365
sta4 2012 8 15 228 17 26.3 10.3 3.9 0.5 -999.9 -999.9 365
sta4 2012 8 16 229 11 26.8 19.4 4.1 0 -999.9 -999.9 365
sta4 2012 8 17 230 15 32.8 23.1 5.9 0 -999.9 -999.9 365
sta4 2012 8 18 231 14.7 35.9 22.3 5.7 0 -999.9 -999.9 365
sta4 2012 8 19 232 16.7 35.4 15.7 4.6 0 -999.9 -999.9 365
sta4 2012 8 20 233 15.8 27.6 16.2 3.4 0 -999.9 -999.9 365
sta4 2012 8 21 234 14.3 28.8 16.4 3.9 0 -999.9 -999.9 365
sta4 2012 8 22 235 13.7 23.2 21.1 3.8 0 -999.9 -999.9 365
sta4 2012 8 23 236 6.5 25.4 19.5 3.1 0 -999.9 -999.9 365
sta4 2012 8 24 237 10.6 23.2 11.7 2.6 1.5 -999.9 -999.9 365
sta4 2012 8 25 238 15.3 23.4 15.4 4.4 2.5 -999.9 -999.9 365
sta4 2012 8 26 239 14.1 21.9 17.7 3.8 0 -999.9 -999.9 365
sta4 2012 8 27 240 12.4 27.6 19.4 4.8 0 -999.9 -999.9 365
sta4 2012 8 28 241 16.6 24.8 19.2 4.5 0 -999.9 -999.9 365
sta4 2012 8 29 242 8.6 25.2 17.2 3.6 0.5 -999.9 -999.9 365
sta4 2012 8 30 243 11.7 19.6 12.4 2.7 4 -999.9 -999.9 365
sta4 2012 8 31 244 7.9 17.5 17.4 3.1 0 -999.9 -999.9 365
sta4 2012 9 1 245 11.1 18.2 11 1.9 0 -999.9 -999.9 365
sta4 2012 9 2 246 13 22 16.8 3.2 0 -999.9 -999.9 365
sta4 2012 9 3 247 14.9 23.8 11.3 2.4 0 -999.9 -999.9 365
sta4 2012 9 4 248 14 25.3 16.1 3.2 0 -999.9 -999.9 365
sta4 2012 9 5 249 13.9 21.8 9.4 2.4 0 -999.9 -999.9 365
sta4 2012 9 6 250 5.8 22.6 20.3 2.9 0 -999.9 -999.9 365
sta4 2012 9 7 251 2.1 27.8 19.9 2.9 0 -999.9 -999.9 365
sta4 2012 9 8 252 4.3 28.9 19.9 3.5 0 -999.9 -999.9 365
sta4 2012 9 9 253 5.6 31.7 18.9 3.9 0 -999.9 -999.9 365
sta4 2012 9 10 254 12.5 26.1 15.6 3.3 1 -999.9 -999.9 365
sta4 2012 9 11 255 14.3 18.2 7.6 2.1 1.5 -999.9 -999.9 365
sta4 2012 9 12 256 10.6 16.9 9 1.9 3.5 -999.9 -999.9 365
sta4 2012 9 13 257 10 18.2 15.6 2.7 0 -999.9 -999.9 365
sta4 2012 9 14 258 5.7 19.2 6.9 1.3 0 -999.9 -999.9 365
sta4 2012 9 15 259 7.4 22.1 17 2.5 0 -999.9 -999.9 365
sta4 2012 9 16 260 4.6 25.5 16 2.3 0 -999.9 -999.9 365
sta4 2012 9 17 261 12.8 21.1 10 1.9 0 -999.9 -999.9 365
sta4 2012 9 18 262 8.9 19.3 12.6 2.6 0 -999.9 -999.9 365
sta4 2012 9 19 263 4.5 18.1 15.6 2.3 0 -999.9 -999.9 365
sta4 2012 9 20 264 1.1 18.5 13.9 1.9 0 -999.9 -999.9 365
sta4 2012 9 21 265 2.5 17.2 6.7 1.2 0 -999.9 -999.9 365
sta4 2012 9 22 266 4.8 18.6 14 2.1 0 -999.9 -999.9 365
sta4 2012 9 23 267 11.8 22.2 7.9 2.4 25.5 -999.9 -999.9 365
sta4 2012 9 24 268 13.5 18.5 8.4 2.1 5 -999.9 -999.9 365
sta4 2012 9 25 269 9.3 17.8 8.7 1.9 4 -999.9 -999.9 365
sta4 2012 9 26 270 10.2 16.9 10.3 1.9 2 -999.9 -999.9 365
sta4 2012 9 27 271 10.5 16.8 9.5 1.8 1.5 -999.9 -999.9 365
sta4 2012 9 28 272 7.9 18.5 13.9 1.8 0 -999.9 -999.9 365
sta4 2012 9 29 273 8.2 16.9 10.8 1.8 0 -999.9 -999.9 365
sta4 2012 9 30 274 1.4 18 14.8 1.4 0 -999.9 -999.9 365
sta4 2012 10 1 275 3.6 19.4 12 1.4 3 -999.9 -999.9 365
sta4 2012 10 2 276 10.4 18.7 11.1 1.8 0 -999.9 -999.9 365
sta4 2012 10 3 277 12.9 15.8 3.1 0.9 15.5 -999.9 -999.9 365
sta4 2012 10 4 278 11.5 17.6 12.6 2 0 -999.9 -999.9 365
sta4 2012 10 5 279 12.2 22.2 12.1 2.1 0 -999.9 -999.9 365
sta4 2012 10 6 280 13.5 17.8 3.4 0.8 8 -999.9 -999.9 365
sta4 2012 10 7 281 9.3 15.8 10.4 1.4 2.4 -999.9 -999.9 365
sta4 2012 10 8 282 9.2 18.1 2.8 0.4 8.2 -999.9 -999.9 365
sta4 2012 10 9 283 13.6 16.3 3.5 0.8 7.2 -999.9 -999.9 365
sta4 2012 10 10 284 11.3 13.9 3.4 0.5 3.8 -999.9 -999.9 365
sta4 2012 10 11 285 12.8 18.5 4.4 0.8 10.4 -999.9 -999.9 365
sta4 2012 10 12 286 8.4 15.4 11.1 1.6 1.4 -999.9 -999.9 365
sta4 2012 10 13 287 7.6 13.7 6.8 1.3 1.5 -999.9 -999.9 365
sta4 2012 10 14 288 2.9 12.6 6.9 1 2.5 -999.9 -999.9 365
sta4 2012 10 15 289 3.8 14.8 8.6 1.1 2 -999.9 -999.9 365
sta4 2012 10 16 290 9.4 15.3 9.1 1.3 0 -999.9 -999.9 365
sta4 2012 10 17 291 7.6 15.8 2.9 0.3 5 -999.9 -999.9 365
sta4 2012 10 18 292 11.9 13.9 1.5 0.2 11.5 -999.9 -999.9 365
sta4 2012 10 19 293 11.3 16.6 2.1 0.4 2.5 -999.9 -999.9 365
sta4 2012 10 20 294 11.1 14.5 2.8 0.4 15.5 -999.9 -999.9 365
sta4 2012 10 21 295 12.2 16.2 2.8 0.5 6 -999.9 -999.9 365
sta4 2012 10 22 296 11.4 23.3 9.5 0.9 0 -999.9 -999.9 365
sta4 2012 10 23 297 13.5 15.1 2.3 0.2 0 -999.9 -999.9 365
sta4 2012 10 24 298 9.6 13.5 3.6 0.7 0 -999.9 -999.9 365
sta4 2012 10 25 299 5.1 16.9 8.8 0.6 0.5 -999.9 -999.9 365
sta4 2012 10 26 300 6.9 9.8 1.3 0.7 1.5 -999.9 -999.9 365
sta4 2012 10 27 301 1.4 7.7 6.2 0.9 2.5 -999.9 -999.9 365
sta4 2012 10 28 302 0 10.8 7.3 0.5 0 -999.9 -999.9 365
sta4 2012 10 29 303 7.9 11.7 5.3 0.9 0 -999.9 -999.9 365
sta4 2012 10 30 304 6 12.8 4.2 0.6 0.5 -999.9 -999.9 365
sta4 2012 10 31 305 3.7 12.9 8.4 0.8 4.5 -999.9 -999.9 365
sta4 2012 11 1 306 6 11.5 5.7 1 2.5 -999.9 -999.9 365
sta4 2012 11 2 307 4.1 10.6 3.4 0.7 4 -999.9 -999.9 365
sta4 2012 11 3 308 3.8 12.3 6.9 0.6 1.5 -999.9 -999.9 365
sta4 2012 11 4 309 2.4 11.9 6.9 0.6 2.5 -999.9 -999.9 365
sta4 2012 11 5 310 4.7 11 5 0.5 2 -999.9 -999.9 365
sta4 2012 11 6 311 -0.2 11.6 7.5 0.3 0 -999.9 -999.9 365
sta4 2012 11 7 312 6.4 11.7 2.6 0.5 0 -999.9 -999.9 365
sta4 2012 11 8 313 7.9 10.6 2.2 0.7 0 -999.9 -999.9 365
sta4 2012 11 9 314 1.5 10 3.4 0.1 4.5 -999.9 -999.9 365
sta4 2012 11 10 315 7.3 12.2 2 0.6 4 -999.9 -999.9 365
sta4 2012 11 11 316 0.2 11.9 6.2 0.3 0.2 -999.9 -999.9 365
sta4 2012 11 12 317 0.4 12.2 5 0.1 0.8 -999.9 -999.9 365
sta4 2012 11 13 318 7.8 15 4.5 0.5 0.2 -999.9 -999.9 365
sta4 2012 11 14 319 3.9 7.3 3.5 0.2 0 -999.9 -999.9 365
sta4 2012 11 15 320 3 5 2 0.2 0.2 -999.9 -999.9 365
sta4 2012 11 16 321 3 6.6 2.9 0.1 0.2 -999.9 -999.9 365
sta4 2012 11 17 322 4.9 11.2 2.1 0.1 6.4 -999.9 -999.9 365
sta4 2012 11 18 323 7.6 9.8 2.6 0.2 2.6 -999.9 -999.9 365
sta4 2012 11 19 324 3.5 10.3 1.4 0.1 0 -999.9 -999.9 365
sta4 2012 11 20 325 6.7 12.5 3.3 0.4 0.2 -999.9 -999.9 365
sta4 2012 11 21 326 6.9 12.4 1.9 0.7 0.6 -999.9 -999.9 365
sta4 2012 11 22 327 3.8 12.8 5.9 0.3 0.2 -999.9 -999.9 365
sta4 2012 11 23 328 7.7 10.5 0.9 0.1 12.2 -999.9 -999.9 365
sta4 2012 11 24 329 7.8 13.8 1.4 0.7 0.6 -999.9 -999.9 365
sta4 2012 11 25 330 7.8 12.2 5.6 1 0 -999.9 -999.9 365
sta4 2012 11 26 331 5.2 11.5 3 0.8 0 -999.9 -999.9 365
sta4 2012 11 27 332 3.6 9.2 2.2 0.2 4 -999.9 -999.9 365
sta4 2012 11 28 333 4.2 8.6 2.7 0.2 2 -999.9 -999.9 365
sta4 2012 11 29 334 3.2 6.8 4.4 0.3 0.5 -999.9 -999.9 365
sta4 2012 11 30 335 -3.5 7.4 4.3 0.1 0.5 -999.9 -999.9 365
sta4 2012 12 1 336 -3.1 7.6 5.2 0.1 2 -999.9 -999.9 365
sta4 2012 12 2 337 -0.9 7.5 5 0.2 1.5 -999.9 -999.9 365
sta4 2012 12 3 338 0 12.1 1.9 0.2 16.5 -999.9 -999.9 365
sta4 2012 12 4 339 1.3 7.1 2.4 0.2 15 -999.9 -999.9 365
sta4 2012 12 5 340 1.1 4.6 1.5 0.2 2.5 -999.9 -999.9 365
sta4 2012 12 6 341 -1.1 3.6 2.9 0.1 6 -999.9 -999.9 365
sta4 2012 12 7 342 0.3 6.3 2.6 0.2 10 -999.9 -999.9 365
sta4 2012 12 8 343 3.8 5.9 1.3 0.2 0.5 -999.9 -999.9 365
sta4 2012 12 9 344 1.8 7.6 1.6 0.2 1 -999.9 -999.9 365
sta4 2012 12 10 345 3.2 6.5 2.9 0.3 0.5 -999.9 -999.9 365
sta4 2012 12 11 346 -1.9 4.2 4.8 0.2 0 -999.9 -999.9 365
sta4 2012 12 12 347 -5.7 0.9 6.4 0.1 0 -999.9 -999.9 365
sta4 2012 12 13 348 -3 4.4 1.2 0.2 1 -999.9 -999.9 365
sta4 2012 12 14 349 1.8 12.2 0.8 0.1 4.5 -999.9 -999.9 365
sta4 2012 12 15 350 6.3 10.8 3.4 0.5 5.5 -999.9 -999.9 365
sta4 2012 12 16 351 6.5 10.9 3.6 0.4 0.5 -999.9 -999.9 365
sta4 2012 12 17 352 5.5 9.3 2.7 0.4 11 -999.9 -999.9 365
sta4 2012 12 18 353 1.9 8.9 2.2 0.5 0 -999.9 -999.9 365
sta4 2012 12 19 354 -1.3 8.2 1.4 0 23 -999.9 -999.9 365
sta4 2012 12 20 355 6.3 10.9 1.2 0.2 6.5 -999.9 -999.9 365
sta4 2012 12 21 356 4.7 10.5 2.4 0.2 0 -999.9 -999.9 365
sta4 2012 12 22 357 4.6 14.4 0.6 0 2.5 -999.9 -999.9 365
sta4 2012 12 23 358 13 14.1 0.9 0.9 0 -999.9 -999.9 365
sta4 2012 12 24 359 8.7 13.3 2.3 0.5 0.5 -999.9 -999.9 365
sta4 2012 12 25 360 8.1 12.1 3.5 0.8 1.5 -999.9 -999.9 365
sta4 2012 12 26 361 7.2 10.9 2.4 0.6 4.5 -999.9 -999.9 365
sta4 2012 12 27 362 8 10.8 2.7 0.9 4 -999.9 -999.9 365
sta4 2012 12 28 363 6.4 12.7 1.6 0.2 0.5 -999.9 -999.9 365
sta4 2012 12 29 364 8.9 12.4 2 1.1 1.5 -999.9 -999.9 365
sta4 2012 12 30 365 6.1 10.1 3.5 0.6 0 -999.9 -999.9 365
sta4 2012 12 31 366 7 11.1 1.7 0.7 3 -999.9 -999.9 365
