sta4 2014 1 1 1 4.5 10.8 1 0.3 5 -999.9 -999.9 365
sta4 2014 1 2 2 7.3 11 4.2 0.4 0 -999.9 -999.9 365
sta4 2014 1 3 3 7 13.3 3.8 0.9 4.5 -999.9 -999.9 365
sta4 2014 1 4 4 7 12 3 0.8 5 -999.9 -999.9 365
sta4 2014 1 5 5 2.3 13 2.7 0.4 1 -999.9 -999.9 365
sta4 2014 1 6 6 8.5 14.3 1.6 0.6 0.5 -999.9 -999.9 365
sta4 2014 1 7 7 9.1 13.7 3.3 0.9 0 -999.9 -999.9 365
sta4 2014 1 8 8 4.4 11.9 2.7 0.1 4 -999.9 -999.9 365
sta4 2014 1 9 9 6.6 12 1.8 0.7 0.5 -999.9 -999.9 365
sta4 2014 1 10 10 0 7.2 2.2 0 0 -999.9 -999.9 365
sta4 2014 1 11 11 0.3 10.7 3.3 0.2 0 -999.9 -999.9 365
sta4 2014 1 12 12 -2.4 10.3 1.7 0 0 -999.9 -999.9 365
sta4 2014 1 13 13 5 10.7 5.2 0.3 4 -999.9 -999.9 365
sta4 2014 1 14 14 1.4 8.8 5.3 0.3 1 -999.9 -999.9 365
sta4 2014 1 15 15 0.1 10.2 1.2 0 1 -999.9 -999.9 365
sta4 2014 1 16 16 6.4 10.8 3.3 0.5 4.5 -999.9 -999.9 365
sta4 2014 1 17 17 6.8 9.1 1.9 0.7 1 -999.9 -999.9 365
sta4 2014 1 18 18 4.4 9.5 3.7 0.7 1 -999.9 -999.9 365
sta4 2014 1 19 19 1.8 9.8 5.5 0.2 0 -999.9 -999.9 365
sta4 2014 1 20 20 -0.3 9.3 5.3 0.2 0 -999.9 -999.9 365
sta4 2014 1 21 21 -1.4 5.7 2.1 0.1 3 -999.9 -999.9 365
sta4 2014 1 22 22 2.1 6.3 1.6 0.1 6 -999.9 -999.9 365
sta4 2014 1 23 23 3.6 8.4 2.4 0.3 2.5 -999.9 -999.9 365
sta4 2014 1 24 24 4 7.1 2.5 0.1 10 -999.9 -999.9 365
sta4 2014 1 25 25 4.5 12.2 3.6 0.6 0.5 -999.9 -999.9 365
sta4 2014 1 26 26 3.7 10.6 1.1 0.4 5 -999.9 -999.9 365
sta4 2014 1 27 27 2 5.9 3.4 0.5 1.5 -999.9 -999.9 365
sta4 2014 1 28 28 2.4 7.5 3.1 0.3 10 -999.9 -999.9 365
sta4 2014 1 29 29 4.2 5.3 2.1 0.2 3 -999.9 -999.9 365
sta4 2014 1 30 30 3.4 8.6 3.7 0.3 0.5 -999.9 -999.9 365
sta4 2014 1 31 31 -0.7 9.3 3.6 0.3 20 -999.9 -999.9 365
sta4 2014 2 1 32 5 9.5 6.5 0.9 0 -999.9 -999.9 365
sta4 2014 2 2 33 1.5 9.9 7.4 0.5 0 -999.9 -999.9 365
sta4 2014 2 3 34 -0.3 8.8 8 0.5 0 -999.9 -999.9 365
sta4 2014 2 4 35 1 9.4 5.8 0.7 3.5 -999.9 -999.9 365
sta4 2014 2 5 36 4.9 10.2 4.4 0.9 1.5 -999.9 -999.9 365
sta4 2014 2 6 37 5.1 12.8 1.6 1.1 7.5 -999.9 -999.9 365
sta4 2014 2 7 38 6.6 10.2 7.2 1.1 2.5 -999.9 -999.9 365
sta4 2014 2 8 39 5.1 11 5.8 1.3 0.5 -999.9 -999.9 365
sta4 2014 2 9 40 4 9.5 6.9 1.2 1 -999.9 -999.9 365
sta4 2014 2 10 41 3.7 9.2 5.8 0.6 0.5 -999.9 -999.9 365
sta4 2014 2 11 42 1.9 7.1 2 0.4 7.5 -999.9 -999.9 365
sta4 2014 2 12 43 1.7 8.5 4.2 0.6 6 -999.9 -999.9 365
sta4 2014 2 13 44 3.2 8.8 4.9 0.7 3 -999.9 -999.9 365
sta4 2014 2 14 45 2.3 13.7 3.4 0.8 3.5 -999.9 -999.9 365
sta4 2014 2 15 46 7.9 11.7 6.7 1.8 0 -999.9 -999.9 365
sta4 2014 2 16 47 2.9 11.3 8.1 0.7 0.5 -999.9 -999.9 365
sta4 2014 2 17 48 3.6 10.9 8.2 0.8 0 -999.9 -999.9 365
sta4 2014 2 18 49 3.4 10.3 3.2 0.7 1.5 -999.9 -999.9 365
sta4 2014 2 19 50 4.1 11.3 4.9 0.5 2 -999.9 -999.9 365
sta4 2014 2 20 51 7 13.2 2.8 0.6 2.5 -999.9 -999.9 365
sta4 2014 2 21 52 4.3 10.5 9.2 1.2 5.5 -999.9 -999.9 365
sta4 2014 2 22 53 4.2 12.3 9.4 0.9 1 -999.9 -999.9 365
sta4 2014 2 23 54 1.2 13.2 9.3 0.9 0 -999.9 -999.9 365
sta4 2014 2 24 55 2.5 14.9 10.7 1.2 0 -999.9 -999.9 365
sta4 2014 2 25 56 6.7 11.8 6.8 1.3 2.5 -999.9 -999.9 365
sta4 2014 2 26 57 0 11.6 10.5 0.9 1.5 -999.9 -999.9 365
sta4 2014 2 27 58 1.3 10.8 5.5 0.8 11 -999.9 -999.9 365
sta4 2014 2 28 59 3.9 9 5.9 0.8 3.5 -999.9 -999.9 365
sta4 2014 3 1 60 3.1 9.5 11.2 1.1 0 -999.9 -999.9 365
sta4 2014 3 2 61 -2.5 10.9 9.7 0.8 4.5 -999.9 -999.9 365
sta4 2014 3 3 62 3.3 8.7 8 0.8 5.5 -999.9 -999.9 365
sta4 2014 3 4 63 0.5 10.6 9.7 0.8 0 -999.9 -999.9 365
sta4 2014 3 5 64 -2.2 13.3 13.3 0.9 0 -999.9 -999.9 365
sta4 2014 3 6 65 -1.3 14.4 13.8 1.2 0 -999.9 -999.9 365
sta4 2014 3 7 66 -1.1 15 9.9 1.1 0 -999.9 -999.9 365
sta4 2014 3 8 67 5.5 17.6 14.7 1.9 0 -999.9 -999.9 365
sta4 2014 3 9 68 2.9 20.6 15.4 2.4 0 -999.9 -999.9 365
sta4 2014 3 10 69 -0.3 20.1 15.2 1.7 0 -999.9 -999.9 365
sta4 2014 3 11 70 7.7 15.2 12.6 1.6 0 -999.9 -999.9 365
sta4 2014 3 12 71 1 18.2 14.9 1.6 0 -999.9 -999.9 365
sta4 2014 3 13 72 -1 19.7 14.6 1.5 0.5 -999.9 -999.9 365
sta4 2014 3 14 73 0.8 15.8 14.1 1.3 0 -999.9 -999.9 365
sta4 2014 3 15 74 6.1 15 13.8 2 0 -999.9 -999.9 365
sta4 2014 3 16 75 5.3 16.5 17.5 2 0 -999.9 -999.9 365
sta4 2014 3 17 76 5.9 10.1 4.1 0.7 0 -999.9 -999.9 365
sta4 2014 3 18 77 4.4 12.9 7.5 1.2 0 -999.9 -999.9 365
sta4 2014 3 19 78 6.1 16 11.7 1.6 0 -999.9 -999.9 365
sta4 2014 3 20 79 1.8 18.7 18.3 2.4 3 -999.9 -999.9 365
sta4 2014 3 21 80 6.9 13.3 14 2.3 3 -999.9 -999.9 365
sta4 2014 3 22 81 5.4 12.2 12.5 2.3 0.5 -999.9 -999.9 365
sta4 2014 3 23 82 2.5 10 14.8 1.7 2 -999.9 -999.9 365
sta4 2014 3 24 83 -1.5 11.6 15.4 1.5 8.5 -999.9 -999.9 365
sta4 2014 3 25 84 4.7 10.3 6 1 5.5 -999.9 -999.9 365
sta4 2014 3 26 85 2.1 9.8 13.7 1.5 0 -999.9 -999.9 365
sta4 2014 3 27 86 0.3 10.4 10.4 1.2 0.5 -999.9 -999.9 365
sta4 2014 3 28 87 2.5 14.9 13.5 2.2 0 -999.9 -999.9 365
sta4 2014 3 29 88 4.4 18.8 18.7 3.2 0 -999.9 -999.9 365
sta4 2014 3 30 89 4.5 18.2 10.8 2 0 -999.9 -999.9 365
sta4 2014 3 31 90 8.9 18.3 11.4 2 0 -999.9 -999.9 365
sta4 2014 4 1 91 4.1 20.9 18.4 2.5 0 -999.9 -999.9 365
sta4 2014 4 2 92 6.9 19.1 9.3 2.1 0 -999.9 -999.9 365
sta4 2014 4 3 93 8.7 15.6 8.2 1.7 0 -999.9 -999.9 365
sta4 2014 4 4 94 9.2 13.7 5.9 1.3 0 -999.9 -999.9 365
sta4 2014 4 5 95 1.9 17.3 17 1.8 0 -999.9 -999.9 365
sta4 2014 4 6 96 12.1 19 9.8 1.7 0 -999.9 -999.9 365
sta4 2014 4 7 97 11.8 21.3 12.2 3.1 8 -999.9 -999.9 365
sta4 2014 4 8 98 7.3 13.7 15.9 2.6 0 -999.9 -999.9 365
sta4 2014 4 9 99 2.8 16 20.1 2.2 0 -999.9 -999.9 365
sta4 2014 4 10 100 0.6 18.2 22.4 2.4 0 -999.9 -999.9 365
sta4 2014 4 11 101 3 17.6 18.5 2.4 0 -999.9 -999.9 365
sta4 2014 4 12 102 1.6 17 21.2 2.4 0 -999.9 -999.9 365
sta4 2014 4 13 103 7.2 16.5 12.8 2 0 -999.9 -999.9 365
sta4 2014 4 14 104 4.5 15.4 22.3 2.7 0 -999.9 -999.9 365
sta4 2014 4 15 105 1.4 14 24.6 2.7 0 -999.9 -999.9 365
sta4 2014 4 16 106 1.6 16.8 24.6 3.2 0 -999.9 -999.9 365
sta4 2014 4 17 107 -0.8 20 24.5 3.3 0 -999.9 -999.9 365
sta4 2014 4 18 108 10 15.2 19.9 3.8 0 -999.9 -999.9 365
sta4 2014 4 19 109 2.7 14.3 15.3 2.3 1.5 -999.9 -999.9 365
sta4 2014 4 20 110 8 15.4 16.4 3 1 -999.9 -999.9 365
sta4 2014 4 21 111 5.6 15.4 11.3 2 0 -999.9 -999.9 365
sta4 2014 4 22 112 7.8 18.7 14.7 2.6 6 -999.9 -999.9 365
sta4 2014 4 23 113 4.4 19.1 18.5 2.2 0.5 -999.9 -999.9 365
sta4 2014 4 24 114 9.7 19.6 17.7 2.9 7 -999.9 -999.9 365
sta4 2014 4 25 115 11 13.8 6.2 1.4 8.5 -999.9 -999.9 365
sta4 2014 4 26 116 7 17.2 13.9 2.2 3.5 -999.9 -999.9 365
sta4 2014 4 27 117 7.6 14.8 14 2.2 6.5 -999.9 -999.9 365
sta4 2014 4 28 118 8.1 16.1 14.6 2.2 3 -999.9 -999.9 365
sta4 2014 4 29 119 4.4 16.2 10.5 1.3 12 -999.9 -999.9 365
sta4 2014 4 30 120 8.7 17.8 15.8 2.4 10.5 -999.9 -999.9 365
sta4 2014 5 1 121 6.9 15.1 10.2 1.4 6.5 -999.9 -999.9 365
sta4 2014 5 2 122 9.4 14.2 8.3 1.7 0 -999.9 -999.9 365
sta4 2014 5 3 123 4.4 15 23.3 3 0 -999.9 -999.9 365
sta4 2014 5 4 124 1.8 17.3 25.6 2.6 0 -999.9 -999.9 365
sta4 2014 5 5 125 2.1 21.2 26.3 3.5 0 -999.9 -999.9 365
sta4 2014 5 6 126 10 18 11.9 2.3 9 -999.9 -999.9 365
sta4 2014 5 7 127 10.1 17.9 18.5 3.3 0 -999.9 -999.9 365
sta4 2014 5 8 128 8.3 14.8 7.5 1 6.5 -999.9 -999.9 365
sta4 2014 5 9 129 11.5 17.8 21.6 3.8 0 -999.9 -999.9 365
sta4 2014 5 10 130 10.1 17.8 12 2.7 7 -999.9 -999.9 365
sta4 2014 5 11 131 8.8 14.4 21.8 3.5 1 -999.9 -999.9 365
sta4 2014 5 12 132 6.9 13.9 18.8 2.6 6.5 -999.9 -999.9 365
sta4 2014 5 13 133 5.9 15.2 19.5 2.5 5 -999.9 -999.9 365
sta4 2014 5 14 134 4.4 17.6 24.1 3.2 0 -999.9 -999.9 365
sta4 2014 5 15 135 2.8 17.7 29.9 3.4 0 -999.9 -999.9 365
sta4 2014 5 16 136 5.9 19 29.3 3.4 0 -999.9 -999.9 365
sta4 2014 5 17 137 5.9 22.2 29.2 3.7 0 -999.9 -999.9 365
sta4 2014 5 18 138 6 23.9 28.7 4.1 0 -999.9 -999.9 365
sta4 2014 5 19 139 8.9 24.4 28.4 5.3 0 -999.9 -999.9 365
sta4 2014 5 20 140 11 18.4 10.4 2 14 -999.9 -999.9 365
sta4 2014 5 21 141 9.1 14.4 4 0.6 51 -999.9 -999.9 365
sta4 2014 5 22 142 8.9 20 21.1 3.5 0 -999.9 -999.9 365
sta4 2014 5 23 143 8.6 18.3 16.9 3 1 -999.9 -999.9 365
sta4 2014 5 24 144 9.1 18 19.3 3.3 5 -999.9 -999.9 365
sta4 2014 5 25 145 4.6 18.5 16.1 1.9 8 -999.9 -999.9 365
sta4 2014 5 26 146 11.5 15.6 8.6 1.6 1 -999.9 -999.9 365
sta4 2014 5 27 147 11.5 15 6.8 1.4 2 -999.9 -999.9 365
sta4 2014 5 28 148 10.4 16.2 6.9 1.4 9.5 -999.9 -999.9 365
sta4 2014 5 29 149 10.1 18.5 11.3 1.9 2.5 -999.9 -999.9 365
sta4 2014 5 30 150 9.9 21 18.9 2.3 0.5 -999.9 -999.9 365
sta4 2014 5 31 151 9.1 20.5 20.8 3.5 0 -999.9 -999.9 365
sta4 2014 6 1 152 7.1 18.1 11.5 1.3 0 -999.9 -999.9 365
sta4 2014 6 2 153 8.1 20.4 16.3 2.5 0 -999.9 -999.9 365
sta4 2014 6 3 154 10.8 19.1 14 2.6 16.5 -999.9 -999.9 365
sta4 2014 6 4 155 12 15.9 14.6 2.6 9.5 -999.9 -999.9 365
sta4 2014 6 5 156 8.2 19.6 26.6 3.7 0 -999.9 -999.9 365
sta4 2014 6 6 157 8.8 26.2 29.2 5.1 0 -999.9 -999.9 365
sta4 2014 6 7 158 15.5 25.3 19.1 3.9 1 -999.9 -999.9 365
sta4 2014 6 8 159 14.3 26.7 26.9 4.9 0.5 -999.9 -999.9 365
sta4 2014 6 9 160 14.1 26 14.7 2.7 6 -999.9 -999.9 365
sta4 2014 6 10 161 13.5 23.4 19.5 3.6 0 -999.9 -999.9 365
sta4 2014 6 11 162 11.2 24 27.9 4.5 0 -999.9 -999.9 365
sta4 2014 6 12 163 10 24.5 31 4.8 0 -999.9 -999.9 365
sta4 2014 6 13 164 9.8 24.5 30.2 4.8 0 -999.9 -999.9 365
sta4 2014 6 14 165 11.6 22.8 25.2 4.2 0 -999.9 -999.9 365
sta4 2014 6 15 166 9.7 20 23.7 3.9 0 -999.9 -999.9 365
sta4 2014 6 16 167 9.7 18.9 19.6 3.2 0 -999.9 -999.9 365
sta4 2014 6 17 168 12.8 18.9 15.2 3.3 0 -999.9 -999.9 365
sta4 2014 6 18 169 9.6 22.1 26.8 4.5 0 -999.9 -999.9 365
sta4 2014 6 19 170 9.2 22.7 27 4.1 0 -999.9 -999.9 365
sta4 2014 6 20 171 13.6 21.3 26.9 4.6 0 -999.9 -999.9 365
sta4 2014 6 21 172 8.1 23.8 31.8 5 0 -999.9 -999.9 365
sta4 2014 6 22 173 10.8 25 27.8 4.8 0 -999.9 -999.9 365
sta4 2014 6 23 174 10.8 24.7 30.7 5.5 0 -999.9 -999.9 365
sta4 2014 6 24 175 9.7 26.9 28 4.7 0 -999.9 -999.9 365
sta4 2014 6 25 176 12.7 23 19.6 3.8 0 -999.9 -999.9 365
sta4 2014 6 26 177 10 24.4 18.2 3.4 8 -999.9 -999.9 365
sta4 2014 6 27 178 12.1 22.6 17.5 2.9 8 -999.9 -999.9 365
sta4 2014 6 28 179 12.6 19.9 12 2.2 6 -999.9 -999.9 365
sta4 2014 6 29 180 12.8 19.6 17.9 3.3 1.5 -999.9 -999.9 365
sta4 2014 6 30 181 6.8 22.1 19.6 3.1 0 -999.9 -999.9 365
sta4 2014 7 1 182 13.7 20.6 13.4 3.1 0 -999.9 -999.9 365
sta4 2014 7 2 183 10.5 25 31.1 5.3 0 -999.9 -999.9 365
sta4 2014 7 3 184 9 29.3 29.9 5.1 2 -999.9 -999.9 365
sta4 2014 7 4 185 14.8 28.8 18.9 4.1 44 -999.9 -999.9 365
sta4 2014 7 5 186 16.4 21.9 9.9 2.3 0.5 -999.9 -999.9 365
sta4 2014 7 6 187 14.1 19.8 11.7 2.6 14 -999.9 -999.9 365
sta4 2014 7 7 188 7.3 23.3 19.7 3.2 0.5 -999.9 -999.9 365
sta4 2014 7 8 189 12.6 18.9 16.2 2.8 11 -999.9 -999.9 365
sta4 2014 7 9 190 11.1 18.5 11.7 2.1 1.5 -999.9 -999.9 365
sta4 2014 7 10 191 14.3 15.8 5.2 1.5 0 -999.9 -999.9 365
sta4 2014 7 11 192 12.5 22.2 22.2 4.2 0 -999.9 -999.9 365
sta4 2014 7 12 193 14.8 23.1 11.6 2.6 12 -999.9 -999.9 365
sta4 2014 7 13 194 15.7 22.3 13 3 1.5 -999.9 -999.9 365
sta4 2014 7 14 195 11.8 22.9 21.4 4 0 -999.9 -999.9 365
sta4 2014 7 15 196 11.9 22.8 12.8 2.5 0 -999.9 -999.9 365
sta4 2014 7 16 197 13.6 28 21.9 4.2 0 -999.9 -999.9 365
sta4 2014 7 17 198 14.8 30.9 28 5.8 0 -999.9 -999.9 365
sta4 2014 7 18 199 17 35.6 25.5 6.2 23 -999.9 -999.9 365
sta4 2014 7 19 200 18.9 28.3 17.1 4.2 1.5 -999.9 -999.9 365
sta4 2014 7 20 201 16.8 21.9 14.3 3.3 4.5 -999.9 -999.9 365
sta4 2014 7 21 202 14.9 24.7 18.9 4 0 -999.9 -999.9 365
sta4 2014 7 22 203 15.1 22.2 13.4 2.9 0 -999.9 -999.9 365
sta4 2014 7 23 204 16.1 30.5 22.4 4.7 0 -999.9 -999.9 365
sta4 2014 7 24 205 16.1 31.7 25.7 5.5 0 -999.9 -999.9 365
sta4 2014 7 25 206 14.8 27.3 26.6 5.3 0 -999.9 -999.9 365
sta4 2014 7 26 207 14.6 24.4 16.2 3.4 0 -999.9 -999.9 365
sta4 2014 7 27 208 13.8 27.3 20.3 4.2 0 -999.9 -999.9 365
sta4 2014 7 28 209 14.6 23.2 20.9 4.4 0.5 -999.9 -999.9 365
sta4 2014 7 29 210 14.3 20.9 7.5 1.8 0.5 -999.9 -999.9 365
sta4 2014 7 30 211 13.1 24.4 18.8 3.9 0 -999.9 -999.9 365
sta4 2014 7 31 212 7.3 25.9 23.4 3.8 0 -999.9 -999.9 365
sta4 2014 8 1 213 9.6 28.3 21.2 3.8 0 -999.9 -999.9 365
sta4 2014 8 2 214 12.4 24.9 18.1 3.5 2 -999.9 -999.9 365
sta4 2014 8 3 215 13.8 25.6 16.4 3.4 0 -999.9 -999.9 365
sta4 2014 8 4 216 12.4 23.9 16.6 3.2 0 -999.9 -999.9 365
sta4 2014 8 5 217 8.9 26.3 22.9 3.9 6 -999.9 -999.9 365
sta4 2014 8 6 218 15.7 23.6 10.8 2.6 39 -999.9 -999.9 365
sta4 2014 8 7 219 14.6 25.3 14.8 3 15 -999.9 -999.9 365
sta4 2014 8 8 220 17.2 21.1 7.8 1.7 1 -999.9 -999.9 365
sta4 2014 8 9 221 13.3 23.3 18.9 3.6 0.5 -999.9 -999.9 365
sta4 2014 8 10 222 16.3 22.6 14.6 3.9 5.5 -999.9 -999.9 365
sta4 2014 8 11 223 12 21.5 19.5 3.8 3 -999.9 -999.9 365
sta4 2014 8 12 224 10.3 21.8 18.2 3.2 0.5 -999.9 -999.9 365
sta4 2014 8 13 225 12.5 21 18.7 3.5 0.5 -999.9 -999.9 365
sta4 2014 8 14 226 11.5 20.7 16.4 2.9 13 -999.9 -999.9 365
sta4 2014 8 15 227 12.3 20.1 22.4 3.8 0 -999.9 -999.9 365
sta4 2014 8 16 228 9.7 22.6 21 3.4 0 -999.9 -999.9 365
sta4 2014 8 17 229 10.3 18.8 10.9 2.3 1 -999.9 -999.9 365
sta4 2014 8 18 230 12.6 19.6 21.1 3.9 0 -999.9 -999.9 365
sta4 2014 8 19 231 10 18.7 14 2.7 0.5 -999.9 -999.9 365
sta4 2014 8 20 232 5.1 18 18 2.6 0 -999.9 -999.9 365
sta4 2014 8 21 233 4.2 19.7 18.2 2.8 0 -999.9 -999.9 365
sta4 2014 8 22 234 8.1 18.9 13.7 2.3 1.5 -999.9 -999.9 365
sta4 2014 8 23 235 10.2 19.1 18.3 3.2 1 -999.9 -999.9 365
sta4 2014 8 24 236 4.4 20 18.3 2.6 0.5 -999.9 -999.9 365
sta4 2014 8 25 237 12.2 16.8 3.6 0.8 26 -999.9 -999.9 365
sta4 2014 8 26 238 13.2 21.6 13.7 2.5 2 -999.9 -999.9 365
sta4 2014 8 27 239 12.7 21.6 12.1 2.4 0 -999.9 -999.9 365
sta4 2014 8 28 240 16.7 22.1 11.7 2.7 2.5 -999.9 -999.9 365
sta4 2014 8 29 241 14.1 22.3 19.4 3.5 0 -999.9 -999.9 365
sta4 2014 8 30 242 12.8 19.1 8.3 1.7 1 -999.9 -999.9 365
sta4 2014 8 31 243 12.4 20.7 17.6 3.2 0 -999.9 -999.9 365
sta4 2014 9 1 244 8.5 23 18.6 2.6 0 -999.9 -999.9 365
sta4 2014 9 2 245 12.7 24.8 14.2 2.4 0 -999.9 -999.9 365
sta4 2014 9 3 246 12.4 24.3 21.8 3.6 0 -999.9 -999.9 365
sta4 2014 9 4 247 10.1 21.1 10 1.7 0 -999.9 -999.9 365
sta4 2014 9 5 248 16.4 21.8 9.2 2.1 0 -999.9 -999.9 365
sta4 2014 9 6 249 14.4 24 15.5 2.9 0 -999.9 -999.9 365
sta4 2014 9 7 250 11.9 25.3 17.7 2.8 0 -999.9 -999.9 365
sta4 2014 9 8 251 12.2 26.9 18.8 3.2 0 -999.9 -999.9 365
sta4 2014 9 9 252 13.2 22.1 17.8 3.2 0 -999.9 -999.9 365
sta4 2014 9 10 253 10.1 20.6 18.9 3.1 0 -999.9 -999.9 365
sta4 2014 9 11 254 8.8 21.7 19.3 2.8 0 -999.9 -999.9 365
sta4 2014 9 12 255 10.8 21.8 20 3 0 -999.9 -999.9 365
sta4 2014 9 13 256 10.6 22.7 18.6 3 0 -999.9 -999.9 365
sta4 2014 9 14 257 12.4 21.9 17 3 0 -999.9 -999.9 365
sta4 2014 9 15 258 11.9 25.4 18 2.8 0 -999.9 -999.9 365
sta4 2014 9 16 259 9.5 25.7 18.3 3 0 -999.9 -999.9 365
sta4 2014 9 17 260 15 26.4 13.6 3.2 0 -999.9 -999.9 365
sta4 2014 9 18 261 14.2 26.1 12.6 2.6 0 -999.9 -999.9 365
sta4 2014 9 19 262 11.5 26.3 10.6 2.2 0 -999.9 -999.9 365
sta4 2014 9 20 263 12.1 28.8 12.2 2.4 19 -999.9 -999.9 365
sta4 2014 9 21 264 14.9 19.7 8.5 1.8 1 -999.9 -999.9 365
sta4 2014 9 22 265 6.5 18.2 13.8 1.7 0 -999.9 -999.9 365
sta4 2014 9 23 266 6.7 18 14.6 1.6 0 -999.9 -999.9 365
sta4 2014 9 24 267 5.6 19.5 11.4 1.5 2 -999.9 -999.9 365
sta4 2014 9 25 268 5.3 19.3 14.3 1.8 0 -999.9 -999.9 365
sta4 2014 9 26 269 5 21.7 16.6 1.9 0 -999.9 -999.9 365
sta4 2014 9 27 270 7 23 16 2 0 -999.9 -999.9 365
sta4 2014 9 28 271 9.8 24.1 12.2 2 0 -999.9 -999.9 365
sta4 2014 9 29 272 13.5 21.5 5.8 1.4 1.5 -999.9 -999.9 365
sta4 2014 9 30 273 8.8 22.4 14.5 1.9 0 -999.9 -999.9 365
sta4 2014 10 1 274 7 22.8 12.3 1.5 0 -999.9 -999.9 365
sta4 2014 10 2 275 14.9 21.4 10.2 1.7 0.5 -999.9 -999.9 365
sta4 2014 10 3 276 10 24.5 13.2 1.8 0 -999.9 -999.9 365
sta4 2014 10 4 277 9.9 22.4 9.1 2.1 2.5 -999.9 -999.9 365
sta4 2014 10 5 278 3.4 16.9 14.6 1.6 0 -999.9 -999.9 365
sta4 2014 10 6 279 2.1 12.6 3.3 0.2 7 -999.9 -999.9 365
sta4 2014 10 7 280 10 16.6 7 1.4 2.5 -999.9 -999.9 365
sta4 2014 10 8 281 7.5 19.7 7 1.1 4.5 -999.9 -999.9 365
sta4 2014 10 9 282 12.6 19.1 11.1 2.2 1 -999.9 -999.9 365
sta4 2014 10 10 283 8.9 18.8 11.3 1.3 4 -999.9 -999.9 365
sta4 2014 10 11 284 9.9 18.8 12.3 1.3 0.5 -999.9 -999.9 365
sta4 2014 10 12 285 8.3 16 2.6 0.5 10 -999.9 -999.9 365
sta4 2014 10 13 286 12.8 16.6 7.1 1.9 0 -999.9 -999.9 365
sta4 2014 10 14 287 9.2 17.9 10.1 1.3 0 -999.9 -999.9 365
sta4 2014 10 15 288 5.2 16 3.5 0.3 4 -999.9 -999.9 365
sta4 2014 10 16 289 12.9 18.1 6.2 1 10.5 -999.9 -999.9 365
sta4 2014 10 17 290 12.8 19.3 7.6 1.1 0 -999.9 -999.9 365
sta4 2014 10 18 291 12.5 25.2 12.4 1.7 0 -999.9 -999.9 365
sta4 2014 10 19 292 12.6 22 9.4 1.4 0.5 -999.9 -999.9 365
sta4 2014 10 20 293 10 17.1 5.3 0.9 0 -999.9 -999.9 365
sta4 2014 10 21 294 9.6 16 6.9 2 5.5 -999.9 -999.9 365
sta4 2014 10 22 295 5.7 14.3 7 1 0 -999.9 -999.9 365
sta4 2014 10 23 296 10.5 13.1 3.8 0.9 0 -999.9 -999.9 365
sta4 2014 10 24 297 10.3 13.6 2.7 0.6 2.5 -999.9 -999.9 365
sta4 2014 10 25 298 9.4 16.8 4.9 0.8 0.5 -999.9 -999.9 365
sta4 2014 10 26 299 3.7 18 7.7 0.7 0 -999.9 -999.9 365
sta4 2014 10 27 300 1.7 18.3 10.6 0.5 0.5 -999.9 -999.9 365
sta4 2014 10 28 301 4.6 11.6 3 0.1 0 -999.9 -999.9 365
sta4 2014 10 29 302 10 19.1 5.9 0.7 0 -999.9 -999.9 365
sta4 2014 10 30 303 10.8 17.8 5.6 1 0.5 -999.9 -999.9 365
sta4 2014 10 31 304 8.6 21.6 8.9 1.2 0 -999.9 -999.9 365
sta4 2014 11 1 305 6.6 20 6.7 0.7 0 -999.9 -999.9 365
sta4 2014 11 2 306 9.5 18.3 4.6 1.1 10.5 -999.9 -999.9 365
sta4 2014 11 3 307 9.1 14.1 2.1 0.9 19 -999.9 -999.9 365
sta4 2014 11 4 308 5.8 13.5 6.8 0.7 0 -999.9 -999.9 365
sta4 2014 11 5 309 4.9 11.8 7.2 0.5 1 -999.9 -999.9 365
sta4 2014 11 6 310 0.1 12.5 7.8 0.3 1.5 -999.9 -999.9 365
sta4 2014 11 7 311 8.5 14.1 6.8 1.1 0.5 -999.9 -999.9 365
sta4 2014 11 8 312 6 14.1 6.1 0.6 0.5 -999.9 -999.9 365
sta4 2014 11 9 313 5.1 11.5 3 0.6 0.5 -999.9 -999.9 365
sta4 2014 11 10 314 1.3 13.4 7.9 0.3 0 -999.9 -999.9 365
sta4 2014 11 11 315 5.6 13.5 6.2 0.7 0 -999.9 -999.9 365
sta4 2014 11 12 316 8.1 14.2 7 0.9 0.5 -999.9 -999.9 365
sta4 2014 11 13 317 5.8 14.3 4.7 0.5 0 -999.9 -999.9 365
sta4 2014 11 14 318 8.8 13.7 2.4 0.7 1.5 -999.9 -999.9 365
sta4 2014 11 15 319 6.7 13.7 4.8 0.4 0 -999.9 -999.9 365
sta4 2014 11 16 320 6.1 11.5 2.2 0.3 4 -999.9 -999.9 365
sta4 2014 11 17 321 7.2 9.8 2 0.2 6.5 -999.9 -999.9 365
sta4 2014 11 18 322 7.3 10.6 2.7 0.3 0 -999.9 -999.9 365
sta4 2014 11 19 323 1.2 7.4 2.2 0 0 -999.9 -999.9 365
sta4 2014 11 20 324 6.5 9.4 2.7 0.2 0 -999.9 -999.9 365
sta4 2014 11 21 325 7 10.2 3 0.3 0 -999.9 -999.9 365
sta4 2014 11 22 326 6.8 15.2 3.3 0.2 1.5 -999.9 -999.9 365
sta4 2014 11 23 327 7.4 16 4.1 0.3 0 -999.9 -999.9 365
sta4 2014 11 24 328 8.3 9.4 1.2 0.5 1.5 -999.9 -999.9 365
sta4 2014 11 25 329 7.2 9.3 1.7 0.2 0.5 -999.9 -999.9 365
sta4 2014 11 26 330 8.7 13.3 1.6 0.3 1 -999.9 -999.9 365
sta4 2014 11 27 331 5.9 12.6 3 0.1 0 -999.9 -999.9 365
sta4 2014 11 28 332 7.5 14.3 3.5 0.5 0 -999.9 -999.9 365
sta4 2014 11 29 333 5.4 12.2 4.3 0.4 0 -999.9 -999.9 365
sta4 2014 11 30 334 1.9 9.4 2.5 0 1 -999.9 -999.9 365
sta4 2014 12 1 335 2.7 5.3 1 0.1 0.5 -999.9 -999.9 365
sta4 2014 12 2 336 2.3 6.8 0.6 0 3 -999.9 -999.9 365
sta4 2014 12 3 337 2.5 4.8 1.9 0.4 0.5 -999.9 -999.9 365
sta4 2014 12 4 338 0.6 3.8 1.2 0 0 -999.9 -999.9 365
sta4 2014 12 5 339 3 5.2 1.2 0.1 0.5 -999.9 -999.9 365
sta4 2014 12 6 340 -1.9 7.8 5.7 0.2 0.5 -999.9 -999.9 365
sta4 2014 12 7 341 -3.6 8 1.7 0 0.5 -999.9 -999.9 365
sta4 2014 12 8 342 -1.2 7 2.4 0.2 3 -999.9 -999.9 365
sta4 2014 12 9 343 -3.4 8.7 5 0.2 1 -999.9 -999.9 365
sta4 2014 12 10 344 4.4 11.3 2.3 0.2 2.5 -999.9 -999.9 365
sta4 2014 12 11 345 5.9 9.6 2.3 0.5 2 -999.9 -999.9 365
sta4 2014 12 12 346 8.1 12.4 1.4 0.8 24.5 -999.9 -999.9 365
sta4 2014 12 13 347 3 4.4 1.3 0.1 5.5 -999.9 -999.9 365
sta4 2014 12 14 348 -4.2 8.1 6.1 0.1 0.5 -999.9 -999.9 365
sta4 2014 12 15 349 0.7 8.3 1.4 0 1 -999.9 -999.9 365
sta4 2014 12 16 350 5.9 10.1 3.2 0.1 8.5 -999.9 -999.9 365
sta4 2014 12 17 351 6.2 12.6 1.2 0 12 -999.9 -999.9 365
sta4 2014 12 18 352 11.3 12.9 1.6 0.4 0 -999.9 -999.9 365
sta4 2014 12 19 353 8.6 12.5 1.2 0.6 0 -999.9 -999.9 365
sta4 2014 12 20 354 6.6 9.4 1.7 0.7 0 -999.9 -999.9 365
sta4 2014 12 21 355 6.3 9.2 1.1 0.6 0 -999.9 -999.9 365
sta4 2014 12 22 356 8.5 11.7 1.8 0.4 0 -999.9 -999.9 365
sta4 2014 12 23 357 8.9 10.6 1.3 0.5 0 -999.9 -999.9 365
sta4 2014 12 24 358 7.7 11.3 1.9 0.5 0 -999.9 -999.9 365
sta4 2014 12 25 359 4.4 9.1 2.9 0.3 0.5 -999.9 -999.9 365
sta4 2014 12 26 360 -2.5 10 2.1 0.3 7.5 -999.9 -999.9 365
sta4 2014 12 27 361 3.7 6.5 2.6 0.7 1 -999.9 -999.9 365
sta4 2014 12 28 362 -1.8 0.9 5.4 0.3 0 -999.9 -999.9 365
sta4 2014 12 29 363 -7.2 6 5.4 0.1 0 -999.9 -999.9 365
sta4 2014 12 30 364 -4 6.6 5.5 0.1 0 -999.9 -999.9 365
sta4 2014 12 31 365 -3.3 7.2 5.7 0.2 0 -999.9 -999.9 365
