sta4 2011 1 1 1 -1.9 2.8 0.8 0 0 -999.9 -999.9 365
sta4 2011 1 2 2 -1.5 4.5 2.8 0.1 0 -999.9 -999.9 365
sta4 2011 1 3 3 -4.8 2.3 2.5 0 0 -999.9 -999.9 365
sta4 2011 1 4 4 -0.6 2.2 1.8 0.3 0 -999.9 -999.9 365
sta4 2011 1 5 5 -1.5 9.3 2.1 0.6 8.5 -999.9 -999.9 365
sta4 2011 1 6 6 2.4 13.7 1.6 0 3.5 -999.9 -999.9 365
sta4 2011 1 7 7 10 13.6 3.5 0.4 3 -999.9 -999.9 365
sta4 2011 1 8 8 9.1 11.9 1.8 0.9 4 -999.9 -999.9 365
sta4 2011 1 9 9 3.2 8.1 4 0.2 0 -999.9 -999.9 365
sta4 2011 1 10 10 -1.2 6.8 4.9 0.2 3.5 -999.9 -999.9 365
sta4 2011 1 11 11 1.2 9.7 1.8 0 3 -999.9 -999.9 365
sta4 2011 1 12 12 5.2 12.9 1.2 0.2 0 -999.9 -999.9 365
sta4 2011 1 13 13 12.3 13.9 1.1 0.7 0 -999.9 -999.9 365
sta4 2011 1 14 14 8.9 13.2 3.4 0.8 4 -999.9 -999.9 365
sta4 2011 1 15 15 6.6 12 5.4 0.3 0 -999.9 -999.9 365
sta4 2011 1 16 16 7.2 13.2 6.1 0.4 0 -999.9 -999.9 365
sta4 2011 1 17 17 6.2 11.1 2.4 0.2 2 -999.9 -999.9 365
sta4 2011 1 18 18 4.4 8.4 1.1 0.3 0 -999.9 -999.9 365
sta4 2011 1 19 19 -3 7.2 5.6 0.1 0 -999.9 -999.9 365
sta4 2011 1 20 20 0.2 6.2 4.6 0.2 0 -999.9 -999.9 365
sta4 2011 1 21 21 -0.4 4.7 4.8 0.2 0 -999.9 -999.9 365
sta4 2011 1 22 22 -0.6 5.7 2.6 0 0 -999.9 -999.9 365
sta4 2011 1 23 23 2.4 6.5 2.3 0.3 2 -999.9 -999.9 365
sta4 2011 1 24 24 3.4 7.5 2.6 0.3 0 -999.9 -999.9 365
sta4 2011 1 25 25 2.1 6.6 1.8 0 4.5 -999.9 -999.9 365
sta4 2011 1 26 26 4.8 5.7 1.4 0.2 3 -999.9 -999.9 365
sta4 2011 1 27 27 1.3 3.2 2.4 0.5 0 -999.9 -999.9 365
sta4 2011 1 28 28 -2.4 0.6 2.3 0.3 0 -999.9 -999.9 365
sta4 2011 1 29 29 -2.3 0.5 3.6 0.3 0 -999.9 -999.9 365
sta4 2011 1 30 30 -3.2 0.8 5.2 0.2 0 -999.9 -999.9 365
sta4 2011 1 31 31 -4.4 -1.9 2 0.1 0 -999.9 -999.9 365
sta4 2011 2 1 32 -5.1 4.1 3.3 0.1 0 -999.9 -999.9 365
sta4 2011 2 2 33 -0.1 6.8 5.4 0.1 0 -999.9 -999.9 365
sta4 2011 2 3 34 3.5 11.5 5.6 0.4 0 -999.9 -999.9 365
sta4 2011 2 4 35 4.4 11.1 2.4 0.4 0 -999.9 -999.9 365
sta4 2011 2 5 36 9.6 11.9 1.8 1.2 0 -999.9 -999.9 365
sta4 2011 2 6 37 8.7 12 5.1 1.1 0 -999.9 -999.9 365
sta4 2011 2 7 38 2 13.8 8.6 0.4 1.5 -999.9 -999.9 365
sta4 2011 2 8 39 1.9 11.5 6.4 0.1 0 -999.9 -999.9 365
sta4 2011 2 9 40 6.5 11.1 6.1 0.7 0 -999.9 -999.9 365
sta4 2011 2 10 41 1.9 13.3 3.4 0.2 0.5 -999.9 -999.9 365
sta4 2011 2 11 42 10.6 16.9 8.7 1.4 0 -999.9 -999.9 365
sta4 2011 2 12 43 6.2 11.4 5 0.7 1.5 -999.9 -999.9 365
sta4 2011 2 13 44 2 8.9 4.3 0.4 0.5 -999.9 -999.9 365
sta4 2011 2 14 45 3.3 10.2 6.5 0.7 3 -999.9 -999.9 365
sta4 2011 2 15 46 2.4 8.3 2.8 0.6 1 -999.9 -999.9 365
sta4 2011 2 16 47 2.1 9 5.9 0.5 0 -999.9 -999.9 365
sta4 2011 2 17 48 3 11.3 9.6 0.7 0 -999.9 -999.9 365
sta4 2011 2 18 49 -2.8 4.9 5.1 0.1 4.5 -999.9 -999.9 365
sta4 2011 2 19 50 3 8.5 2 0.2 6 -999.9 -999.9 365
sta4 2011 2 20 51 5.3 8.4 4 0.6 0 -999.9 -999.9 365
sta4 2011 2 21 52 -0.9 9.4 4.3 0.2 2.5 -999.9 -999.9 365
sta4 2011 2 22 53 3.4 8.2 5.5 0.5 0 -999.9 -999.9 365
sta4 2011 2 23 54 4.3 9.6 2.7 0.6 6.5 -999.9 -999.9 365
sta4 2011 2 24 55 6.6 13.2 5.3 0.6 0 -999.9 -999.9 365
sta4 2011 2 25 56 4.7 11.6 4.3 0.2 0.5 -999.9 -999.9 365
sta4 2011 2 26 57 8.5 12.2 5.1 1.1 1 -999.9 -999.9 365
sta4 2011 2 27 58 5.2 8.9 8.8 1.1 0 -999.9 -999.9 365
sta4 2011 2 28 59 0.1 4.8 3 0.3 0.5 -999.9 -999.9 365
sta4 2011 3 1 60 3.3 7.5 6.5 1.2 0 -999.9 -999.9 365
sta4 2011 3 2 61 2 9.8 12.8 1.5 0 -999.9 -999.9 365
sta4 2011 3 3 62 -0.6 8.1 13.2 1.4 0 -999.9 -999.9 365
sta4 2011 3 4 63 -0.7 9.7 13.1 1.1 0 -999.9 -999.9 365
sta4 2011 3 5 64 -0.6 9.8 13.4 1.1 0 -999.9 -999.9 365
sta4 2011 3 6 65 0.8 8.7 14.6 1.5 0 -999.9 -999.9 365
sta4 2011 3 7 66 -1.1 9.5 15 1.6 0 -999.9 -999.9 365
sta4 2011 3 8 67 -5.2 16.5 14.1 1.3 0 -999.9 -999.9 365
sta4 2011 3 9 68 1.4 11.5 8.2 1.1 0 -999.9 -999.9 365
sta4 2011 3 10 69 3.8 11 6.2 1 0 -999.9 -999.9 365
sta4 2011 3 11 70 7.8 11.5 6.6 1.1 0 -999.9 -999.9 365
sta4 2011 3 12 71 1.9 12.9 7.5 1.1 1 -999.9 -999.9 365
sta4 2011 3 13 72 6.7 13.3 6.4 1.1 0 -999.9 -999.9 365
sta4 2011 3 14 73 3.6 14.9 8.7 1 0 -999.9 -999.9 365
sta4 2011 3 15 74 6.7 18.6 10.6 2.1 0 -999.9 -999.9 365
sta4 2011 3 16 75 7.6 14.3 11.2 1.6 0 -999.9 -999.9 365
sta4 2011 3 17 76 5.6 7.1 2.8 0.4 0 -999.9 -999.9 365
sta4 2011 3 18 77 3.8 12.4 5.5 0.8 7 -999.9 -999.9 365
sta4 2011 3 19 78 3.7 8.8 5.9 1 0 -999.9 -999.9 365
sta4 2011 3 20 79 -1.6 13.5 16 1.5 0 -999.9 -999.9 365
sta4 2011 3 21 80 -0.8 14.9 17.9 1.9 0 -999.9 -999.9 365
sta4 2011 3 22 81 2.7 16.9 18 2.5 0 -999.9 -999.9 365
sta4 2011 3 23 82 3.6 17.7 17.4 2.4 0 -999.9 -999.9 365
sta4 2011 3 24 83 4.4 19.5 17.7 2.6 0 -999.9 -999.9 365
sta4 2011 3 25 84 2.5 21.6 16.1 2.1 0 -999.9 -999.9 365
sta4 2011 3 26 85 3.5 19 12.7 1.8 0 -999.9 -999.9 365
sta4 2011 3 27 86 9.1 16.5 8.6 1.6 0 -999.9 -999.9 365
sta4 2011 3 28 87 1.7 17.8 17.6 2.1 0 -999.9 -999.9 365
sta4 2011 3 29 88 3 17.2 10.7 1.6 2.5 -999.9 -999.9 365
sta4 2011 3 30 89 7.7 14.4 6.1 1.1 9.5 -999.9 -999.9 365
sta4 2011 3 31 90 9.5 15.3 5.7 0.7 0.5 -999.9 -999.9 365
sta4 2011 4 1 91 12.3 18 11.2 2.1 0 -999.9 -999.9 365
sta4 2011 4 2 92 8.2 21.4 15.3 2.7 0 -999.9 -999.9 365
sta4 2011 4 3 93 8.5 15 7 1.4 0 -999.9 -999.9 365
sta4 2011 4 4 94 6.8 14.8 14.5 2.2 0 -999.9 -999.9 365
sta4 2011 4 5 95 3.9 18 14.6 2.2 0 -999.9 -999.9 365
sta4 2011 4 6 96 4.8 23.9 20.3 3.4 0 -999.9 -999.9 365
sta4 2011 4 7 97 6.3 22.2 20.5 3.1 0 -999.9 -999.9 365
sta4 2011 4 8 98 4 21.5 19.2 2.5 0 -999.9 -999.9 365
sta4 2011 4 9 99 4 21.2 21 3.1 0 -999.9 -999.9 365
sta4 2011 4 10 100 4.2 25.3 20.9 2.5 0 -999.9 -999.9 365
sta4 2011 4 11 101 7.5 18.5 17.9 2.6 0 -999.9 -999.9 365
sta4 2011 4 12 102 6.7 13 19.7 2.8 0 -999.9 -999.9 365
sta4 2011 4 13 103 -1 12.9 13.4 1.6 0 -999.9 -999.9 365
sta4 2011 4 14 104 0.9 16 16.7 2 0 -999.9 -999.9 365
sta4 2011 4 15 105 8.6 15.5 10.8 2 0 -999.9 -999.9 365
sta4 2011 4 16 106 6.4 17 14.6 2.3 0 -999.9 -999.9 365
sta4 2011 4 17 107 2.5 18 21.2 2.9 0 -999.9 -999.9 365
sta4 2011 4 18 108 4.9 21.5 22.1 3.5 0 -999.9 -999.9 365
sta4 2011 4 19 109 9.8 24.7 20.1 4.4 0 -999.9 -999.9 365
sta4 2011 4 20 110 4.4 24.5 22.1 3.4 0 -999.9 -999.9 365
sta4 2011 4 21 111 4.4 23.1 23.3 3.6 0 -999.9 -999.9 365
sta4 2011 4 22 112 5.7 24.3 23.2 4 0 -999.9 -999.9 365
sta4 2011 4 23 113 5.2 26.4 21.4 3.8 2 -999.9 -999.9 365
sta4 2011 4 24 114 8.9 24.3 22.1 2.8 0 -999.9 -999.9 365
sta4 2011 4 25 115 7.4 24 23 3.8 0 -999.9 -999.9 365
sta4 2011 4 26 116 8 20.9 23.1 3.6 0 -999.9 -999.9 365
sta4 2011 4 27 117 8.5 18.3 22.7 3.5 0 -999.9 -999.9 365
sta4 2011 4 28 118 5.3 10.4 2.9 0.2 0 -999.9 -999.9 365
sta4 2011 4 29 119 9.9 15.9 9.9 1.7 0.5 -999.9 -999.9 365
sta4 2011 4 30 120 3.7 20.8 17 1.8 3.5 -999.9 -999.9 365
sta4 2011 5 1 121 10 20.8 16.1 2.3 4.5 -999.9 -999.9 365
sta4 2011 5 2 122 11.3 19.7 9.6 2.7 0 -999.9 -999.9 365
sta4 2011 5 3 123 3.6 16.4 23.3 3.5 0 -999.9 -999.9 365
sta4 2011 5 4 124 0.7 19.5 25.7 3.4 0 -999.9 -999.9 365
sta4 2011 5 5 125 2.6 20.9 24.8 4 0 -999.9 -999.9 365
sta4 2011 5 6 126 5.6 24.8 20.7 4.1 1.5 -999.9 -999.9 365
sta4 2011 5 7 127 12.6 24.6 22 4.7 0 -999.9 -999.9 365
sta4 2011 5 8 128 12.5 22.5 18.7 4.2 3.5 -999.9 -999.9 365
sta4 2011 5 9 129 5.3 21.8 19.9 2.9 3 -999.9 -999.9 365
sta4 2011 5 10 130 11.8 21.9 21.8 2.4 0 -999.9 -999.9 365
sta4 2011 5 11 131 5.9 19.2 25.1 3.6 0 -999.9 -999.9 365
sta4 2011 5 12 132 7.3 17.1 23.3 3.7 0 -999.9 -999.9 365
sta4 2011 5 13 133 1 20.5 26.2 3.4 0 -999.9 -999.9 365
sta4 2011 5 14 134 8.2 16.8 23.4 3.8 0 -999.9 -999.9 365
sta4 2011 5 15 135 6.5 16.3 21.5 3.5 0 -999.9 -999.9 365
sta4 2011 5 16 136 8.5 19.5 16.4 3 0 -999.9 -999.9 365
sta4 2011 5 17 137 10.1 19.8 24 4 0 -999.9 -999.9 365
sta4 2011 5 18 138 6.4 24 25.3 4.2 0 -999.9 -999.9 365
sta4 2011 5 19 139 7.7 20.9 16 2.9 0 -999.9 -999.9 365
sta4 2011 5 20 140 9.1 19.6 20.9 3.6 0 -999.9 -999.9 365
sta4 2011 5 21 141 0.6 23.5 23.3 3.4 0 -999.9 -999.9 365
sta4 2011 5 22 142 7.4 19.5 21.8 3.9 0 -999.9 -999.9 365
sta4 2011 5 23 143 1.8 25.8 28 4.8 0 -999.9 -999.9 365
sta4 2011 5 24 144 10.5 17.4 25.1 4.4 0 -999.9 -999.9 365
sta4 2011 5 25 145 -0.2 24.4 28.8 4.5 0 -999.9 -999.9 365
sta4 2011 5 26 146 8.8 16.8 14.6 3.5 0 -999.9 -999.9 365
sta4 2011 5 27 147 9 15.5 17.5 3.2 0.5 -999.9 -999.9 365
sta4 2011 5 28 148 0.7 20.1 25.6 3.7 0 -999.9 -999.9 365
sta4 2011 5 29 149 8.1 25.6 27.9 4.7 0 -999.9 -999.9 365
sta4 2011 5 30 150 6.1 21.9 12.5 2.4 1 -999.9 -999.9 365
sta4 2011 5 31 151 9 16.2 23.5 4.1 0.5 -999.9 -999.9 365
sta4 2011 6 1 152 5.4 20.8 26.6 4.3 0 -999.9 -999.9 365
sta4 2011 6 2 153 4.1 24.7 29.3 5.5 0 -999.9 -999.9 365
sta4 2011 6 3 154 12.2 27.3 27.9 6.2 0 -999.9 -999.9 365
sta4 2011 6 4 155 14.2 27.7 21.2 4.7 5 -999.9 -999.9 365
sta4 2011 6 5 156 15.3 20.5 8.4 2 14 -999.9 -999.9 365
sta4 2011 6 6 157 13 15.4 5.6 1.3 0.5 -999.9 -999.9 365
sta4 2011 6 7 158 11.7 19.6 11.2 2.6 0 -999.9 -999.9 365
sta4 2011 6 8 159 7.8 19.5 21.5 3.8 0 -999.9 -999.9 365
sta4 2011 6 9 160 8.8 18 16.3 3.1 0 -999.9 -999.9 365
sta4 2011 6 10 161 9.1 16.8 17.1 2.8 11.5 -999.9 -999.9 365
sta4 2011 6 11 162 7.9 16.6 17.7 3 0 -999.9 -999.9 365
sta4 2011 6 12 163 3.2 17.9 14.1 2.3 1.5 -999.9 -999.9 365
sta4 2011 6 13 164 12.1 22.5 13.6 2.5 13 -999.9 -999.9 365
sta4 2011 6 14 165 15.6 23.1 13.6 2.8 0.5 -999.9 -999.9 365
sta4 2011 6 15 166 11.7 22.8 16.2 3.3 1 -999.9 -999.9 365
sta4 2011 6 16 167 15.2 19.5 18.7 4.3 0.5 -999.9 -999.9 365
sta4 2011 6 17 168 8.2 18.3 8.1 1.9 2 -999.9 -999.9 365
sta4 2011 6 18 169 10.6 18.6 18.4 3.8 1 -999.9 -999.9 365
sta4 2011 6 19 170 10.9 18 14.5 3.2 6 -999.9 -999.9 365
sta4 2011 6 20 171 12.3 22.4 11.3 2.5 0.5 -999.9 -999.9 365
sta4 2011 6 21 172 15.1 24.2 17.3 4.1 0 -999.9 -999.9 365
sta4 2011 6 22 173 11.9 20.7 17.3 3.8 5.5 -999.9 -999.9 365
sta4 2011 6 23 174 9.9 18.9 20.8 4.1 0 -999.9 -999.9 365
sta4 2011 6 24 175 7.5 19.5 22.4 3.7 0 -999.9 -999.9 365
sta4 2011 6 25 176 13.4 24.8 15.8 3.7 0 -999.9 -999.9 365
sta4 2011 6 26 177 10.8 31.1 28 5.5 0 -999.9 -999.9 365
sta4 2011 6 27 178 15.7 36.8 24.4 6.4 3.5 -999.9 -999.9 365
sta4 2011 6 28 179 18.3 27 21.2 5.6 0 -999.9 -999.9 365
sta4 2011 6 29 180 13.4 20.1 21.8 4.7 0 -999.9 -999.9 365
sta4 2011 6 30 181 8 20.2 23.5 4.2 0 -999.9 -999.9 365
sta4 2011 7 1 182 7.6 22.8 23.3 4.1 0 -999.9 -999.9 365
sta4 2011 7 2 183 8.2 23.3 27.2 4.9 0 -999.9 -999.9 365
sta4 2011 7 3 184 5 24.8 27.8 5.2 0 -999.9 -999.9 365
sta4 2011 7 4 185 10.1 27.4 27.5 5.2 0 -999.9 -999.9 365
sta4 2011 7 5 186 7.5 29.9 22.8 5.2 4 -999.9 -999.9 365
sta4 2011 7 6 187 14 22 18.5 4.6 0 -999.9 -999.9 365
sta4 2011 7 7 188 12.4 21.8 16.5 4.1 8 -999.9 -999.9 365
sta4 2011 7 8 189 12.6 21.8 15.6 4 3.5 -999.9 -999.9 365
sta4 2011 7 9 190 13.2 20.9 11.4 3.1 0 -999.9 -999.9 365
sta4 2011 7 10 191 13.3 21.9 13.2 3.3 0 -999.9 -999.9 365
sta4 2011 7 11 192 11.8 26.2 22.4 4.7 0 -999.9 -999.9 365
sta4 2011 7 12 193 14.3 18.4 4 1.3 3.5 -999.9 -999.9 365
sta4 2011 7 13 194 14.5 17.6 12.4 3.3 0.5 -999.9 -999.9 365
sta4 2011 7 14 195 9.7 22.1 20.8 4.2 0 -999.9 -999.9 365
sta4 2011 7 15 196 5 25.5 23.1 4.3 0.5 -999.9 -999.9 365
sta4 2011 7 16 197 14.9 19.9 4.7 1.8 16.5 -999.9 -999.9 365
sta4 2011 7 17 198 11.7 18 13 2.7 2 -999.9 -999.9 365
sta4 2011 7 18 199 12.1 18.9 11 3 0 -999.9 -999.9 365
sta4 2011 7 19 200 11.3 20.2 15.8 3.2 0 -999.9 -999.9 365
sta4 2011 7 20 201 13.1 16.9 9.1 2 2.5 -999.9 -999.9 365
sta4 2011 7 21 202 13.8 18.9 8.4 2.1 1.5 -999.9 -999.9 365
sta4 2011 7 22 203 13.4 21.2 18.8 4.1 2 -999.9 -999.9 365
sta4 2011 7 23 204 12.4 18.7 15.2 3.4 1 -999.9 -999.9 365
sta4 2011 7 24 205 11.3 21.4 15.5 3.5 1.5 -999.9 -999.9 365
sta4 2011 7 25 206 13.9 23.7 20.3 4.5 0.5 -999.9 -999.9 365
sta4 2011 7 26 207 9.9 22.2 15.5 3.3 0 -999.9 -999.9 365
sta4 2011 7 27 208 12.2 19 7.7 2 0 -999.9 -999.9 365
sta4 2011 7 28 209 14.2 23.6 13.4 3.3 0 -999.9 -999.9 365
sta4 2011 7 29 210 10.1 25.4 17.2 3.8 0 -999.9 -999.9 365
sta4 2011 7 30 211 12.3 22.3 18.9 3.9 0 -999.9 -999.9 365
sta4 2011 7 31 212 5.3 27.6 23.5 4.4 0 -999.9 -999.9 365
sta4 2011 8 1 213 11.3 30.3 19.4 4.9 0 -999.9 -999.9 365
sta4 2011 8 2 214 10.8 27 13 3.9 0 -999.9 -999.9 365
sta4 2011 8 3 215 16.9 28.8 14.1 4 0 -999.9 -999.9 365
sta4 2011 8 4 216 12 24.1 8.5 1.9 10 -999.9 -999.9 365
sta4 2011 8 5 217 14.8 21.1 10.7 2.2 0 -999.9 -999.9 365
sta4 2011 8 6 218 14.1 19.7 5.6 1.5 8 -999.9 -999.9 365
sta4 2011 8 7 219 11.7 22.1 18.8 4 6 -999.9 -999.9 365
sta4 2011 8 8 220 12.4 20.8 15.8 3.7 3.5 -999.9 -999.9 365
sta4 2011 8 9 221 13.4 19.5 20.4 4.5 0 -999.9 -999.9 365
sta4 2011 8 10 222 5.4 23.9 23.1 3.7 0 -999.9 -999.9 365
sta4 2011 8 11 223 8.6 26.3 16.9 3.8 2 -999.9 -999.9 365
sta4 2011 8 12 224 16.3 22.1 10.5 2.6 0 -999.9 -999.9 365
sta4 2011 8 13 225 13.9 22.4 7.9 1.7 18.5 -999.9 -999.9 365
sta4 2011 8 14 226 15.2 20.7 12.6 2.9 0 -999.9 -999.9 365
sta4 2011 8 15 227 10.4 22.5 21.6 3.7 0 -999.9 -999.9 365
sta4 2011 8 16 228 13.1 26.1 18.9 3.9 0 -999.9 -999.9 365
sta4 2011 8 17 229 11.6 27.5 18.5 3.5 1.5 -999.9 -999.9 365
sta4 2011 8 18 230 15.8 25.6 12.1 2.8 29 -999.9 -999.9 365
sta4 2011 8 19 231 16 23.7 19.7 3.8 0 -999.9 -999.9 365
sta4 2011 8 20 232 8.8 30.6 21.3 4 1 -999.9 -999.9 365
sta4 2011 8 21 233 19.4 27.2 16.3 4.2 0 -999.9 -999.9 365
sta4 2011 8 22 234 15.6 19.7 4.6 1.5 24 -999.9 -999.9 365
sta4 2011 8 23 235 16.3 24.1 9.4 2.3 0.5 -999.9 -999.9 365
sta4 2011 8 24 236 15.7 22.5 14.2 3.1 0 -999.9 -999.9 365
sta4 2011 8 25 237 13.1 22.3 14.5 2.9 27.5 -999.9 -999.9 365
sta4 2011 8 26 238 13.4 18.9 7.9 1.9 5 -999.9 -999.9 365
sta4 2011 8 27 239 10.6 18.9 15.5 2.9 3 -999.9 -999.9 365
sta4 2011 8 28 240 10.5 19.2 10.1 2.2 0 -999.9 -999.9 365
sta4 2011 8 29 241 8.5 19.1 14 2.5 0 -999.9 -999.9 365
sta4 2011 8 30 242 4.2 21.4 16.7 2.5 0 -999.9 -999.9 365
sta4 2011 8 31 243 7.2 21.1 17.1 2.7 0 -999.9 -999.9 365
sta4 2011 9 1 244 12.6 26.5 15 3.1 0 -999.9 -999.9 365
sta4 2011 9 2 245 12 29.5 18.4 3.3 0 -999.9 -999.9 365
sta4 2011 9 3 246 13 30.2 15 3.1 17 -999.9 -999.9 365
sta4 2011 9 4 247 15.5 22.7 9.1 2.5 7 -999.9 -999.9 365
sta4 2011 9 5 248 12 19.6 18.1 3.2 0 -999.9 -999.9 365
sta4 2011 9 6 249 12.4 20.1 8.8 2.4 3.5 -999.9 -999.9 365
sta4 2011 9 7 250 12.4 19.2 13.5 2.8 0 -999.9 -999.9 365
sta4 2011 9 8 251 12.4 19.4 6.3 1.2 1 -999.9 -999.9 365
sta4 2011 9 9 252 18.2 23.5 7.4 1.9 0 -999.9 -999.9 365
sta4 2011 9 10 253 15.1 28 12.7 3 2.5 -999.9 -999.9 365
sta4 2011 9 11 254 15.4 20 7.6 2.1 1.5 -999.9 -999.9 365
sta4 2011 9 12 255 14.9 23.8 10.4 2.8 0 -999.9 -999.9 365
sta4 2011 9 13 256 14.5 21.2 13.7 3.2 0 -999.9 -999.9 365
sta4 2011 9 14 257 8.8 20.6 14.8 2.2 0 -999.9 -999.9 365
sta4 2011 9 15 258 4.2 21 17.5 2.1 0 -999.9 -999.9 365
sta4 2011 9 16 259 9.5 25.9 13.3 2.8 1 -999.9 -999.9 365
sta4 2011 9 17 260 12.2 17.8 5.7 1.7 24 -999.9 -999.9 365
sta4 2011 9 18 261 8.9 15.7 11.6 1.6 14 -999.9 -999.9 365
sta4 2011 9 19 262 10.2 18.5 11.5 1.7 0 -999.9 -999.9 365
sta4 2011 9 20 263 13.9 16.9 4.9 1.4 0 -999.9 -999.9 365
sta4 2011 9 21 264 13.5 20.7 9.2 2 0 -999.9 -999.9 365
sta4 2011 9 22 265 9.2 19.6 12.7 1.7 0 -999.9 -999.9 365
sta4 2011 9 23 266 7.6 20.7 14.2 1.8 0 -999.9 -999.9 365
sta4 2011 9 24 267 5.3 23.7 15.2 1.8 0 -999.9 -999.9 365
sta4 2011 9 25 268 9.3 24.5 13.4 2.1 0 -999.9 -999.9 365
sta4 2011 9 26 269 10.3 24.8 12.7 2.1 0 -999.9 -999.9 365
sta4 2011 9 27 270 10.9 26.1 13.6 2.1 0 -999.9 -999.9 365
sta4 2011 9 28 271 9.7 26.8 14.8 2.5 0 -999.9 -999.9 365
sta4 2011 9 29 272 9.9 27.7 14.5 2.4 0 -999.9 -999.9 365
sta4 2011 9 30 273 10.4 28.9 14.4 2.6 0 -999.9 -999.9 365
sta4 2011 10 1 274 9.6 28.3 14.1 2.5 0 -999.9 -999.9 365
sta4 2011 10 2 275 7.6 27.5 14.1 2.2 0 -999.9 -999.9 365
sta4 2011 10 3 276 9.4 27.8 14 2.6 0 -999.9 -999.9 365
sta4 2011 10 4 277 11.9 20.9 6.4 1.5 0 -999.9 -999.9 365
sta4 2011 10 5 278 15.1 19.4 5.8 1.6 0 -999.9 -999.9 365
sta4 2011 10 6 279 11.5 17.8 6.5 2.2 3.5 -999.9 -999.9 365
sta4 2011 10 7 280 8.8 15.8 7 1.5 5.5 -999.9 -999.9 365
sta4 2011 10 8 281 9 14.4 4.7 0.9 0.5 -999.9 -999.9 365
sta4 2011 10 9 282 11.7 17 3.7 0.5 0.5 -999.9 -999.9 365
sta4 2011 10 10 283 14.7 17.5 3.8 1.3 0 -999.9 -999.9 365
sta4 2011 10 11 284 13.9 17 3.9 1.2 0 -999.9 -999.9 365
sta4 2011 10 12 285 13.8 16.3 3.8 1.1 1 -999.9 -999.9 365
sta4 2011 10 13 286 14.5 19.5 7.9 1.4 0 -999.9 -999.9 365
sta4 2011 10 14 287 7.1 16 11.9 1.4 0 -999.9 -999.9 365
sta4 2011 10 15 288 1.6 17 12.3 1.1 0 -999.9 -999.9 365
sta4 2011 10 16 289 0.1 17.1 10.5 0.7 0 -999.9 -999.9 365
sta4 2011 10 17 290 3.8 18 8.4 0.9 0 -999.9 -999.9 365
sta4 2011 10 18 291 8.1 14 3.2 1 4 -999.9 -999.9 365
sta4 2011 10 19 292 5.8 12.4 7.7 0.9 2 -999.9 -999.9 365
sta4 2011 10 20 293 2.3 13.1 10.2 0.8 0 -999.9 -999.9 365
sta4 2011 10 21 294 1.7 13.3 10.2 0.9 0 -999.9 -999.9 365
sta4 2011 10 22 295 -0.2 13.2 10.6 0.8 0.5 -999.9 -999.9 365
sta4 2011 10 23 296 4.1 18.2 10 1.7 0 -999.9 -999.9 365
sta4 2011 10 24 297 6.8 17.4 8.1 1.2 2.5 -999.9 -999.9 365
sta4 2011 10 25 298 7.8 15.8 7.8 1 0.5 -999.9 -999.9 365
sta4 2011 10 26 299 6.7 15.4 8.1 1.1 0 -999.9 -999.9 365
sta4 2011 10 27 300 8.6 13.7 2.5 0.9 0 -999.9 -999.9 365
sta4 2011 10 28 301 5.7 19.6 7.9 0.5 0 -999.9 -999.9 365
sta4 2011 10 29 302 7.8 16.1 3.1 0.5 0 -999.9 -999.9 365
sta4 2011 10 30 303 6.4 16.5 5.2 0.5 0 -999.9 -999.9 365
sta4 2011 10 31 304 11.2 17.6 7 1.2 0 -999.9 -999.9 365
sta4 2011 11 1 305 6.3 15.9 3.7 0.7 2.5 -999.9 -999.9 365
sta4 2011 11 2 306 3.2 17.4 4.8 0.2 0 -999.9 -999.9 365
sta4 2011 11 3 307 14.2 17.7 2.7 1.2 18 -999.9 -999.9 365
sta4 2011 11 4 308 10.5 15.9 5 0.9 5 -999.9 -999.9 365
sta4 2011 11 5 309 8 14.8 2.3 0.2 0.5 -999.9 -999.9 365
sta4 2011 11 6 310 12.5 13.3 1.6 0.6 0 -999.9 -999.9 365
sta4 2011 11 7 311 9.3 12.4 1.3 0.4 0 -999.9 -999.9 365
sta4 2011 11 8 312 8.7 10.6 1.4 0.2 0 -999.9 -999.9 365
sta4 2011 11 9 313 7.9 13.7 2.6 0.6 0.5 -999.9 -999.9 365
sta4 2011 11 10 314 5 14.7 6 0.2 0 -999.9 -999.9 365
sta4 2011 11 11 315 7.9 10.8 2 0.1 0 -999.9 -999.9 365
sta4 2011 11 12 316 8.8 15.6 4 0.5 0.5 -999.9 -999.9 365
sta4 2011 11 13 317 7 15.6 6.7 0.6 0 -999.9 -999.9 365
sta4 2011 11 14 318 6.2 10.5 3.7 0.4 0 -999.9 -999.9 365
sta4 2011 11 15 319 1.1 5.9 2.5 0.2 0.5 -999.9 -999.9 365
sta4 2011 11 16 320 1.8 6.7 3 0.2 0 -999.9 -999.9 365
sta4 2011 11 17 321 3.7 13.4 3.6 0.3 0 -999.9 -999.9 365
sta4 2011 11 18 322 0.3 12.5 3.7 0.3 0 -999.9 -999.9 365
sta4 2011 11 19 323 0.2 12.9 6 0.2 0 -999.9 -999.9 365
sta4 2011 11 20 324 -0.4 7.8 4.2 0.2 0 -999.9 -999.9 365
sta4 2011 11 21 325 0.5 12.8 4.5 0.1 0 -999.9 -999.9 365
sta4 2011 11 22 326 1.9 16.3 4.8 0.1 0 -999.9 -999.9 365
sta4 2011 11 23 327 6.4 12.7 1.6 0.2 0.5 -999.9 -999.9 365
sta4 2011 11 24 328 1.8 10.7 2.5 0 0 -999.9 -999.9 365
sta4 2011 11 25 329 6.7 11.9 1.9 0.4 0 -999.9 -999.9 365
sta4 2011 11 26 330 1.7 11.9 4.8 0.2 0 -999.9 -999.9 365
sta4 2011 11 27 331 5.1 14.2 2.8 0.4 0 -999.9 -999.9 365
sta4 2011 11 28 332 -1.9 9.6 2.5 0 0 -999.9 -999.9 365
sta4 2011 11 29 333 6.1 11.5 1.5 0.4 1.5 -999.9 -999.9 365
sta4 2011 11 30 334 1.9 12 5 0.3 0 -999.9 -999.9 365
sta4 2011 12 1 335 3.1 14.1 1.5 0 7 -999.9 -999.9 365
sta4 2011 12 2 336 3.7 10.4 4 0.2 2.5 -999.9 -999.9 365
sta4 2011 12 3 337 5.7 12.4 0.9 0 7.5 -999.9 -999.9 365
sta4 2011 12 4 338 10.2 12.5 1 0.5 22.5 -999.9 -999.9 365
sta4 2011 12 5 339 4.3 8.8 4.2 0.3 4 -999.9 -999.9 365
sta4 2011 12 6 340 4.5 9.6 3.2 0.4 3 -999.9 -999.9 365
sta4 2011 12 7 341 6.8 11.4 2.5 0.6 5 -999.9 -999.9 365
sta4 2011 12 8 342 4.3 12.3 1.7 0.3 4 -999.9 -999.9 365
sta4 2011 12 9 343 5.6 9.6 2.5 0.3 0.5 -999.9 -999.9 365
sta4 2011 12 10 344 1.1 8.7 3.6 0.1 0 -999.9 -999.9 365
sta4 2011 12 11 345 -1.8 9.1 2.4 0.1 3.5 -999.9 -999.9 365
sta4 2011 12 12 346 4.3 12.3 4.5 0.5 3.5 -999.9 -999.9 365
sta4 2011 12 13 347 6.1 12.5 2.9 0.8 8.5 -999.9 -999.9 365
sta4 2011 12 14 348 5.4 8.2 3.3 0.6 0 -999.9 -999.9 365
sta4 2011 12 15 349 4.4 13.7 2.2 1.5 34 -999.9 -999.9 365
sta4 2011 12 16 350 3.5 9.7 2 0.3 16.5 -999.9 -999.9 365
sta4 2011 12 17 351 1.6 6.2 2.9 0.2 8.5 -999.9 -999.9 365
sta4 2011 12 18 352 1.5 7 4.6 0.2 3 -999.9 -999.9 365
sta4 2011 12 19 353 -2.9 9.1 1.5 0.1 7 -999.9 -999.9 365
sta4 2011 12 20 354 4.6 9.9 3.1 0.2 5 -999.9 -999.9 365
sta4 2011 12 21 355 5.4 11.9 0.7 0 0.5 -999.9 -999.9 365
sta4 2011 12 22 356 10 12.1 1.6 0.4 0 -999.9 -999.9 365
sta4 2011 12 23 357 7.1 9.9 1.3 0.5 3.5 -999.9 -999.9 365
sta4 2011 12 24 358 3.5 9.2 4.3 0.3 0 -999.9 -999.9 365
sta4 2011 12 25 359 5.2 10 1.8 0.2 0 -999.9 -999.9 365
sta4 2011 12 26 360 3.3 12.5 3.3 0.5 0 -999.9 -999.9 365
sta4 2011 12 27 361 -2.1 7.5 3.8 0.1 0 -999.9 -999.9 365
sta4 2011 12 28 362 0.8 9 1.8 0.1 0.5 -999.9 -999.9 365
sta4 2011 12 29 363 3.9 9.5 3.3 0.3 2 -999.9 -999.9 365
sta4 2011 12 30 364 7 11.4 1.4 0.7 10 -999.9 -999.9 365
sta4 2011 12 31 365 7.2 13.1 0.9 0 0 -999.9 -999.9 365
