sta5 2014 1 1 1 6.5 10.3 2 0.5 7.8 -999.9 -999.9 365
sta5 2014 1 2 2 7.8 11.5 5.1 0.2 0.2 -999.9 -999.9 365
sta5 2014 1 3 3 7.9 13 4.2 0.6 0 -999.9 -999.9 365
sta5 2014 1 4 4 6.4 12.2 3.8 0.7 0.6 -999.9 -999.9 365
sta5 2014 1 5 5 3.1 10.5 3.6 0.2 0.2 -999.9 -999.9 365
sta5 2014 1 6 6 7.6 12.8 1.7 0.5 3 -999.9 -999.9 365
sta5 2014 1 7 7 7.1 12 3.2 0.1 0.4 -999.9 -999.9 365
sta5 2014 1 8 8 7.6 13.7 4.8 0 0 -999.9 -999.9 365
sta5 2014 1 9 9 8.1 10.3 1.2 0.5 0 -999.9 -999.9 365
sta5 2014 1 10 10 4.1 6.8 2.1 0 0.2 -999.9 -999.9 365
sta5 2014 1 11 11 5 7.7 2.7 0.1 0.2 -999.9 -999.9 365
sta5 2014 1 12 12 2.2 9.5 3.6 0 0.4 -999.9 -999.9 365
sta5 2014 1 13 13 5.6 10.7 5.5 0.1 1 -999.9 -999.9 365
sta5 2014 1 14 14 3.4 7.7 5.5 0.1 0.2 -999.9 -999.9 365
sta5 2014 1 15 15 1.1 7.9 0.8 0 5.4 -999.9 -999.9 365
sta5 2014 1 16 16 7.1 10.3 3.3 0.6 3.8 -999.9 -999.9 365
sta5 2014 1 17 17 4.6 10.7 6.2 0.4 0.2 -999.9 -999.9 365
sta5 2014 1 18 18 1.4 10.4 5.2 0.1 7.8 -999.9 -999.9 365
sta5 2014 1 19 19 4.3 8.2 5.7 0 0.2 -999.9 -999.9 365
sta5 2014 1 20 20 1.9 7.1 4.7 0.1 0 -999.9 -999.9 365
sta5 2014 1 21 21 1.5 5.1 1.7 0.3 0 -999.9 -999.9 365
sta5 2014 1 22 22 0.1 5.7 1.8 0.2 5.8 -999.9 -999.9 365
sta5 2014 1 23 23 3.5 7.3 2.4 0.1 0.2 -999.9 -999.9 365
sta5 2014 1 24 24 5 6.1 2.3 0.3 5.4 -999.9 -999.9 365
sta5 2014 1 25 25 3 9.2 2.5 0.3 0.8 -999.9 -999.9 365
sta5 2014 1 26 26 4.6 10.8 1.3 0.4 5 -999.9 -999.9 365
sta5 2014 1 27 27 2.2 8 6.3 0.6 0 -999.9 -999.9 365
sta5 2014 1 28 28 1.7 6.6 3 0.2 4.4 -999.9 -999.9 365
sta5 2014 1 29 29 3.8 6.1 2.7 0.3 0.4 -999.9 -999.9 365
sta5 2014 1 30 30 3.3 6.6 2.3 0.3 0 -999.9 -999.9 365
sta5 2014 1 31 31 -1.3 8.3 6.3 0 6.6 -999.9 -999.9 365
sta5 2014 2 1 32 5.7 9.3 5 0.8 3.4 -999.9 -999.9 365
sta5 2014 2 2 33 0.3 9.1 7.9 0.2 0.2 -999.9 -999.9 365
sta5 2014 2 3 34 -0.1 8.8 9.1 0.2 0 -999.9 -999.9 365
sta5 2014 2 4 35 2.2 9.4 7.1 0.6 2 -999.9 -999.9 365
sta5 2014 2 5 36 5.5 10 6.2 1.1 0.6 -999.9 -999.9 365
sta5 2014 2 6 37 4.5 13.2 4.2 1.1 2.2 -999.9 -999.9 365
sta5 2014 2 7 38 7.2 10.8 8.7 1.6 2 -999.9 -999.9 365
sta5 2014 2 8 39 6.2 9.6 4.1 1.5 1.6 -999.9 -999.9 365
sta5 2014 2 9 40 3 8.5 6.3 0.8 0 -999.9 -999.9 365
sta5 2014 2 10 41 3.5 8.5 4.9 0.7 0.6 -999.9 -999.9 365
sta5 2014 2 11 42 0.5 7 3.4 0.4 1 -999.9 -999.9 365
sta5 2014 2 12 43 0.7 8.5 7 0.4 8.4 -999.9 -999.9 365
sta5 2014 2 13 44 5.2 9.1 5.3 1 15 -999.9 -999.9 365
sta5 2014 2 14 45 2.8 14.1 4 0.8 4.6 -999.9 -999.9 365
sta5 2014 2 15 46 6.6 9.9 4.9 1.1 1.6 -999.9 -999.9 365
sta5 2014 2 16 47 3.7 11 8.5 0.8 2.4 -999.9 -999.9 365
sta5 2014 2 17 48 1.5 11.6 11 0.7 0 -999.9 -999.9 365
sta5 2014 2 18 49 2.6 9.8 4.6 0.6 1.6 -999.9 -999.9 365
sta5 2014 2 19 50 4.3 11.1 5.8 0.5 0.6 -999.9 -999.9 365
sta5 2014 2 20 51 7.5 11.1 1.9 0.5 2.8 -999.9 -999.9 365
sta5 2014 2 21 52 4.6 9.6 8.7 1.2 0 -999.9 -999.9 365
sta5 2014 2 22 53 3.8 10 3.1 0.5 14.8 -999.9 -999.9 365
sta5 2014 2 23 54 4.5 12.5 11.3 1 0 -999.9 -999.9 365
sta5 2014 2 24 55 1.2 15.3 12.3 1.1 0.6 -999.9 -999.9 365
sta5 2014 2 25 56 7.1 11.4 6.6 1.5 0.6 -999.9 -999.9 365
sta5 2014 2 26 57 2.5 10.6 11.8 0.9 0 -999.9 -999.9 365
sta5 2014 2 27 58 1.9 10.7 5.5 0.9 16.4 -999.9 -999.9 365
sta5 2014 2 28 59 4.9 8.8 7.1 1 4 -999.9 -999.9 365
sta5 2014 3 1 60 3.5 8.8 10.3 1.1 0 -999.9 -999.9 365
sta5 2014 3 2 61 -0.7 9.8 11.4 0.9 4 -999.9 -999.9 365
sta5 2014 3 3 62 3.8 9.1 9.1 1.2 2.2 -999.9 -999.9 365
sta5 2014 3 4 63 1.7 10.5 11.2 0.9 0.2 -999.9 -999.9 365
sta5 2014 3 5 64 -0.2 12.5 13.7 1 0 -999.9 -999.9 365
sta5 2014 3 6 65 -0.1 14.2 15.1 1.2 0 -999.9 -999.9 365
sta5 2014 3 7 66 0 15.7 13.8 1.2 0 -999.9 -999.9 365
sta5 2014 3 8 67 2.1 19.1 16 1.8 0 -999.9 -999.9 365
sta5 2014 3 9 68 3 21.8 16.3 2 0 -999.9 -999.9 365
sta5 2014 3 10 69 1.8 19.9 15.9 1.8 0 -999.9 -999.9 365
sta5 2014 3 11 70 5.3 17.1 14.2 1.9 0.2 -999.9 -999.9 365
sta5 2014 3 12 71 3.7 16.8 16.1 1.8 0 -999.9 -999.9 365
sta5 2014 3 13 72 1.1 18.3 15.3 1.5 0 -999.9 -999.9 365
sta5 2014 3 14 73 2.9 18.2 14.7 1.6 0 -999.9 -999.9 365
sta5 2014 3 15 74 5 15.4 11.3 1.7 0.2 -999.9 -999.9 365
sta5 2014 3 16 75 3.3 17.2 17.4 1.9 0.2 -999.9 -999.9 365
sta5 2014 3 17 76 2.8 13.9 12.5 1.3 0.2 -999.9 -999.9 365
sta5 2014 3 18 77 2.5 11.6 6.3 0.9 0 -999.9 -999.9 365
sta5 2014 3 19 78 2.7 16.3 17.2 1.7 0 -999.9 -999.9 365
sta5 2014 3 20 79 3.6 20 18.3 2.7 0.2 -999.9 -999.9 365
sta5 2014 3 21 80 8.8 13.5 8.8 2.3 0 -999.9 -999.9 365
sta5 2014 3 22 81 6.5 12.5 11 2.5 2.4 -999.9 -999.9 365
sta5 2014 3 23 82 0.3 10.1 14.8 1.7 0.2 -999.9 -999.9 365
sta5 2014 3 24 83 -0.4 10.8 15.9 1.6 3.2 -999.9 -999.9 365
sta5 2014 3 25 84 5 10.6 8.8 1.3 3.6 -999.9 -999.9 365
sta5 2014 3 26 85 2.1 10.6 14.3 1.7 0 -999.9 -999.9 365
sta5 2014 3 27 86 2.3 10.8 13.6 1.6 0.6 -999.9 -999.9 365
sta5 2014 3 28 87 2.6 16.3 16.9 2.5 0 -999.9 -999.9 365
sta5 2014 3 29 88 4.6 20.6 17.9 3.2 0 -999.9 -999.9 365
sta5 2014 3 30 89 6.7 18 10 2 0 -999.9 -999.9 365
sta5 2014 3 31 90 6.8 17.4 11.5 1.9 0 -999.9 -999.9 365
sta5 2014 4 1 91 7.9 20.7 17.5 2.6 0 -999.9 -999.9 365
sta5 2014 4 2 92 8.6 21.1 13.3 2.6 0 -999.9 -999.9 365
sta5 2014 4 3 93 11.7 15.4 6.3 1.5 3.8 -999.9 -999.9 365
sta5 2014 4 4 94 10.2 13.5 7.1 1.4 0 -999.9 -999.9 365
sta5 2014 4 5 95 5.1 17.1 17.3 2.2 0 -999.9 -999.9 365
sta5 2014 4 6 96 8.9 18.4 7.9 1.4 0.2 -999.9 -999.9 365
sta5 2014 4 7 97 9.8 22.9 17.2 3.6 0.2 -999.9 -999.9 365
sta5 2014 4 8 98 5.9 13.9 15.5 2.6 0 -999.9 -999.9 365
sta5 2014 4 9 99 1.3 15.6 21.8 2.5 0 -999.9 -999.9 365
sta5 2014 4 10 100 4.1 20.2 22.6 3.2 0 -999.9 -999.9 365
sta5 2014 4 11 101 6.5 17.7 15.1 2.6 0 -999.9 -999.9 365
sta5 2014 4 12 102 5.2 17.8 20.5 2.9 0 -999.9 -999.9 365
sta5 2014 4 13 103 4.2 15.2 16.9 2.3 0 -999.9 -999.9 365
sta5 2014 4 14 104 3.1 16.6 23.6 3.1 0 -999.9 -999.9 365
sta5 2014 4 15 105 3 14.6 24.4 3.3 0 -999.9 -999.9 365
sta5 2014 4 16 106 2.7 16.1 24.4 3.5 0 -999.9 -999.9 365
sta5 2014 4 17 107 2.6 19.9 24.4 3.3 0 -999.9 -999.9 365
sta5 2014 4 18 108 9.2 15.9 18.2 3.4 0 -999.9 -999.9 365
sta5 2014 4 19 109 0.9 14.1 18.7 2.5 1 -999.9 -999.9 365
sta5 2014 4 20 110 2.9 16.9 21.6 2.9 0.6 -999.9 -999.9 365
sta5 2014 4 21 111 9.1 15.6 8.8 1.7 1 -999.9 -999.9 365
sta5 2014 4 22 112 4.8 18.2 17 2.5 3.6 -999.9 -999.9 365
sta5 2014 4 23 113 4.9 18.8 17.2 2.5 0.8 -999.9 -999.9 365
sta5 2014 4 24 114 9.1 19.6 15.4 2.6 48 -999.9 -999.9 365
sta5 2014 4 25 115 10.5 15.5 11.5 2.2 2 -999.9 -999.9 365
sta5 2014 4 26 116 6.3 15.4 10.5 2 6.6 -999.9 -999.9 365
sta5 2014 4 27 117 7 13.1 9.9 1.7 9 -999.9 -999.9 365
sta5 2014 4 28 118 8.4 15 17.3 2.8 2.4 -999.9 -999.9 365
sta5 2014 4 29 119 5.1 12.3 6.8 1 12.8 -999.9 -999.9 365
sta5 2014 4 30 120 8.8 16.3 14.9 2.5 0 -999.9 -999.9 365
sta5 2014 5 1 121 7.3 16.5 11.7 2 2.8 -999.9 -999.9 365
sta5 2014 5 2 122 7.9 15.6 10.3 2 0 -999.9 -999.9 365
sta5 2014 5 3 123 4.7 14.2 20.7 3.1 0 -999.9 -999.9 365
sta5 2014 5 4 124 2.8 16.4 25.7 3.5 0 -999.9 -999.9 365
sta5 2014 5 5 125 2.8 22 25.8 3.8 0 -999.9 -999.9 365
sta5 2014 5 6 126 9.7 20.8 15.9 3.3 1.2 -999.9 -999.9 365
sta5 2014 5 7 127 9.5 17 14.6 2.7 0.8 -999.9 -999.9 365
sta5 2014 5 8 128 8.5 15.7 10.4 2 0.6 -999.9 -999.9 365
sta5 2014 5 9 129 12.2 18.6 21.2 4.1 0 -999.9 -999.9 365
sta5 2014 5 10 130 9.5 16.7 8.7 2.2 3.2 -999.9 -999.9 365
sta5 2014 5 11 131 8.6 15.1 21.6 3.8 2.2 -999.9 -999.9 365
sta5 2014 5 12 132 5.7 14.6 17.9 2.8 1.6 -999.9 -999.9 365
sta5 2014 5 13 133 5.2 15.9 21.1 3.2 2.2 -999.9 -999.9 365
sta5 2014 5 14 134 4.2 17.5 20.1 3 0.8 -999.9 -999.9 365
sta5 2014 5 15 135 4.9 16.9 29.1 4.3 0 -999.9 -999.9 365
sta5 2014 5 16 136 5.7 19.3 29 4.6 0 -999.9 -999.9 365
sta5 2014 5 17 137 7.2 21.2 28.3 4.6 0 -999.9 -999.9 365
sta5 2014 5 18 138 6.4 23.7 28.1 4.5 0 -999.9 -999.9 365
sta5 2014 5 19 139 9.1 24.9 27.6 5.3 0 -999.9 -999.9 365
sta5 2014 5 20 140 11.6 17.3 5.2 1.2 13.4 -999.9 -999.9 365
sta5 2014 5 21 141 11.2 16.7 5.1 1.2 43.6 -999.9 -999.9 365
sta5 2014 5 22 142 7.9 19.3 22.6 4 0 -999.9 -999.9 365
sta5 2014 5 23 143 9 15.7 13.2 2.4 2.2 -999.9 -999.9 365
sta5 2014 5 24 144 7.3 16.1 16 2.7 14 -999.9 -999.9 365
sta5 2014 5 25 145 5.4 17.6 13.7 2 0.8 -999.9 -999.9 365
sta5 2014 5 26 146 10.2 18.3 13.5 2.6 5.8 -999.9 -999.9 365
sta5 2014 5 27 147 8.5 17.5 20.7 3.5 0.8 -999.9 -999.9 365
sta5 2014 5 28 148 8.2 15.4 9.3 1.6 6.2 -999.9 -999.9 365
sta5 2014 5 29 149 9 18.4 16.8 2.8 0 -999.9 -999.9 365
sta5 2014 5 30 150 8.1 21.3 24.3 3.9 0.2 -999.9 -999.9 365
sta5 2014 5 31 151 10.9 20.6 27.3 4.7 0 -999.9 -999.9 365
sta5 2014 6 1 152 8.5 18.7 19.5 3.3 0 -999.9 -999.9 365
sta5 2014 6 2 153 9.7 19.7 19.6 3.3 0 -999.9 -999.9 365
sta5 2014 6 3 154 11.6 19.1 14.9 2.8 3.8 -999.9 -999.9 365
sta5 2014 6 4 155 12.4 17.5 15.4 3.3 2.8 -999.9 -999.9 365
sta5 2014 6 5 156 6.8 19.1 28.9 4.4 0 -999.9 -999.9 365
sta5 2014 6 6 157 9.1 28.2 26.9 5.1 0 -999.9 -999.9 365
sta5 2014 6 7 158 16.4 25.8 22 4.6 3.4 -999.9 -999.9 365
sta5 2014 6 8 159 17.1 27.6 26.5 5.4 1.6 -999.9 -999.9 365
sta5 2014 6 9 160 14.8 26 17.4 3.6 34.2 -999.9 -999.9 365
sta5 2014 6 10 161 15.7 22.6 12.5 2.9 5.2 -999.9 -999.9 365
sta5 2014 6 11 162 14 24.5 26.6 5.1 0 -999.9 -999.9 365
sta5 2014 6 12 163 13.4 25.3 28.8 5.6 0 -999.9 -999.9 365
sta5 2014 6 13 164 12.4 25.1 29.7 5.6 0 -999.9 -999.9 365
sta5 2014 6 14 165 13 22.6 24.3 4.9 0 -999.9 -999.9 365
sta5 2014 6 15 166 9.9 21 24.5 4.6 0 -999.9 -999.9 365
sta5 2014 6 16 167 9.6 21.4 26.1 4.8 0 -999.9 -999.9 365
sta5 2014 6 17 168 10.8 19.3 20.1 3.9 0 -999.9 -999.9 365
sta5 2014 6 18 169 11.2 22.5 22.7 4.5 0 -999.9 -999.9 365
sta5 2014 6 19 170 10.7 22.4 25.1 4.5 0 -999.9 -999.9 365
sta5 2014 6 20 171 11.5 21.8 26 4.7 0 -999.9 -999.9 365
sta5 2014 6 21 172 10 24.5 30.1 5.5 0 -999.9 -999.9 365
sta5 2014 6 22 173 12.7 26.5 27.3 5.6 0 -999.9 -999.9 365
sta5 2014 6 23 174 13.2 22.7 13.1 3.3 0 -999.9 -999.9 365
sta5 2014 6 24 175 10.5 25.9 28.7 5.4 0 -999.9 -999.9 365
sta5 2014 6 25 176 11.9 22.8 25 4.7 0 -999.9 -999.9 365
sta5 2014 6 26 177 11.9 24.4 19.3 4 0.4 -999.9 -999.9 365
sta5 2014 6 27 178 12 23.3 21.7 4.3 1 -999.9 -999.9 365
sta5 2014 6 28 179 13.1 17.4 8 1.8 17 -999.9 -999.9 365
sta5 2014 6 29 180 12.5 19.5 17.6 3.4 6.8 -999.9 -999.9 365
sta5 2014 6 30 181 8.9 21.3 20 3.4 0 -999.9 -999.9 365
sta5 2014 7 1 182 13.4 24.6 21.9 4.6 0 -999.9 -999.9 365
sta5 2014 7 2 183 12.5 26.1 28.6 5.5 0 -999.9 -999.9 365
sta5 2014 7 3 184 11.7 29.5 29.5 5.6 0 -999.9 -999.9 365
sta5 2014 7 4 185 16.5 25.7 15.9 3.9 2.6 -999.9 -999.9 365
sta5 2014 7 5 186 16.8 24.1 13.7 4 0.6 -999.9 -999.9 365
sta5 2014 7 6 187 15.1 20 10.7 2.4 6.4 -999.9 -999.9 365
sta5 2014 7 7 188 9.2 21.4 16.6 3 2.2 -999.9 -999.9 365
sta5 2014 7 8 189 10.7 21.1 17.6 3.4 4.6 -999.9 -999.9 365
sta5 2014 7 9 190 10.5 18.4 12.4 2.5 4.4 -999.9 -999.9 365
sta5 2014 7 10 191 13.7 16 2.6 0.6 10.8 -999.9 -999.9 365
sta5 2014 7 11 192 13.8 23.7 22.7 4.6 0.2 -999.9 -999.9 365
sta5 2014 7 12 193 13.6 21.4 10.5 2.3 2.2 -999.9 -999.9 365
sta5 2014 7 13 194 15.2 19.6 6.2 1.6 13.4 -999.9 -999.9 365
sta5 2014 7 14 195 10 23.3 24.4 4.5 0 -999.9 -999.9 365
sta5 2014 7 15 196 11.5 26 19.6 3.8 0 -999.9 -999.9 365
sta5 2014 7 16 197 15.6 29.7 25.9 5.3 0 -999.9 -999.9 365
sta5 2014 7 17 198 16.7 31.7 28 6.3 0 -999.9 -999.9 365
sta5 2014 7 18 199 18 33 24.1 5.8 0 -999.9 -999.9 365
sta5 2014 7 19 200 20.2 29.6 17.5 4.6 3 -999.9 -999.9 365
sta5 2014 7 20 201 17.1 24.3 14.6 3.4 4.2 -999.9 -999.9 365
sta5 2014 7 21 202 14.5 25.4 20.4 4.5 0 -999.9 -999.9 365
sta5 2014 7 22 203 13.6 24.2 15.7 3.3 0 -999.9 -999.9 365
sta5 2014 7 23 204 16.3 29.4 20.9 4.7 0.2 -999.9 -999.9 365
sta5 2014 7 24 205 15.2 29.3 17.9 4.1 1.4 -999.9 -999.9 365
sta5 2014 7 25 206 17.1 28.3 19.6 4.6 0.8 -999.9 -999.9 365
sta5 2014 7 26 207 15.4 25.6 19.3 4.2 0 -999.9 -999.9 365
sta5 2014 7 27 208 14 28.7 22.6 4.7 24.8 -999.9 -999.9 365
sta5 2014 7 28 209 16 24 22.6 4.9 0.6 -999.9 -999.9 365
sta5 2014 7 29 210 12.1 21.3 6.8 1.8 0.6 -999.9 -999.9 365
sta5 2014 7 30 211 12.8 26.1 21.1 4.2 0 -999.9 -999.9 365
sta5 2014 7 31 212 13.8 26.4 21.2 4.2 0 -999.9 -999.9 365
sta5 2014 8 1 213 15.4 27.9 21.8 4.8 0 -999.9 -999.9 365
sta5 2014 8 2 214 14.5 25 21 4.5 0.2 -999.9 -999.9 365
sta5 2014 8 3 215 13.8 24.7 18.2 3.7 0 -999.9 -999.9 365
sta5 2014 8 4 216 13.6 24.3 17.3 3.6 0 -999.9 -999.9 365
sta5 2014 8 5 217 10.7 26.6 24.6 4.4 0 -999.9 -999.9 365
sta5 2014 8 6 218 15.7 23.1 10.7 2.4 10.4 -999.9 -999.9 365
sta5 2014 8 7 219 16.8 25 15.5 3.2 3.2 -999.9 -999.9 365
sta5 2014 8 8 220 17.2 23.5 7 2 17 -999.9 -999.9 365
sta5 2014 8 9 221 13.9 22.1 18.2 3.4 1 -999.9 -999.9 365
sta5 2014 8 10 222 16.8 26 14.2 3.8 6.2 -999.9 -999.9 365
sta5 2014 8 11 223 11.5 21.8 19.5 3.9 0.2 -999.9 -999.9 365
sta5 2014 8 12 224 11.6 20.7 14.9 2.7 10.6 -999.9 -999.9 365
sta5 2014 8 13 225 11.9 18.9 10.8 2.2 9.6 -999.9 -999.9 365
sta5 2014 8 14 226 13.1 21.1 17.1 3.6 8 -999.9 -999.9 365
sta5 2014 8 15 227 11.6 19.9 15.9 3.1 0.6 -999.9 -999.9 365
sta5 2014 8 16 228 8.5 21.8 24.8 3.9 0 -999.9 -999.9 365
sta5 2014 8 17 229 9.4 21.2 19.7 3.6 0 -999.9 -999.9 365
sta5 2014 8 18 230 12.9 20.1 14.3 3.2 0.2 -999.9 -999.9 365
sta5 2014 8 19 231 7.4 20.9 21.1 3.5 0.2 -999.9 -999.9 365
sta5 2014 8 20 232 11.1 20.1 17.1 3.1 0 -999.9 -999.9 365
sta5 2014 8 21 233 6.1 20.8 22 3.2 0 -999.9 -999.9 365
sta5 2014 8 22 234 10.3 21 20.5 3.9 0 -999.9 -999.9 365
sta5 2014 8 23 235 12.7 19.8 14.7 3.3 0 -999.9 -999.9 365
sta5 2014 8 24 236 8.2 20.7 16.5 2.9 2.6 -999.9 -999.9 365
sta5 2014 8 25 237 13 19.2 6.2 1.5 13.4 -999.9 -999.9 365
sta5 2014 8 26 238 15.2 22.9 17 3.7 7.8 -999.9 -999.9 365
sta5 2014 8 27 239 13.2 20.7 8.5 1.8 0.6 -999.9 -999.9 365
sta5 2014 8 28 240 15.3 23.5 17.8 3.6 0 -999.9 -999.9 365
sta5 2014 8 29 241 12.9 23 17.8 3.4 0.2 -999.9 -999.9 365
sta5 2014 8 30 242 10.9 22.7 17.3 3 0 -999.9 -999.9 365
sta5 2014 8 31 243 13.3 21.8 18.4 3.6 0 -999.9 -999.9 365
sta5 2014 9 1 244 8.6 23.8 21.2 3.2 0 -999.9 -999.9 365
sta5 2014 9 2 245 11.2 23.8 16.9 2.9 0 -999.9 -999.9 365
sta5 2014 9 3 246 12.4 24.5 21.6 3.8 0 -999.9 -999.9 365
sta5 2014 9 4 247 11.9 22.6 13.6 2.4 0 -999.9 -999.9 365
sta5 2014 9 5 248 11.9 23 15.8 2.6 0 -999.9 -999.9 365
sta5 2014 9 6 249 16.6 25.7 14.8 2.9 0 -999.9 -999.9 365
sta5 2014 9 7 250 13.4 26.7 18.2 3.3 0 -999.9 -999.9 365
sta5 2014 9 8 251 13.9 27.4 19.7 3.7 0 -999.9 -999.9 365
sta5 2014 9 9 252 14.4 25.2 17.2 3.3 0 -999.9 -999.9 365
sta5 2014 9 10 253 9.6 23.2 19.6 3.2 0 -999.9 -999.9 365
sta5 2014 9 11 254 9.8 21.6 19.7 3.2 0.2 -999.9 -999.9 365
sta5 2014 9 12 255 10.2 22.3 20.6 3.2 0 -999.9 -999.9 365
sta5 2014 9 13 256 11.2 24.1 17.1 3 0 -999.9 -999.9 365
sta5 2014 9 14 257 12.9 23.1 16 2.9 0 -999.9 -999.9 365
sta5 2014 9 15 258 12.5 25.1 19 3.1 0 -999.9 -999.9 365
sta5 2014 9 16 259 12.4 26.7 18.4 3.1 0 -999.9 -999.9 365
sta5 2014 9 17 260 16.6 23.9 9 2.3 0 -999.9 -999.9 365
sta5 2014 9 18 261 14.2 24.6 10.7 2.3 0 -999.9 -999.9 365
sta5 2014 9 19 262 13.2 23.5 9.4 1.8 0.2 -999.9 -999.9 365
sta5 2014 9 20 263 13 22.9 8.2 1.6 0.4 -999.9 -999.9 365
sta5 2014 9 21 264 12.6 20.1 7.7 1.5 3.8 -999.9 -999.9 365
sta5 2014 9 22 265 9.1 18.4 14 2 0 -999.9 -999.9 365
sta5 2014 9 23 266 8.4 18.1 16.8 2.2 0.2 -999.9 -999.9 365
sta5 2014 9 24 267 6.6 19.1 16.3 2.1 1.6 -999.9 -999.9 365
sta5 2014 9 25 268 6.4 20 16.1 1.9 0 -999.9 -999.9 365
sta5 2014 9 26 269 6.6 22.1 16.9 2 0 -999.9 -999.9 365
sta5 2014 9 27 270 9 23.8 16.4 2.4 0 -999.9 -999.9 365
sta5 2014 9 28 271 9.9 23.7 14 2.2 0.8 -999.9 -999.9 365
sta5 2014 9 29 272 13.6 21.5 6.7 1.4 0.6 -999.9 -999.9 365
sta5 2014 9 30 273 11.8 23.4 14.3 2 0.2 -999.9 -999.9 365
sta5 2014 10 1 274 9.1 23 12.5 1.8 0 -999.9 -999.9 365
sta5 2014 10 2 275 8.9 23.8 12.4 1.7 0 -999.9 -999.9 365
sta5 2014 10 3 276 8.8 24.1 14.5 1.9 0 -999.9 -999.9 365
sta5 2014 10 4 277 9.2 23.7 12.3 2.1 5.4 -999.9 -999.9 365
sta5 2014 10 5 278 9.7 15.9 8 1.5 0 -999.9 -999.9 365
sta5 2014 10 6 279 5.7 13.8 4.4 0.5 11 -999.9 -999.9 365
sta5 2014 10 7 280 12.5 16 6.5 1.4 12.8 -999.9 -999.9 365
sta5 2014 10 8 281 11.6 21.2 6.9 1.4 22.8 -999.9 -999.9 365
sta5 2014 10 9 282 13.9 18.2 6.3 1.4 2.4 -999.9 -999.9 365
sta5 2014 10 10 283 11.1 16.7 6.8 0.9 1 -999.9 -999.9 365
sta5 2014 10 11 284 12.7 17.9 11.4 1.5 0 -999.9 -999.9 365
sta5 2014 10 12 285 10.4 16.5 4.5 0.8 5.2 -999.9 -999.9 365
sta5 2014 10 13 286 13.1 17.8 12 2.1 0.2 -999.9 -999.9 365
sta5 2014 10 14 287 5.7 18.2 13.2 1 0 -999.9 -999.9 365
sta5 2014 10 15 288 10.7 16.2 4.7 0.7 1.6 -999.9 -999.9 365
sta5 2014 10 16 289 13.3 18.2 5.4 1 13 -999.9 -999.9 365
sta5 2014 10 17 290 13 18.6 6.5 1.1 0.2 -999.9 -999.9 365
sta5 2014 10 18 291 12.6 23.9 12.2 1.6 0.2 -999.9 -999.9 365
sta5 2014 10 19 292 12.9 23.4 11.9 1.5 0 -999.9 -999.9 365
sta5 2014 10 20 293 12 18 5.8 0.8 2 -999.9 -999.9 365
sta5 2014 10 21 294 10.5 16.7 6.9 1.6 0.8 -999.9 -999.9 365
sta5 2014 10 22 295 5.8 13.5 7.4 0.9 0 -999.9 -999.9 365
sta5 2014 10 23 296 8.6 13.6 5.1 0.7 0 -999.9 -999.9 365
sta5 2014 10 24 297 9.7 15.4 5.9 0.9 0 -999.9 -999.9 365
sta5 2014 10 25 298 8.9 15.4 3.1 0.3 1.8 -999.9 -999.9 365
sta5 2014 10 26 299 11.3 17.5 6.7 0.8 0.2 -999.9 -999.9 365
sta5 2014 10 27 300 4.6 18.7 9.6 0.6 0.2 -999.9 -999.9 365
sta5 2014 10 28 301 7.7 12.8 4.1 0.4 0.4 -999.9 -999.9 365
sta5 2014 10 29 302 4.6 18.5 8.8 0.4 0.2 -999.9 -999.9 365
sta5 2014 10 30 303 7.7 19.1 8.5 0.7 0.2 -999.9 -999.9 365
sta5 2014 10 31 304 7.4 23.1 8.8 0.9 0.2 -999.9 -999.9 365
sta5 2014 11 1 305 8.6 19.6 9.2 0.6 0 -999.9 -999.9 365
sta5 2014 11 2 306 10.5 17.7 5.7 0.6 2 -999.9 -999.9 365
sta5 2014 11 3 307 10.1 14.8 3.1 0.9 11.4 -999.9 -999.9 365
sta5 2014 11 4 308 7.1 12.8 6.1 0.4 0.4 -999.9 -999.9 365
sta5 2014 11 5 309 2.6 11.6 8.5 0.2 0.2 -999.9 -999.9 365
sta5 2014 11 6 310 0.5 11.3 9.1 0 1.6 -999.9 -999.9 365
sta5 2014 11 7 311 6.6 14.4 7.3 0.9 0.6 -999.9 -999.9 365
sta5 2014 11 8 312 6.6 14.3 6.3 0.5 0.6 -999.9 -999.9 365
sta5 2014 11 9 313 8.5 13 4 0.6 0.4 -999.9 -999.9 365
sta5 2014 11 10 314 2.9 11.4 5.1 0.2 0.2 -999.9 -999.9 365
sta5 2014 11 11 315 4.5 14.1 6.3 0.4 0.4 -999.9 -999.9 365
sta5 2014 11 12 316 7.3 14.1 6.9 0.4 0.2 -999.9 -999.9 365
sta5 2014 11 13 317 4.2 14.2 5.5 0.3 0.2 -999.9 -999.9 365
sta5 2014 11 14 318 9.1 12.1 2.1 0.4 5 -999.9 -999.9 365
sta5 2014 11 15 319 9 12.7 5.7 0.3 0.6 -999.9 -999.9 365
sta5 2014 11 16 320 7.3 10.3 2.5 0.3 7.2 -999.9 -999.9 365
sta5 2014 11 17 321 6.6 10 2.5 0.2 2 -999.9 -999.9 365
sta5 2014 11 18 322 7.3 10.1 2.7 0.3 1.4 -999.9 -999.9 365
sta5 2014 11 19 323 4.6 8.5 2.4 0.1 0.2 -999.9 -999.9 365
sta5 2014 11 20 324 5.5 8.6 3.5 0.1 0 -999.9 -999.9 365
sta5 2014 11 21 325 4.2 12.3 5 0 0.4 -999.9 -999.9 365
sta5 2014 11 22 326 5.7 15.7 5.9 0 0 -999.9 -999.9 365
sta5 2014 11 23 327 7.4 17.2 5.3 0.1 0.2 -999.9 -999.9 365
sta5 2014 11 24 328 9.8 10.5 0.9 0.1 0.2 -999.9 -999.9 365
sta5 2014 11 25 329 9.1 11.3 1.4 0.1 14 -999.9 -999.9 365
sta5 2014 11 26 330 10.6 13.1 2.2 0.3 0 -999.9 -999.9 365
sta5 2014 11 27 331 6.8 13.2 5.7 0 0.4 -999.9 -999.9 365
sta5 2014 11 28 332 8.3 14.5 3.3 0.4 0.2 -999.9 -999.9 365
sta5 2014 11 29 333 6.2 11.5 3.4 0.2 0 -999.9 -999.9 365
sta5 2014 11 30 334 3.2 8 1.6 0.3 0.8 -999.9 -999.9 365
sta5 2014 12 1 335 2.9 8.1 0.7 0.2 0.2 -999.9 -999.9 365
sta5 2014 12 2 336 2.2 4.1 0.8 0 1.2 -999.9 -999.9 365
sta5 2014 12 3 337 1.8 3.1 1.2 0 0.2 -999.9 -999.9 365
sta5 2014 12 4 338 2.1 3.9 0.7 0 1 -999.9 -999.9 365
sta5 2014 12 5 339 3.1 4.9 1.3 0.1 0.2 -999.9 -999.9 365
sta5 2014 12 6 340 2.2 6.7 5.4 0 0 -999.9 -999.9 365
sta5 2014 12 7 341 -1.5 5.5 3.4 0 1.2 -999.9 -999.9 365
sta5 2014 12 8 342 1.1 6.6 2.9 0 2.8 -999.9 -999.9 365
sta5 2014 12 9 343 -1.2 7.3 5.8 0 0.4 -999.9 -999.9 365
sta5 2014 12 10 344 1.6 9.8 1.4 0 0.6 -999.9 -999.9 365
sta5 2014 12 11 345 4.4 9.9 2.8 0.3 0 -999.9 -999.9 365
sta5 2014 12 12 346 7.6 10.6 1.2 0.3 3 -999.9 -999.9 365
sta5 2014 12 13 347 3.8 8.4 0.9 0.1 7 -999.9 -999.9 365
sta5 2014 12 14 348 0.1 5.7 5 0 0.2 -999.9 -999.9 365
sta5 2014 12 15 349 -2 6 2.1 0 1.6 -999.9 -999.9 365
sta5 2014 12 16 350 5 8.6 2.8 0 4.6 -999.9 -999.9 365
sta5 2014 12 17 351 5.4 12.3 0.6 0 2.2 -999.9 -999.9 365
sta5 2014 12 18 352 11 12.3 1.8 0.3 0.6 -999.9 -999.9 365
sta5 2014 12 19 353 9.9 11.8 1.3 0.5 4 -999.9 -999.9 365
sta5 2014 12 20 354 3 8.2 1.9 0.1 0 -999.9 -999.9 365
sta5 2014 12 21 355 6.6 8 1.3 0.4 0 -999.9 -999.9 365
sta5 2014 12 22 356 7.2 9.6 2 0.4 0.2 -999.9 -999.9 365
sta5 2014 12 23 357 4.6 7.5 1.5 0.2 0 -999.9 -999.9 365
sta5 2014 12 24 358 4.5 9.5 1.5 0 1.2 -999.9 -999.9 365
sta5 2014 12 25 359 2.2 9 4.2 0 0.6 -999.9 -999.9 365
sta5 2014 12 26 360 -0.6 9.7 2.7 0.1 7.6 -999.9 -999.9 365
sta5 2014 12 27 361 4.1 7.6 3.2 0.7 0 -999.9 -999.9 365
sta5 2014 12 28 362 -1.8 0.7 2.3 0.4 0 -999.9 -999.9 365
sta5 2014 12 29 363 -6.3 3.8 5 0 0 -999.9 -999.9 365
sta5 2014 12 30 364 -1.6 1.9 2.2 0 0.2 -999.9 -999.9 365
sta5 2014 12 31 365 -0.8 7 5.5 0 0 -999.9 -999.9 365
