sta5 2015 1 1 1 -4.5 5.4 7 0 0.2 -999.9 -999.9 365
sta5 2015 1 2 2 -0.3 7 1.1 0 0 -999.9 -999.9 365
sta5 2015 1 3 3 1.8 12.4 1 0 3 -999.9 -999.9 365
sta5 2015 1 4 4 3.5 5.9 1.5 0 0 -999.9 -999.9 365
sta5 2015 1 5 5 0.3 5.7 4.1 0 0 -999.9 -999.9 365
sta5 2015 1 6 6 -1.3 4.8 1.4 0 0.2 -999.9 -999.9 365
sta5 2015 1 7 7 1.1 9 1.9 0.1 0.2 -999.9 -999.9 365
sta5 2015 1 8 8 3.8 11.1 1.4 0 2.2 -999.9 -999.9 365
sta5 2015 1 9 9 4.7 13 2.2 0 1.4 -999.9 -999.9 365
sta5 2015 1 10 10 11 12.4 2.4 0.5 2.8 -999.9 -999.9 365
sta5 2015 1 11 11 3.7 8.6 6.5 0 0 -999.9 -999.9 365
sta5 2015 1 12 12 4.4 9.1 5.2 0.2 0 -999.9 -999.9 365
sta5 2015 1 13 13 5.1 9.9 1.9 0.4 4.6 -999.9 -999.9 365
sta5 2015 1 14 14 5.5 9.8 4.6 0.4 3.4 -999.9 -999.9 365
sta5 2015 1 15 15 6.9 10.3 1.5 0.8 5.8 -999.9 -999.9 365
sta5 2015 1 16 16 4.9 7.8 3.6 0.2 0.8 -999.9 -999.9 365
sta5 2015 1 17 17 -0.1 4.8 6.4 0 0 -999.9 -999.9 365
sta5 2015 1 18 18 -0.2 7.4 6.8 0 0.2 -999.9 -999.9 365
sta5 2015 1 19 19 0.3 2.4 1.4 0.1 0.8 -999.9 -999.9 365
sta5 2015 1 20 20 -4.4 2.9 5.5 0 0 -999.9 -999.9 365
sta5 2015 1 21 21 -1.5 5 7 0 0.2 -999.9 -999.9 365
sta5 2015 1 22 22 -1.1 2.9 5.6 0 0 -999.9 -999.9 365
sta5 2015 1 23 23 -2.2 -0.9 0.9 0 0 -999.9 -999.9 365
sta5 2015 1 24 24 -1.9 6.5 6.4 0.1 1.2 -999.9 -999.9 365
sta5 2015 1 25 25 -3 6.7 5.9 0 0 -999.9 -999.9 365
sta5 2015 1 26 26 1.7 7.9 1.5 0 1.2 -999.9 -999.9 365
sta5 2015 1 27 27 0.8 7.5 4.2 0.1 0 -999.9 -999.9 365
sta5 2015 1 28 28 3 8.7 2.3 0.3 4 -999.9 -999.9 365
sta5 2015 1 29 29 4.3 6.3 1.8 0.5 3.6 -999.9 -999.9 365
sta5 2015 1 30 30 0.5 5.8 3.7 0.6 2.8 -999.9 -999.9 365
sta5 2015 1 31 31 0.2 6.2 7 0.1 0.6 -999.9 -999.9 365
sta5 2015 2 1 32 0.3 4.8 3.7 0.4 1.4 -999.9 -999.9 365
sta5 2015 2 2 33 0.6 4.7 6.3 0.3 0 -999.9 -999.9 365
sta5 2015 2 3 34 -1.9 1.6 2.3 0.2 1.4 -999.9 -999.9 365
sta5 2015 2 4 35 -1.1 3.4 5.8 0.4 0.2 -999.9 -999.9 365
sta5 2015 2 5 36 -0.6 3.9 8.1 0.4 0 -999.9 -999.9 365
sta5 2015 2 6 37 -1.7 2.2 7.5 0.7 0 -999.9 -999.9 365
sta5 2015 2 7 38 -3.3 5.2 9.8 0.6 0 -999.9 -999.9 365
sta5 2015 2 8 39 0.4 7 4.8 0.5 0 -999.9 -999.9 365
sta5 2015 2 9 40 -1.5 6.5 7.5 0.2 0 -999.9 -999.9 365
sta5 2015 2 10 41 1.2 5.3 2.9 0.5 0 -999.9 -999.9 365
sta5 2015 2 11 42 -1.5 5.3 7.9 0.3 0 -999.9 -999.9 365
sta5 2015 2 12 43 -4.8 10 9.2 0.2 0.2 -999.9 -999.9 365
sta5 2015 2 13 44 0.2 12 7.8 0.7 4.6 -999.9 -999.9 365
sta5 2015 2 14 45 5.5 8 4.2 0.6 7.2 -999.9 -999.9 365
sta5 2015 2 15 46 4 7.7 3.6 0.4 0.4 -999.9 -999.9 365
sta5 2015 2 16 47 -0.8 6.6 5 0.3 0.8 -999.9 -999.9 365
sta5 2015 2 17 48 2.5 7.7 4.9 0.5 0 -999.9 -999.9 365
sta5 2015 2 18 49 0.2 4.8 4.9 0.3 0 -999.9 -999.9 365
sta5 2015 2 19 50 -2.9 6.2 6.5 0.3 0.2 -999.9 -999.9 365
sta5 2015 2 20 51 3.8 8.4 3.2 0.7 6.2 -999.9 -999.9 365
sta5 2015 2 21 52 0.8 6.5 6 0.6 0.6 -999.9 -999.9 365
sta5 2015 2 22 53 -2 8.7 12.1 0.6 2 -999.9 -999.9 365
sta5 2015 2 23 54 4.1 11.5 7.4 1.2 2.4 -999.9 -999.9 365
sta5 2015 2 24 55 1 8.6 8.3 0.9 0.4 -999.9 -999.9 365
sta5 2015 2 25 56 1.6 8.4 3.4 0.3 1.2 -999.9 -999.9 365
sta5 2015 2 26 57 5.4 11.8 3.8 0.4 6.8 -999.9 -999.9 365
sta5 2015 2 27 58 3 8.7 10.5 1.2 0 -999.9 -999.9 365
sta5 2015 2 28 59 -1.3 10.7 8.2 0.8 3.8 -999.9 -999.9 365
sta5 2015 3 1 60 6.2 12 5.2 0.5 0.6 -999.9 -999.9 365
sta5 2015 3 2 61 5.1 11.4 12.5 1.8 0 -999.9 -999.9 365
sta5 2015 3 3 62 2.5 11 7.7 1 1.6 -999.9 -999.9 365
sta5 2015 3 4 63 0.5 8.9 11.9 1.1 0.2 -999.9 -999.9 365
sta5 2015 3 5 64 -0.7 10.5 15.1 1 0 -999.9 -999.9 365
sta5 2015 3 6 65 -1.2 12.1 14.8 1 0 -999.9 -999.9 365
sta5 2015 3 7 66 -1.4 16 13.3 1.3 0 -999.9 -999.9 365
sta5 2015 3 8 67 -0.4 19.4 15.2 1.4 0 -999.9 -999.9 365
sta5 2015 3 9 68 4.8 12.8 8.8 0.9 0 -999.9 -999.9 365
sta5 2015 3 10 69 5.2 12.9 5.6 0.7 0.6 -999.9 -999.9 365
sta5 2015 3 11 70 6.4 15.4 12.5 1.6 0 -999.9 -999.9 365
sta5 2015 3 12 71 1.6 15.7 16.6 1.9 0 -999.9 -999.9 365
sta5 2015 3 13 72 2.7 11.5 8 1.2 3.4 -999.9 -999.9 365
sta5 2015 3 14 73 0.7 8.3 8.3 1.1 0 -999.9 -999.9 365
sta5 2015 3 15 74 4 7.8 5 0.9 0 -999.9 -999.9 365
sta5 2015 3 16 75 1.8 13.3 11.5 1.3 0 -999.9 -999.9 365
sta5 2015 3 17 76 1.1 16.8 17.1 1.7 0 -999.9 -999.9 365
sta5 2015 3 18 77 4 17.1 12.2 1.8 0 -999.9 -999.9 365
sta5 2015 3 19 78 3.3 10.8 10.1 1.4 0 -999.9 -999.9 365
sta5 2015 3 20 79 6.1 12.2 6.3 1.4 0 -999.9 -999.9 365
sta5 2015 3 21 80 2.9 11.4 9 1.5 0 -999.9 -999.9 365
sta5 2015 3 22 81 4.3 10.8 7.5 1.6 0 -999.9 -999.9 365
sta5 2015 3 23 82 -0.3 14.7 18.2 1.9 0 -999.9 -999.9 365
sta5 2015 3 24 83 4.3 6.1 2.3 0.4 11 -999.9 -999.9 365
sta5 2015 3 25 84 0.6 9.1 11.2 1.2 1.8 -999.9 -999.9 365
sta5 2015 3 26 85 -2.1 9.5 6.6 0.6 1 -999.9 -999.9 365
sta5 2015 3 27 86 1.3 11.2 15.1 1.5 0.8 -999.9 -999.9 365
sta5 2015 3 28 87 6.7 14.4 8 1.2 0.2 -999.9 -999.9 365
sta5 2015 3 29 88 9.6 12.5 3.6 1 2.6 -999.9 -999.9 365
sta5 2015 3 30 89 11 13.5 11.5 2.2 0.4 -999.9 -999.9 365
sta5 2015 3 31 90 9.9 13.9 14.4 3.5 0.4 -999.9 -999.9 365
sta5 2015 4 1 91 3.4 11.8 16.1 2.3 0 -999.9 -999.9 365
sta5 2015 4 2 92 4.6 13.8 9.9 1.4 0.2 -999.9 -999.9 365
sta5 2015 4 3 93 7.1 10.5 3.9 0.5 6.2 -999.9 -999.9 365
sta5 2015 4 4 94 7.1 12.7 8 1.6 0.2 -999.9 -999.9 365
sta5 2015 4 5 95 1.1 10.8 19.2 2.3 0 -999.9 -999.9 365
sta5 2015 4 6 96 0.8 13.9 22.1 2.6 0 -999.9 -999.9 365
sta5 2015 4 7 97 2.8 15.6 23 3 0 -999.9 -999.9 365
sta5 2015 4 8 98 1.6 18.1 23.2 3.2 0 -999.9 -999.9 365
sta5 2015 4 9 99 0.9 22.2 22.8 3.1 0 -999.9 -999.9 365
sta5 2015 4 10 100 2 20.3 19.5 2.9 0.2 -999.9 -999.9 365
sta5 2015 4 11 101 9.6 16.2 11.6 2.4 0 -999.9 -999.9 365
sta5 2015 4 12 102 7.9 19.6 21.5 3.1 0 -999.9 -999.9 365
sta5 2015 4 13 103 3.9 21.4 23.5 3.2 0 -999.9 -999.9 365
sta5 2015 4 14 104 4.5 26.2 23.6 3.6 0 -999.9 -999.9 365
sta5 2015 4 15 105 4.7 27.7 22.3 3.5 0 -999.9 -999.9 365
sta5 2015 4 16 106 8.6 20.7 12.3 2.4 0 -999.9 -999.9 365
sta5 2015 4 17 107 8.1 16.4 7.6 1.4 14.4 -999.9 -999.9 365
sta5 2015 4 18 108 7.8 15.6 24.4 3.9 0 -999.9 -999.9 365
sta5 2015 4 19 109 4.2 18.1 25.5 3.9 0 -999.9 -999.9 365
sta5 2015 4 20 110 3.3 21.5 24.8 3.7 0 -999.9 -999.9 365
sta5 2015 4 21 111 5.7 22.2 25.3 4.1 0 -999.9 -999.9 365
sta5 2015 4 22 112 8.2 23.7 24.9 4.6 0 -999.9 -999.9 365
sta5 2015 4 23 113 6.7 21.3 25.8 4 0 -999.9 -999.9 365
sta5 2015 4 24 114 4.7 15.7 9 1.2 0 -999.9 -999.9 365
sta5 2015 4 25 115 10.6 19.1 15.1 2.6 3 -999.9 -999.9 365
sta5 2015 4 26 116 6.3 14.5 6.4 0.8 14.2 -999.9 -999.9 365
sta5 2015 4 27 117 8.7 14.4 18.6 3.4 0 -999.9 -999.9 365
sta5 2015 4 28 118 1 13.1 19.5 2.4 0 -999.9 -999.9 365
sta5 2015 4 29 119 3 15.3 20.2 2.8 0.2 -999.9 -999.9 365
sta5 2015 4 30 120 6.1 11.7 7.3 1 25.6 -999.9 -999.9 365
sta5 2015 5 1 121 10.2 12.5 5.1 0.8 5.6 -999.9 -999.9 365
sta5 2015 5 2 122 10.4 14.6 5.4 0.9 15 -999.9 -999.9 365
sta5 2015 5 3 123 12.5 18.8 11.7 2.3 5.2 -999.9 -999.9 365
sta5 2015 5 4 124 9.6 18.6 10.2 1.6 6.2 -999.9 -999.9 365
sta5 2015 5 5 125 13.8 17.4 20.5 4.6 0.2 -999.9 -999.9 365
sta5 2015 5 6 126 6.8 16.7 21.8 3.7 0.6 -999.9 -999.9 365
sta5 2015 5 7 127 4.8 16.8 20.3 2.9 0 -999.9 -999.9 365
sta5 2015 5 8 128 8 20.2 15.9 2.8 0.4 -999.9 -999.9 365
sta5 2015 5 9 129 12.6 19.6 25.6 4.7 0 -999.9 -999.9 365
sta5 2015 5 10 130 5.9 23.4 27.7 4.2 0 -999.9 -999.9 365
sta5 2015 5 11 131 8.8 27.5 23.1 4.1 0 -999.9 -999.9 365
sta5 2015 5 12 132 11.5 21.3 22.7 4 0 -999.9 -999.9 365
sta5 2015 5 13 133 9.2 23.6 21.1 3.8 0 -999.9 -999.9 365
sta5 2015 5 14 134 11.7 17.3 13.6 3 3 -999.9 -999.9 365
sta5 2015 5 15 135 4.9 16.2 19.9 2.9 0 -999.9 -999.9 365
sta5 2015 5 16 136 5.4 17.3 14.5 2.3 0 -999.9 -999.9 365
sta5 2015 5 17 137 6.7 19.4 29.7 4.3 0.2 -999.9 -999.9 365
sta5 2015 5 18 138 4.1 19.6 24.3 3.7 0.6 -999.9 -999.9 365
sta5 2015 5 19 139 5.9 15.8 21.7 3.6 1 -999.9 -999.9 365
sta5 2015 5 20 140 3.8 14.4 23 3.2 0.8 -999.9 -999.9 365
sta5 2015 5 21 141 2.3 17.7 22.1 3.2 0 -999.9 -999.9 365
sta5 2015 5 22 142 3.4 19.3 27.7 3.9 0 -999.9 -999.9 365
sta5 2015 5 23 143 7.4 21.6 23.5 3.9 0 -999.9 -999.9 365
sta5 2015 5 24 144 11 21.4 21.4 3.9 0 -999.9 -999.9 365
sta5 2015 5 25 145 12.5 21.3 20.3 4.2 1.2 -999.9 -999.9 365
sta5 2015 5 26 146 8.6 18.9 19.1 3.5 0 -999.9 -999.9 365
sta5 2015 5 27 147 5.3 21.3 28.4 4.2 0 -999.9 -999.9 365
sta5 2015 5 28 148 8 20.6 25.2 4 0 -999.9 -999.9 365
sta5 2015 5 29 149 10.1 19.6 24 4.5 0 -999.9 -999.9 365
sta5 2015 5 30 150 11.2 19.6 25 4.5 0.2 -999.9 -999.9 365
sta5 2015 5 31 151 10.9 19.6 10.6 2.5 2 -999.9 -999.9 365
sta5 2015 6 1 152 9.3 18 23.9 4.1 0.2 -999.9 -999.9 365
sta5 2015 6 2 153 10.3 24.4 26.7 5.7 0 -999.9 -999.9 365
sta5 2015 6 3 154 13.5 23.3 21.2 4.4 0 -999.9 -999.9 365
sta5 2015 6 4 155 9.9 28.6 29.8 5.5 0 -999.9 -999.9 365
sta5 2015 6 5 156 15.6 32.3 28.9 6.7 0 -999.9 -999.9 365
sta5 2015 6 6 157 11.9 22.4 25.3 5 0 -999.9 -999.9 365
sta5 2015 6 7 158 9.1 22.4 28 5.3 0 -999.9 -999.9 365
sta5 2015 6 8 159 9.1 21.5 31 5.8 0 -999.9 -999.9 365
sta5 2015 6 9 160 9.9 20.7 26.3 5.2 0 -999.9 -999.9 365
sta5 2015 6 10 161 11.6 20.8 13.2 3.2 0.2 -999.9 -999.9 365
sta5 2015 6 11 162 14.5 29 24.4 5.1 0 -999.9 -999.9 365
sta5 2015 6 12 163 16.6 23.7 20.4 4.5 0.2 -999.9 -999.9 365
sta5 2015 6 13 164 11.7 25 26.3 4.8 0 -999.9 -999.9 365
sta5 2015 6 14 165 14 19.5 9.4 2.5 1 -999.9 -999.9 365
sta5 2015 6 15 166 13.6 22 14.1 3.2 0 -999.9 -999.9 365
sta5 2015 6 16 167 10.8 22 25.9 5 0 -999.9 -999.9 365
sta5 2015 6 17 168 8.6 24.8 29.2 5.2 0 -999.9 -999.9 365
sta5 2015 6 18 169 12.3 21.5 12.1 2.6 0 -999.9 -999.9 365
sta5 2015 6 19 170 8.9 23.1 27.8 5 0 -999.9 -999.9 365
sta5 2015 6 20 171 7.2 22.9 23.5 3.9 0 -999.9 -999.9 365
sta5 2015 6 21 172 13.8 24.1 23.7 4.9 0 -999.9 -999.9 365
sta5 2015 6 22 173 8.3 22.9 15.6 3.5 0.4 -999.9 -999.9 365
sta5 2015 6 23 174 5.7 20.5 22.3 3.7 0 -999.9 -999.9 365
sta5 2015 6 24 175 5.3 25.2 30.2 4.9 0 -999.9 -999.9 365
sta5 2015 6 25 176 10.3 28.8 28.7 5.4 0 -999.9 -999.9 365
sta5 2015 6 26 177 12.3 31.9 27 6 0 -999.9 -999.9 365
sta5 2015 6 27 178 14.7 26.4 25.7 5.5 0 -999.9 -999.9 365
sta5 2015 6 28 179 10.9 30.4 29.9 6.1 0 -999.9 -999.9 365
sta5 2015 6 29 180 11.7 29.6 29.7 5.7 0 -999.9 -999.9 365
sta5 2015 6 30 181 15.1 34.6 30.4 7 0 -999.9 -999.9 365
sta5 2015 7 1 182 17 37.1 27.8 7.3 0 -999.9 -999.9 365
sta5 2015 7 2 183 18.1 33.2 24.9 6.2 0 -999.9 -999.9 365
sta5 2015 7 3 184 17.4 36.8 26.1 6.8 0 -999.9 -999.9 365
sta5 2015 7 4 185 18.7 31.9 20.7 5.2 2 -999.9 -999.9 365
sta5 2015 7 5 186 17.3 27.6 19.7 5 0.8 -999.9 -999.9 365
sta5 2015 7 6 187 11.2 30.9 30.2 5.8 0 -999.9 -999.9 365
sta5 2015 7 7 188 14.4 27.3 17.2 4.6 0 -999.9 -999.9 365
sta5 2015 7 8 189 12 22.2 18.9 4.4 0 -999.9 -999.9 365
sta5 2015 7 9 190 8.7 24.2 28.9 5.2 0 -999.9 -999.9 365
sta5 2015 7 10 191 10.2 29.9 30.8 6.4 0 -999.9 -999.9 365
sta5 2015 7 11 192 11.3 27.6 29.8 6 0 -999.9 -999.9 365
sta5 2015 7 12 193 10.5 25.8 21.6 4.4 0 -999.9 -999.9 365
sta5 2015 7 13 194 13.9 26.1 25.7 5.3 0 -999.9 -999.9 365
sta5 2015 7 14 195 14.1 25.6 20.1 4.3 0 -999.9 -999.9 365
sta5 2015 7 15 196 11.1 31.7 29 5.7 0 -999.9 -999.9 365
sta5 2015 7 16 197 17.1 37.1 23.9 6.9 0 -999.9 -999.9 365
sta5 2015 7 17 198 16.7 29.6 23.4 5.9 0 -999.9 -999.9 365
sta5 2015 7 18 199 15.6 29.9 24.4 5.3 3.6 -999.9 -999.9 365
sta5 2015 7 19 200 15.8 25.6 13.1 3.5 0 -999.9 -999.9 365
sta5 2015 7 20 201 18.1 26.1 11.1 3.4 0.2 -999.9 -999.9 365
sta5 2015 7 21 202 15.1 29.9 23.2 5.1 0 -999.9 -999.9 365
sta5 2015 7 22 203 18.4 27.8 23 5.5 0 -999.9 -999.9 365
sta5 2015 7 23 204 16.1 26 19.4 4.4 0 -999.9 -999.9 365
sta5 2015 7 24 205 14.4 26.4 14.6 4.5 0 -999.9 -999.9 365
sta5 2015 7 25 206 14.9 23 18.2 5.4 0 -999.9 -999.9 365
sta5 2015 7 26 207 9.4 19.9 8.9 2.5 2.8 -999.9 -999.9 365
sta5 2015 7 27 208 14.3 23.7 18.6 5.4 0 -999.9 -999.9 365
sta5 2015 7 28 209 12.4 19.7 14.3 3.6 4.4 -999.9 -999.9 365
sta5 2015 7 29 210 10.7 21.7 24.1 4.6 0 -999.9 -999.9 365
sta5 2015 7 30 211 5.7 22.2 24.2 4.1 0 -999.9 -999.9 365
sta5 2015 7 31 212 8.4 22.9 22.1 4.3 0 -999.9 -999.9 365
sta5 2015 8 1 213 12.9 26 22.2 5 0 -999.9 -999.9 365
sta5 2015 8 2 214 7.4 31.1 27.5 5.5 0 -999.9 -999.9 365
sta5 2015 8 3 215 14 33.9 26 6.2 0.2 -999.9 -999.9 365
sta5 2015 8 4 216 17.1 25.2 25.6 5.8 0 -999.9 -999.9 365
sta5 2015 8 5 217 11.2 30.6 24.6 5.1 0 -999.9 -999.9 365
sta5 2015 8 6 218 13.9 30.1 26.2 5.6 0 -999.9 -999.9 365
sta5 2015 8 7 219 14.3 28.6 16 4.1 1 -999.9 -999.9 365
sta5 2015 8 8 220 16.1 24.5 7.6 2.4 4.2 -999.9 -999.9 365
sta5 2015 8 9 221 16.3 24.5 9.2 2.4 0 -999.9 -999.9 365
sta5 2015 8 10 222 11.7 29 24.5 4.6 0 -999.9 -999.9 365
sta5 2015 8 11 223 16.5 29.4 17.7 4.3 0 -999.9 -999.9 365
sta5 2015 8 12 224 19 33 19.7 5.1 0 -999.9 -999.9 365
sta5 2015 8 13 225 19.5 26.9 12.7 3.9 9.2 -999.9 -999.9 365
sta5 2015 8 14 226 16 24.1 14.8 3.8 6 -999.9 -999.9 365
sta5 2015 8 15 227 13.4 19.9 15.4 3.6 0 -999.9 -999.9 365
sta5 2015 8 16 228 6.7 21.8 22.3 3.5 0 -999.9 -999.9 365
sta5 2015 8 17 229 12.1 21.5 12.4 2.8 0 -999.9 -999.9 365
sta5 2015 8 18 230 10.9 23.2 19.3 3.6 0 -999.9 -999.9 365
sta5 2015 8 19 231 8.5 25.9 18.1 3.5 0 -999.9 -999.9 365
sta5 2015 8 20 232 14.3 26.7 15.9 3.4 0 -999.9 -999.9 365
sta5 2015 8 21 233 15.3 30.7 23.5 4.9 0 -999.9 -999.9 365
sta5 2015 8 22 234 16.4 31.8 23.2 5.8 0.4 -999.9 -999.9 365
sta5 2015 8 23 235 15.8 22.9 16.1 3.9 6.6 -999.9 -999.9 365
sta5 2015 8 24 236 14.7 19.6 13 4 0.6 -999.9 -999.9 365
sta5 2015 8 25 237 8.1 22.4 12.3 2.7 0 -999.9 -999.9 365
sta5 2015 8 26 238 13.2 30.5 18.4 5.2 5.8 -999.9 -999.9 365
sta5 2015 8 27 239 13.5 14.7 2.6 0.4 38.4 -999.9 -999.9 365
sta5 2015 8 28 240 14 21.5 12.7 2.3 0 -999.9 -999.9 365
sta5 2015 8 29 241 14.9 31.9 21.6 4.3 0 -999.9 -999.9 365
sta5 2015 8 30 242 18.2 33.5 20.8 5 0 -999.9 -999.9 365
sta5 2015 8 31 243 17.8 29.5 15.6 4.2 10.4 -999.9 -999.9 365
sta5 2015 9 1 244 14.9 21.7 14.2 3.1 0.4 -999.9 -999.9 365
sta5 2015 9 2 245 9.7 21.1 19.5 3.2 0 -999.9 -999.9 365
sta5 2015 9 3 246 8.6 19.8 18.8 3 0 -999.9 -999.9 365
sta5 2015 9 4 247 10.7 17.3 9.5 2.1 0.4 -999.9 -999.9 365
sta5 2015 9 5 248 9 20.4 13.8 2.5 0 -999.9 -999.9 365
sta5 2015 9 6 249 11.9 18.2 20 3.3 0 -999.9 -999.9 365
sta5 2015 9 7 250 7.3 20.8 18.5 2.9 0 -999.9 -999.9 365
sta5 2015 9 8 251 9.7 20.2 13.6 2.5 0 -999.9 -999.9 365
sta5 2015 9 9 252 9.5 23.9 21 3.5 0 -999.9 -999.9 365
sta5 2015 9 10 253 9.7 24.2 20.6 3.4 0 -999.9 -999.9 365
sta5 2015 9 11 254 5.7 23.6 14.6 2.5 0 -999.9 -999.9 365
sta5 2015 9 12 255 14 19.2 6.2 1.6 9.6 -999.9 -999.9 365
sta5 2015 9 13 256 11.9 18 6.8 1.2 14.8 -999.9 -999.9 365
sta5 2015 9 14 257 11.9 16.8 14.2 2.6 4.2 -999.9 -999.9 365
sta5 2015 9 15 258 11.4 18 12.7 2.4 4 -999.9 -999.9 365
sta5 2015 9 16 259 13.3 17.8 2.9 0.9 38.8 -999.9 -999.9 365
sta5 2015 9 17 260 13.5 18.4 9.4 2.2 2 -999.9 -999.9 365
sta5 2015 9 18 261 10.3 17.9 10.8 1.7 13.2 -999.9 -999.9 365
sta5 2015 9 19 262 10.8 18.6 12.1 1.8 0.2 -999.9 -999.9 365
sta5 2015 9 20 263 6.9 18.6 18 2.1 0 -999.9 -999.9 365
sta5 2015 9 21 264 4.8 19.1 15.2 1.7 0.2 -999.9 -999.9 365
sta5 2015 9 22 265 11 17.2 9.7 2.2 3.6 -999.9 -999.9 365
sta5 2015 9 23 266 7.3 18.1 14.8 2 0.2 -999.9 -999.9 365
sta5 2015 9 24 267 7.1 15.7 6.1 0.7 0 -999.9 -999.9 365
sta5 2015 9 25 268 11.6 18.9 13 1.9 0.2 -999.9 -999.9 365
sta5 2015 9 26 269 8 18.2 16.4 2.2 0 -999.9 -999.9 365
sta5 2015 9 27 270 8.6 19.6 16.1 2.4 0 -999.9 -999.9 365
sta5 2015 9 28 271 7.4 18.9 17.4 2.4 0 -999.9 -999.9 365
sta5 2015 9 29 272 8.8 18.4 17.1 2.6 0 -999.9 -999.9 365
sta5 2015 9 30 273 7 18.2 16.5 2.2 0 -999.9 -999.9 365
sta5 2015 10 1 274 6.4 16.4 16.4 2.1 0 -999.9 -999.9 365
sta5 2015 10 2 275 6.2 21 15.9 2 0 -999.9 -999.9 365
sta5 2015 10 3 276 10.8 21.3 12.3 2 0 -999.9 -999.9 365
sta5 2015 10 4 277 9.3 14.9 5.4 0.8 2.2 -999.9 -999.9 365
sta5 2015 10 5 278 11.7 17.2 2 0.2 28 -999.9 -999.9 365
sta5 2015 10 6 279 13.8 19.9 9.7 1.9 5.2 -999.9 -999.9 365
sta5 2015 10 7 280 10.1 16.2 9.1 1.5 0 -999.9 -999.9 365
sta5 2015 10 8 281 8 15.9 7.7 1 0 -999.9 -999.9 365
sta5 2015 10 9 282 5.6 16.5 13.5 1.3 0.2 -999.9 -999.9 365
sta5 2015 10 10 283 7.3 13.2 6.1 0.7 0 -999.9 -999.9 365
sta5 2015 10 11 284 8.1 14.1 8.2 1 0.2 -999.9 -999.9 365
sta5 2015 10 12 285 8.1 16 9 1.2 0 -999.9 -999.9 365
sta5 2015 10 13 286 5.6 12.9 10.1 1.2 0 -999.9 -999.9 365
sta5 2015 10 14 287 1.9 10 9.6 0.7 0.2 -999.9 -999.9 365
sta5 2015 10 15 288 3.7 6.4 2 0.5 0 -999.9 -999.9 365
sta5 2015 10 16 289 2.3 10.4 1.8 0.1 3.8 -999.9 -999.9 365
sta5 2015 10 17 290 6.3 13.6 5.8 0.7 0 -999.9 -999.9 365
sta5 2015 10 18 291 7 11.5 5 0.6 0.2 -999.9 -999.9 365
sta5 2015 10 19 292 3.6 14.6 11.9 0.7 0 -999.9 -999.9 365
sta5 2015 10 20 293 8 12.8 4.2 0.4 0 -999.9 -999.9 365
sta5 2015 10 21 294 4.7 13.6 7.9 0.7 1 -999.9 -999.9 365
sta5 2015 10 22 295 9.5 13.9 3.6 0.6 0.4 -999.9 -999.9 365
sta5 2015 10 23 296 10.3 13.9 3.8 0.7 0 -999.9 -999.9 365
sta5 2015 10 24 297 6.4 14.9 6 0.6 0 -999.9 -999.9 365
sta5 2015 10 25 298 9.9 14.5 8.1 0.8 0.2 -999.9 -999.9 365
sta5 2015 10 26 299 8.3 18.6 8.4 0.9 0 -999.9 -999.9 365
sta5 2015 10 27 300 9.3 20.9 7.5 1.1 10 -999.9 -999.9 365
sta5 2015 10 28 301 10.1 14.1 4.2 0.7 0.2 -999.9 -999.9 365
sta5 2015 10 29 302 6.4 15.7 5.7 0.6 0 -999.9 -999.9 365
sta5 2015 10 30 303 7.3 17.5 8.8 0.8 0.4 -999.9 -999.9 365
sta5 2015 10 31 304 4.1 19.3 9.5 0.5 0.2 -999.9 -999.9 365
sta5 2015 11 1 305 3.8 19.9 9.9 0.4 0.2 -999.9 -999.9 365
sta5 2015 11 2 306 5.1 14.2 7.1 0.4 0.4 -999.9 -999.9 365
sta5 2015 11 3 307 9.4 16.8 4.8 0.8 5.8 -999.9 -999.9 365
sta5 2015 11 4 308 12.3 16.9 5.2 0.9 0.4 -999.9 -999.9 365
sta5 2015 11 5 309 9.4 17 5.6 0.5 0.6 -999.9 -999.9 365
sta5 2015 11 6 310 14.2 18.1 2.7 0.6 0.6 -999.9 -999.9 365
sta5 2015 11 7 311 12.5 21.5 8 0.7 0.4 -999.9 -999.9 365
sta5 2015 11 8 312 10.4 19.9 7.3 0.5 0 -999.9 -999.9 365
sta5 2015 11 9 313 11.5 16.8 8.2 0.7 0 -999.9 -999.9 365
sta5 2015 11 10 314 9.3 15 6.7 0.5 0.6 -999.9 -999.9 365
sta5 2015 11 11 315 8.9 14.9 2.4 0.3 0 -999.9 -999.9 365
sta5 2015 11 12 316 9.8 17.4 6.2 0.4 0 -999.9 -999.9 365
sta5 2015 11 13 317 9.5 14.2 2.8 0.7 0.2 -999.9 -999.9 365
sta5 2015 11 14 318 4.2 12.6 6 0.3 0 -999.9 -999.9 365
sta5 2015 11 15 319 9.9 15.1 6.2 0.7 0 -999.9 -999.9 365
sta5 2015 11 16 320 9.1 15.4 4.3 0.6 0.6 -999.9 -999.9 365
sta5 2015 11 17 321 13.2 15.8 1.8 0.7 2.4 -999.9 -999.9 365
sta5 2015 11 18 322 10.7 15.5 5.2 0.5 0.2 -999.9 -999.9 365
sta5 2015 11 19 323 12.2 16.1 2.7 0.8 13.6 -999.9 -999.9 365
sta5 2015 11 20 324 9.2 15.1 1.1 0.5 21.4 -999.9 -999.9 365
sta5 2015 11 21 325 3.5 6.8 4.6 0.5 0.4 -999.9 -999.9 365
sta5 2015 11 22 326 -1 6.3 7.2 0 0 -999.9 -999.9 365
sta5 2015 11 23 327 0.1 5.4 6.2 0 0.2 -999.9 -999.9 365
sta5 2015 11 24 328 -1.7 8.6 1.7 0.3 2.4 -999.9 -999.9 365
sta5 2015 11 25 329 5 9.8 2.7 0.1 0.2 -999.9 -999.9 365
sta5 2015 11 26 330 2.2 10.1 5.6 0 0.2 -999.9 -999.9 365
sta5 2015 11 27 331 -1.7 8.5 4.7 0 0.8 -999.9 -999.9 365
sta5 2015 11 28 332 1 9.1 6.2 0 0.2 -999.9 -999.9 365
sta5 2015 11 29 333 6.4 12.5 2.9 0.5 0 -999.9 -999.9 365
sta5 2015 11 30 334 9.5 12.6 3.1 0.8 0 -999.9 -999.9 365
sta5 2015 12 1 335 9.4 12.8 2.8 0.7 0 -999.9 -999.9 365
sta5 2015 12 2 336 6.1 12.6 6 0 0 -999.9 -999.9 365
sta5 2015 12 3 337 0.6 9.7 5 0 0.2 -999.9 -999.9 365
sta5 2015 12 4 338 4.2 10.9 4.6 0.1 0.2 -999.9 -999.9 365
sta5 2015 12 5 339 -1.3 8.1 6.1 0 0.2 -999.9 -999.9 365
sta5 2015 12 6 340 4.5 12.7 3 0.2 0 -999.9 -999.9 365
sta5 2015 12 7 341 5.6 15.2 5.3 0 0.2 -999.9 -999.9 365
sta5 2015 12 8 342 3.2 10.3 1.2 0 7.4 -999.9 -999.9 365
sta5 2015 12 9 343 1.4 10.2 5.7 0 0.2 -999.9 -999.9 365
sta5 2015 12 10 344 0.5 3.2 1.9 0.1 0.2 -999.9 -999.9 365
sta5 2015 12 11 345 0 9.8 2.1 0 0 -999.9 -999.9 365
sta5 2015 12 12 346 6.9 8.7 1.4 0.1 0.2 -999.9 -999.9 365
sta5 2015 12 13 347 2.9 5.7 1.8 0 0.2 -999.9 -999.9 365
sta5 2015 12 14 348 0.6 10.4 5.2 0 1.4 -999.9 -999.9 365
sta5 2015 12 15 349 5.1 10.6 1.8 0 9.2 -999.9 -999.9 365
sta5 2015 12 16 350 8.3 13.4 1.8 0.1 0 -999.9 -999.9 365
sta5 2015 12 17 351 6.5 15 4.3 0 0.6 -999.9 -999.9 365
sta5 2015 12 18 352 9.5 12.9 1.4 0.2 0 -999.9 -999.9 365
sta5 2015 12 19 353 6.1 13.9 4.5 0 0 -999.9 -999.9 365
sta5 2015 12 20 354 7.8 14 3.1 0.2 1.8 -999.9 -999.9 365
sta5 2015 12 21 355 8.5 12.9 5.1 0.2 0 -999.9 -999.9 365
sta5 2015 12 22 356 8.6 13.2 4.5 0.6 0 -999.9 -999.9 365
sta5 2015 12 23 357 6.4 12.4 3.7 0 0.2 -999.9 -999.9 365
sta5 2015 12 24 358 6.2 12.6 3.6 0 0.4 -999.9 -999.9 365
sta5 2015 12 25 359 9.3 14.6 5.2 0.1 0.2 -999.9 -999.9 365
sta5 2015 12 26 360 5 13 5.1 0 0.2 -999.9 -999.9 365
sta5 2015 12 27 361 4.2 12.7 5 0 0.2 -999.9 -999.9 365
sta5 2015 12 28 362 2.1 12.1 4 0 0.8 -999.9 -999.9 365
sta5 2015 12 29 363 5.8 11.9 5.1 0 0.2 -999.9 -999.9 365
sta5 2015 12 30 364 3.4 11.8 3.8 0.1 1.2 -999.9 -999.9 365
sta5 2015 12 31 365 5.7 10.9 4.6 0 0.2 -999.9 -999.9 365
