sta5 2010 1 1 1 -0.4 1 0.5 0.1 0 -999.9 -999.9 365
sta5 2010 1 2 2 -4.1 3.1 5.3 0.3 0 -999.9 -999.9 365
sta5 2010 1 3 3 -2.1 3.8 3.1 0.6 0 -999.9 -999.9 365
sta5 2010 1 4 4 -5.7 -2.4 3.1 0.4 0 -999.9 -999.9 365
sta5 2010 1 5 5 -7.3 -1.1 4.9 0.3 0 -999.9 -999.9 365
sta5 2010 1 6 6 -5.3 -0.7 1.4 0.1 1.8 -999.9 -999.9 365
sta5 2010 1 7 7 -12.8 -1.8 4.2 0 0.2 -999.9 -999.9 365
sta5 2010 1 8 8 -13.9 -3.8 5.1 0 0 -999.9 -999.9 365
sta5 2010 1 9 9 -5.1 -1.7 2.6 0.1 0.6 -999.9 -999.9 365
sta5 2010 1 10 10 -3.1 -0.9 1.6 0.1 0.2 -999.9 -999.9 365
sta5 2010 1 11 11 -2 0.1 2.6 0 0 -999.9 -999.9 365
sta5 2010 1 12 12 -7.1 0.9 2.8 0.1 2 -999.9 -999.9 365
sta5 2010 1 13 13 -2.6 5.5 5.2 0 3.4 -999.9 -999.9 365
sta5 2010 1 14 14 1 5 5.6 0 0 -999.9 -999.9 365
sta5 2010 1 15 15 -1.2 3.6 2.3 0 0 -999.9 -999.9 365
sta5 2010 1 16 16 0.5 9.6 0.7 0 7 -999.9 -999.9 365
sta5 2010 1 17 17 3.2 10.3 6.1 0 0 -999.9 -999.9 365
sta5 2010 1 18 18 1.5 7.9 3.9 0 0 -999.9 -999.9 365
sta5 2010 1 19 19 0.9 3.4 3.3 0 2 -999.9 -999.9 365
sta5 2010 1 20 20 -0.6 8.7 3.9 0 2 -999.9 -999.9 365
sta5 2010 1 21 21 0.5 4.1 2.9 0 0 -999.9 -999.9 365
sta5 2010 1 22 22 1.4 8.3 4.6 0 0.6 -999.9 -999.9 365
sta5 2010 1 23 23 3.2 4.9 2.5 0.2 1.2 -999.9 -999.9 365
sta5 2010 1 24 24 3.4 5.5 1.1 0.1 3.4 -999.9 -999.9 365
sta5 2010 1 25 25 -0.6 5.5 5 0 0 -999.9 -999.9 365
sta5 2010 1 26 26 -1 0.2 0.8 0.2 0 -999.9 -999.9 365
sta5 2010 1 27 27 -5.2 0.9 7 0.1 0.6 -999.9 -999.9 365
sta5 2010 1 28 28 -1 6.3 4.7 0.1 0 -999.9 -999.9 365
sta5 2010 1 29 29 2.4 7.6 2 0.3 4 -999.9 -999.9 365
sta5 2010 1 30 30 -0.7 3.1 6.5 0.1 0.6 -999.9 -999.9 365
sta5 2010 1 31 31 -4.8 2.7 9.7 0 0.2 -999.9 -999.9 365
sta5 2010 2 1 32 -2.4 3.4 4.2 0.1 0 -999.9 -999.9 365
sta5 2010 2 2 33 -0.9 7.2 3.5 0.3 0.4 -999.9 -999.9 365
sta5 2010 2 3 34 6 8.6 2.3 0.4 0.8 -999.9 -999.9 365
sta5 2010 2 4 35 0.1 8.3 5.7 0.3 4.2 -999.9 -999.9 365
sta5 2010 2 5 36 4.3 11.2 6.7 0.4 1.8 -999.9 -999.9 365
sta5 2010 2 6 37 4.3 10.3 6.3 0.3 0 -999.9 -999.9 365
sta5 2010 2 7 38 2.9 4.6 1.8 0.2 0 -999.9 -999.9 365
sta5 2010 2 8 39 1.7 3.7 1.8 0.2 0.2 -999.9 -999.9 365
sta5 2010 2 9 40 -1.6 0.3 1.7 0.3 0 -999.9 -999.9 365
sta5 2010 2 10 41 -4.8 3.3 6.1 0.3 0.4 -999.9 -999.9 365
sta5 2010 2 11 42 -4.9 -1.7 5.2 0.4 0 -999.9 -999.9 365
sta5 2010 2 12 43 -3.8 -0.9 4 0.4 0 -999.9 -999.9 365
sta5 2010 2 13 44 -4.3 -1.7 4.8 0.4 0 -999.9 -999.9 365
sta5 2010 2 14 45 -3.2 0 5.9 0.3 0 -999.9 -999.9 365
sta5 2010 2 15 46 -6.3 2.8 9.4 0.3 0 -999.9 -999.9 365
sta5 2010 2 16 47 -7.4 4.5 11.3 0.5 0 -999.9 -999.9 365
sta5 2010 2 17 48 -0.7 3.8 2.5 0.2 0.8 -999.9 -999.9 365
sta5 2010 2 18 49 -0.1 9.9 8.2 0.4 3.4 -999.9 -999.9 365
sta5 2010 2 19 50 0.9 7.4 10.7 0.5 0.6 -999.9 -999.9 365
sta5 2010 2 20 51 -0.9 5.8 7.2 0.4 1.2 -999.9 -999.9 365
sta5 2010 2 21 52 0.3 9.4 6.5 0.5 1.4 -999.9 -999.9 365
sta5 2010 2 22 53 5 14.7 8.6 1.3 1 -999.9 -999.9 365
sta5 2010 2 23 54 8.3 13.1 7 0.9 2 -999.9 -999.9 365
sta5 2010 2 24 55 5.1 11.5 6.1 1 6 -999.9 -999.9 365
sta5 2010 2 25 56 6.2 14 5.4 1 10.8 -999.9 -999.9 365
sta5 2010 2 26 57 5.5 10.7 9.8 1.7 0.8 -999.9 -999.9 365
sta5 2010 2 27 58 2.3 14.7 8 0.9 11.4 -999.9 -999.9 365
sta5 2010 2 28 59 5.4 11 7.2 1.8 2.2 -999.9 -999.9 365
sta5 2010 3 1 60 -0.5 10.2 8.5 0.6 2.6 -999.9 -999.9 365
sta5 2010 3 2 61 5.1 10.9 8.2 0.7 0 -999.9 -999.9 365
sta5 2010 3 3 62 0.8 8.9 10.3 1.1 0 -999.9 -999.9 365
sta5 2010 3 4 63 1 8.7 13.1 1.4 0 -999.9 -999.9 365
sta5 2010 3 5 64 -2.3 5.9 14.3 0.9 0 -999.9 -999.9 365
sta5 2010 3 6 65 -2.8 7.7 9.9 0.9 0 -999.9 -999.9 365
sta5 2010 3 7 66 -4.1 3.3 14.9 1.4 0 -999.9 -999.9 365
sta5 2010 3 8 67 -4 6.3 16.6 1.8 0 -999.9 -999.9 365
sta5 2010 3 9 68 -3.3 4.3 16 1.6 0 -999.9 -999.9 365
sta5 2010 3 10 69 -2.2 6.6 11.8 1.7 0 -999.9 -999.9 365
sta5 2010 3 11 70 -3.4 6.9 13.5 1.3 0 -999.9 -999.9 365
sta5 2010 3 12 71 -3.1 6 7.8 0.9 0 -999.9 -999.9 365
sta5 2010 3 13 72 -0.5 7.6 5.4 0.9 0 -999.9 -999.9 365
sta5 2010 3 14 73 2.5 8.7 6.1 1.1 0 -999.9 -999.9 365
sta5 2010 3 15 74 -1 13 17.1 1.6 0 -999.9 -999.9 365
sta5 2010 3 16 75 -1.8 14.5 16.9 1.4 0 -999.9 -999.9 365
sta5 2010 3 17 76 0.9 18.1 15.7 2 0 -999.9 -999.9 365
sta5 2010 3 18 77 3 20.3 13 3 0 -999.9 -999.9 365
sta5 2010 3 19 78 9.2 19.9 11.6 2.7 5.4 -999.9 -999.9 365
sta5 2010 3 20 79 10.7 15.9 6.7 1.3 3.2 -999.9 -999.9 365
sta5 2010 3 21 80 7.6 13.3 13.4 1.8 0.2 -999.9 -999.9 365
sta5 2010 3 22 81 1.3 16.3 17.9 1.7 0.2 -999.9 -999.9 365
sta5 2010 3 23 82 1.6 16.7 16.8 1.7 0 -999.9 -999.9 365
sta5 2010 3 24 83 5 18.3 11.2 2.1 0 -999.9 -999.9 365
sta5 2010 3 25 84 8.5 17.9 9.3 1.9 2.8 -999.9 -999.9 365
sta5 2010 3 26 85 5.8 11.9 9.5 1.5 12.6 -999.9 -999.9 365
sta5 2010 3 27 86 5.9 13.7 11.1 1.7 7.6 -999.9 -999.9 365
sta5 2010 3 28 87 7.9 13.9 5.9 1.1 2.8 -999.9 -999.9 365
sta5 2010 3 29 88 9.2 18.5 13.9 2.1 4.4 -999.9 -999.9 365
sta5 2010 3 30 89 6 12 10.6 1.9 1.2 -999.9 -999.9 365
sta5 2010 3 31 90 4.8 11.8 14.9 2.3 0.4 -999.9 -999.9 365
sta5 2010 4 1 91 0.1 11.5 17.7 2 1 -999.9 -999.9 365
sta5 2010 4 2 92 2.8 11.5 10.5 1.6 4.6 -999.9 -999.9 365
sta5 2010 4 3 93 5.5 11.1 10.1 1.7 9.4 -999.9 -999.9 365
sta5 2010 4 4 94 4.9 11.7 14.7 2.2 0.4 -999.9 -999.9 365
sta5 2010 4 5 95 0.7 13.2 18.3 2 0 -999.9 -999.9 365
sta5 2010 4 6 96 1.7 19.7 22.1 2.9 0 -999.9 -999.9 365
sta5 2010 4 7 97 8.2 16 15.4 2.3 0 -999.9 -999.9 365
sta5 2010 4 8 98 6.8 14.4 11 1.9 0.6 -999.9 -999.9 365
sta5 2010 4 9 99 3.9 17.6 21.6 2.9 0 -999.9 -999.9 365
sta5 2010 4 10 100 5.9 16.8 21.8 3.1 0 -999.9 -999.9 365
sta5 2010 4 11 101 3.8 14.2 20.5 2.9 0 -999.9 -999.9 365
sta5 2010 4 12 102 3.2 12.7 18.8 2.6 0 -999.9 -999.9 365
sta5 2010 4 13 103 4.8 12.5 12.2 1.8 5.6 -999.9 -999.9 365
sta5 2010 4 14 104 4.2 12.9 8.2 1.3 0 -999.9 -999.9 365
sta5 2010 4 15 105 4.1 15.7 20.1 2.8 0.2 -999.9 -999.9 365
sta5 2010 4 16 106 5.3 15.8 22.7 3.2 0 -999.9 -999.9 365
sta5 2010 4 17 107 2.8 18.1 23.5 3.2 0 -999.9 -999.9 365
sta5 2010 4 18 108 1 21.2 23.6 3.3 0 -999.9 -999.9 365
sta5 2010 4 19 109 2.4 21.1 23 3.3 0 -999.9 -999.9 365
sta5 2010 4 20 110 6.2 18.4 24.3 3.5 0 -999.9 -999.9 365
sta5 2010 4 21 111 0.5 16.6 23.1 3.2 0 -999.9 -999.9 365
sta5 2010 4 22 112 5.4 16.4 21.8 3.4 0 -999.9 -999.9 365
sta5 2010 4 23 113 3.9 19 23.5 3.6 0 -999.9 -999.9 365
sta5 2010 4 24 114 1.8 23.7 22.7 3.7 0 -999.9 -999.9 365
sta5 2010 4 25 115 7.7 20.2 20.3 3.3 0 -999.9 -999.9 365
sta5 2010 4 26 116 6.1 18.1 21.2 3.2 0 -999.9 -999.9 365
sta5 2010 4 27 117 4.6 19.9 24.7 3.7 0 -999.9 -999.9 365
sta5 2010 4 28 118 3.7 26.1 25.4 4.2 0 -999.9 -999.9 365
sta5 2010 4 29 119 9.5 26.1 20.1 4.4 0 -999.9 -999.9 365
sta5 2010 4 30 120 8.8 16.9 16.1 2.8 0 -999.9 -999.9 365
sta5 2010 5 1 121 7.2 16.5 12.1 2.2 0 -999.9 -999.9 365
sta5 2010 5 2 122 8.3 14.6 16.9 2.7 1.6 -999.9 -999.9 365
sta5 2010 5 3 123 5.5 10.6 8.6 2 0 -999.9 -999.9 365
sta5 2010 5 4 124 4.5 12.9 18.1 3.4 0 -999.9 -999.9 365
sta5 2010 5 5 125 3.9 13 19 3.3 0 -999.9 -999.9 365
sta5 2010 5 6 126 3.7 15 23.6 3.6 0 -999.9 -999.9 365
sta5 2010 5 7 127 2.5 14.3 23.4 3.2 0 -999.9 -999.9 365
sta5 2010 5 8 128 6 16.6 13.3 2.2 5.8 -999.9 -999.9 365
sta5 2010 5 9 129 5.9 17.7 19.4 2.9 0 -999.9 -999.9 365
sta5 2010 5 10 130 9 13.5 6.8 1.4 2.8 -999.9 -999.9 365
sta5 2010 5 11 131 6.1 7.4 3.1 0.5 0 -999.9 -999.9 365
sta5 2010 5 12 132 2.9 10.4 13.1 2 0 -999.9 -999.9 365
sta5 2010 5 13 133 3.6 12.6 19.2 2.7 0 -999.9 -999.9 365
sta5 2010 5 14 134 0.5 13.3 17.4 2.4 0 -999.9 -999.9 365
sta5 2010 5 15 135 1.2 16.2 22.4 3.3 0 -999.9 -999.9 365
sta5 2010 5 16 136 1.5 16.1 22 3.3 0 -999.9 -999.9 365
sta5 2010 5 17 137 6.3 18.5 24.8 4.1 0 -999.9 -999.9 365
sta5 2010 5 18 138 4.5 18.6 24.7 4 0 -999.9 -999.9 365
sta5 2010 5 19 139 5.9 19.5 27.9 4.6 0 -999.9 -999.9 365
sta5 2010 5 20 140 5.8 22 29.3 5 0 -999.9 -999.9 365
sta5 2010 5 21 141 9.2 23.3 28.7 5.1 0 -999.9 -999.9 365
sta5 2010 5 22 142 10.4 24.3 28.4 5.3 0 -999.9 -999.9 365
sta5 2010 5 23 143 9.3 26.1 29.6 5.6 0 -999.9 -999.9 365
sta5 2010 5 24 144 8 28.7 29.9 5.4 0 -999.9 -999.9 365
sta5 2010 5 25 145 11.3 26.2 17 3.7 0.6 -999.9 -999.9 365
sta5 2010 5 26 146 14 22 16.1 3.2 3 -999.9 -999.9 365
sta5 2010 5 27 147 11.8 20.2 15.4 3 0.8 -999.9 -999.9 365
sta5 2010 5 28 148 10.2 20.5 29.3 4.7 0 -999.9 -999.9 365
sta5 2010 5 29 149 6.4 17.4 12 2.7 3.2 -999.9 -999.9 365
sta5 2010 5 30 150 13 17.3 12.3 2.5 2.2 -999.9 -999.9 365
sta5 2010 5 31 151 11.3 18.6 19.5 3.5 0 -999.9 -999.9 365
sta5 2010 6 1 152 9.3 18 11.4 2.1 7 -999.9 -999.9 365
sta5 2010 6 2 153 10.6 21 18.5 3.4 0 -999.9 -999.9 365
sta5 2010 6 3 154 9.6 24.8 29.7 5.4 0 -999.9 -999.9 365
sta5 2010 6 4 155 9.7 27.7 30.3 5.7 0 -999.9 -999.9 365
sta5 2010 6 5 156 11.1 29.8 28.5 5.5 0 -999.9 -999.9 365
sta5 2010 6 6 157 15.7 20.5 13 2.8 0.6 -999.9 -999.9 365
sta5 2010 6 7 158 9 21.3 23.4 4 0 -999.9 -999.9 365
sta5 2010 6 8 159 13.7 21 15.1 3.1 3.8 -999.9 -999.9 365
sta5 2010 6 9 160 13.9 19 8.5 1.7 3.6 -999.9 -999.9 365
sta5 2010 6 10 161 14.9 24.3 10.6 2.1 12 -999.9 -999.9 365
sta5 2010 6 11 162 12.1 25.1 22 4 13.4 -999.9 -999.9 365
sta5 2010 6 12 163 14.4 20.8 13.2 2.6 0.2 -999.9 -999.9 365
sta5 2010 6 13 164 11 20.9 21.1 3.7 0 -999.9 -999.9 365
sta5 2010 6 14 165 11.8 19.1 18.7 3.2 3.4 -999.9 -999.9 365
sta5 2010 6 15 166 13.1 20.8 16.8 3.5 0 -999.9 -999.9 365
sta5 2010 6 16 167 9.8 19.8 17.5 3.7 4.2 -999.9 -999.9 365
sta5 2010 6 17 168 12.9 18 8.4 1.9 0.4 -999.9 -999.9 365
sta5 2010 6 18 169 13.3 20.6 17.8 3.3 0 -999.9 -999.9 365
sta5 2010 6 19 170 9.9 17.1 14.7 2.7 1.6 -999.9 -999.9 365
sta5 2010 6 20 171 7.8 15.3 13.9 2.8 0 -999.9 -999.9 365
sta5 2010 6 21 172 7.2 17.4 16 2.9 0 -999.9 -999.9 365
sta5 2010 6 22 173 7.3 23.4 30.1 5.2 0 -999.9 -999.9 365
sta5 2010 6 23 174 8.7 25 28.3 5.3 0 -999.9 -999.9 365
sta5 2010 6 24 175 12.2 27.1 29.8 5.8 0 -999.9 -999.9 365
sta5 2010 6 25 176 12.2 27.7 29.8 5.8 0 -999.9 -999.9 365
sta5 2010 6 26 177 13.5 29.8 28.9 5.9 0 -999.9 -999.9 365
sta5 2010 6 27 178 15.2 31.3 28.3 6.2 0 -999.9 -999.9 365
sta5 2010 6 28 179 16.4 29.3 24 5.3 0.6 -999.9 -999.9 365
sta5 2010 6 29 180 16.8 28.9 27.1 5.9 0 -999.9 -999.9 365
sta5 2010 6 30 181 11.5 30.6 29.5 6.1 0 -999.9 -999.9 365
sta5 2010 7 1 182 15.8 32.4 24.3 5.7 0 -999.9 -999.9 365
sta5 2010 7 2 183 17.2 33.7 22.6 5.5 6 -999.9 -999.9 365
sta5 2010 7 3 184 18.5 24.2 14.3 3 2.8 -999.9 -999.9 365
sta5 2010 7 4 185 12.8 28.5 30.7 5.8 0 -999.9 -999.9 365
sta5 2010 7 5 186 13 26.9 24.8 5.2 0 -999.9 -999.9 365
sta5 2010 7 6 187 9.6 25.5 29 5.1 0 -999.9 -999.9 365
sta5 2010 7 7 188 10.2 29.4 30.3 5.8 0 -999.9 -999.9 365
sta5 2010 7 8 189 11.8 32.9 29.5 6.5 4 -999.9 -999.9 365
sta5 2010 7 9 190 19.5 32 20.4 5 1 -999.9 -999.9 365
sta5 2010 7 10 191 18.3 28.1 17 3.9 3.2 -999.9 -999.9 365
sta5 2010 7 11 192 15.2 29.3 24 5.3 9.6 -999.9 -999.9 365
sta5 2010 7 12 193 18.2 27.5 18.9 4.3 0 -999.9 -999.9 365
sta5 2010 7 13 194 17.1 27.4 24.4 5.5 0 -999.9 -999.9 365
sta5 2010 7 14 195 14.1 21.4 10.7 2.5 19.6 -999.9 -999.9 365
sta5 2010 7 15 196 13.5 24 23.8 5.2 0 -999.9 -999.9 365
sta5 2010 7 16 197 12.5 23.7 17.8 3.8 0 -999.9 -999.9 365
sta5 2010 7 17 198 12.3 23.3 21.1 4.3 0 -999.9 -999.9 365
sta5 2010 7 18 199 8.8 25.9 29.5 5.5 0 -999.9 -999.9 365
sta5 2010 7 19 200 9.6 29.8 29 5.7 0 -999.9 -999.9 365
sta5 2010 7 20 201 13.6 30.9 25.2 6 0 -999.9 -999.9 365
sta5 2010 7 21 202 16.3 21.6 13.5 3.2 1.8 -999.9 -999.9 365
sta5 2010 7 22 203 10.8 24.1 17.2 3.7 2 -999.9 -999.9 365
sta5 2010 7 23 204 10.5 23 20.6 4 3.6 -999.9 -999.9 365
sta5 2010 7 24 205 9.2 23.5 18 3.5 0 -999.9 -999.9 365
sta5 2010 7 25 206 11.6 25.6 16 3.7 0 -999.9 -999.9 365
sta5 2010 7 26 207 11.7 25.6 17.5 3.8 0.4 -999.9 -999.9 365
sta5 2010 7 27 208 15.3 27.5 14.6 3.4 0 -999.9 -999.9 365
sta5 2010 7 28 209 14 27.4 23 5.2 0 -999.9 -999.9 365
sta5 2010 7 29 210 11.5 23.5 16.7 4 0 -999.9 -999.9 365
sta5 2010 7 30 211 11.2 25.3 22.4 4.5 0 -999.9 -999.9 365
sta5 2010 7 31 212 15.6 29.7 23.3 5.4 0 -999.9 -999.9 365
sta5 2010 8 1 213 15.5 24.7 21.6 4.4 0 -999.9 -999.9 365
sta5 2010 8 2 214 10.6 25.3 17.1 3.5 0 -999.9 -999.9 365
sta5 2010 8 3 215 9.7 25.1 22.6 4.3 0 -999.9 -999.9 365
sta5 2010 8 4 216 16 23.1 16.4 4.2 0.2 -999.9 -999.9 365
sta5 2010 8 5 217 12.5 23.8 18.4 4.1 0 -999.9 -999.9 365
sta5 2010 8 6 218 8.1 24.6 24.6 4.3 0 -999.9 -999.9 365
sta5 2010 8 7 219 12.3 27.3 21.3 4.6 0 -999.9 -999.9 365
sta5 2010 8 8 220 11.3 25.7 24.4 4.5 0 -999.9 -999.9 365
sta5 2010 8 9 221 10.7 28.4 22.6 4.6 0 -999.9 -999.9 365
sta5 2010 8 10 222 10.7 24.4 15.1 3.6 0.2 -999.9 -999.9 365
sta5 2010 8 11 223 16.6 23.3 9.6 2.2 8 -999.9 -999.9 365
sta5 2010 8 12 224 11 23.5 18.5 3.8 0 -999.9 -999.9 365
sta5 2010 8 13 225 9.9 22 17.6 3.3 0 -999.9 -999.9 365
sta5 2010 8 14 226 11.4 20.2 13.5 2.5 13.2 -999.9 -999.9 365
sta5 2010 8 15 227 12.9 16.4 6.3 1.3 12.6 -999.9 -999.9 365
sta5 2010 8 16 228 13.8 23.3 12.7 3.1 0 -999.9 -999.9 365
sta5 2010 8 17 229 12.1 20.2 10.7 2.6 0.2 -999.9 -999.9 365
sta5 2010 8 18 230 15.3 21.9 17.4 3.4 0.2 -999.9 -999.9 365
sta5 2010 8 19 231 9.3 25.3 23.2 4.1 0 -999.9 -999.9 365
sta5 2010 8 20 232 13.7 29.8 23.5 4.7 0 -999.9 -999.9 365
sta5 2010 8 21 233 15.3 30.9 24.4 5 0 -999.9 -999.9 365
sta5 2010 8 22 234 18.4 29 16.9 4.1 0 -999.9 -999.9 365
sta5 2010 8 23 235 18.8 23.1 9.7 2.6 6.8 -999.9 -999.9 365
sta5 2010 8 24 236 12.4 21.7 20.9 3.7 0 -999.9 -999.9 365
sta5 2010 8 25 237 12.1 23.2 12.4 2.8 0 -999.9 -999.9 365
sta5 2010 8 26 238 18.1 26.9 11.3 2.9 0.4 -999.9 -999.9 365
sta5 2010 8 27 239 18.1 24.2 13.6 3.1 4.6 -999.9 -999.9 365
sta5 2010 8 28 240 11.4 22.1 21.9 3.7 0 -999.9 -999.9 365
sta5 2010 8 29 241 8.6 21.6 17.1 3.4 0 -999.9 -999.9 365
sta5 2010 8 30 242 6.4 19.3 19.5 3.2 0 -999.9 -999.9 365
sta5 2010 8 31 243 7.3 21.1 22.7 3.4 0 -999.9 -999.9 365
sta5 2010 9 1 244 8.8 22.8 22 3.9 0 -999.9 -999.9 365
sta5 2010 9 2 245 11.4 25.1 22 4 0 -999.9 -999.9 365
sta5 2010 9 3 246 11.4 25.7 21.9 3.8 0 -999.9 -999.9 365
sta5 2010 9 4 247 9.6 24.1 19 3.3 0 -999.9 -999.9 365
sta5 2010 9 5 248 8.7 25.7 18.1 3.5 0 -999.9 -999.9 365
sta5 2010 9 6 249 14.8 24.4 8.9 2.6 2.6 -999.9 -999.9 365
sta5 2010 9 7 250 11.7 21.7 11.6 2 8 -999.9 -999.9 365
sta5 2010 9 8 251 12.8 19.8 7.5 1.6 25 -999.9 -999.9 365
sta5 2010 9 9 252 10.4 20.2 16.9 2.4 0.6 -999.9 -999.9 365
sta5 2010 9 10 253 9.3 22.5 19 2.7 0 -999.9 -999.9 365
sta5 2010 9 11 254 10.6 25.4 19 2.9 0 -999.9 -999.9 365
sta5 2010 9 12 255 13.8 22 12.7 2.3 0.8 -999.9 -999.9 365
sta5 2010 9 13 256 7.2 21.4 18.9 2.5 0 -999.9 -999.9 365
sta5 2010 9 14 257 11.4 23.6 18.7 3.2 0 -999.9 -999.9 365
sta5 2010 9 15 258 12.1 17 5.3 1.2 3.6 -999.9 -999.9 365
sta5 2010 9 16 259 8.2 18.5 13.1 2 0 -999.9 -999.9 365
sta5 2010 9 17 260 7 19.4 15.4 2.2 0 -999.9 -999.9 365
sta5 2010 9 18 261 4 17.3 15.2 1.9 0 -999.9 -999.9 365
sta5 2010 9 19 262 3.6 20.2 18.7 2.2 0 -999.9 -999.9 365
sta5 2010 9 20 263 4.1 22.2 18.5 2.3 0 -999.9 -999.9 365
sta5 2010 9 21 264 7.9 23.8 17.3 2.5 0 -999.9 -999.9 365
sta5 2010 9 22 265 6.1 27.1 17.4 2.5 0 -999.9 -999.9 365
sta5 2010 9 23 266 12.3 23.6 10.4 2.1 13.4 -999.9 -999.9 365
sta5 2010 9 24 267 12.2 17.1 9.9 1.7 1 -999.9 -999.9 365
sta5 2010 9 25 268 10.6 14.4 10 1.6 0 -999.9 -999.9 365
sta5 2010 9 26 269 3.2 14.3 10.1 1.5 7 -999.9 -999.9 365
sta5 2010 9 27 270 8.7 15.8 12.4 1.5 0 -999.9 -999.9 365
sta5 2010 9 28 271 8.5 17.8 9.9 1.3 0 -999.9 -999.9 365
sta5 2010 9 29 272 10 18.7 12 1.6 0.6 -999.9 -999.9 365
sta5 2010 9 30 273 12.2 16.7 9.8 1.3 0.6 -999.9 -999.9 365
sta5 2010 10 1 274 6.9 18 8.6 1.3 6.4 -999.9 -999.9 365
sta5 2010 10 2 275 13.2 22.1 9.5 1.8 0 -999.9 -999.9 365
sta5 2010 10 3 276 11.9 23.1 8.4 1.7 8.8 -999.9 -999.9 365
sta5 2010 10 4 277 14.8 16.9 2.2 0.5 36.8 -999.9 -999.9 365
sta5 2010 10 5 278 10.5 16.2 3.2 0.7 0.8 -999.9 -999.9 365
sta5 2010 10 6 279 13.6 18.5 5.4 1 0 -999.9 -999.9 365
sta5 2010 10 7 280 13.8 22.5 12.8 1.6 0 -999.9 -999.9 365
sta5 2010 10 8 281 11.8 24.1 13.3 1.7 0 -999.9 -999.9 365
sta5 2010 10 9 282 11.8 24.1 12.7 1.6 0 -999.9 -999.9 365
sta5 2010 10 10 283 12.9 19.1 12.4 1.3 0.2 -999.9 -999.9 365
sta5 2010 10 11 284 8.4 17.7 14.1 1.7 0 -999.9 -999.9 365
sta5 2010 10 12 285 6.6 18.3 13.6 1.4 0 -999.9 -999.9 365
sta5 2010 10 13 286 4.7 14.6 13.3 1.1 0 -999.9 -999.9 365
sta5 2010 10 14 287 3.6 14.2 11.7 0.9 0.2 -999.9 -999.9 365
sta5 2010 10 15 288 4.7 11.4 3.6 0.7 3.2 -999.9 -999.9 365
sta5 2010 10 16 289 8.7 13.8 8.5 0.9 0 -999.9 -999.9 365
sta5 2010 10 17 290 2.9 8.1 5.9 0.7 0.2 -999.9 -999.9 365
sta5 2010 10 18 291 -0.5 12.7 12.1 0.8 0 -999.9 -999.9 365
sta5 2010 10 19 292 7.4 13.3 6.8 0.8 0.8 -999.9 -999.9 365
sta5 2010 10 20 293 2.7 11.7 10 0.7 0.2 -999.9 -999.9 365
sta5 2010 10 21 294 -2.7 10.7 12.1 0.5 0 -999.9 -999.9 365
sta5 2010 10 22 295 -1 11.6 10.4 0.6 0 -999.9 -999.9 365
sta5 2010 10 23 296 -0.5 12.2 3.7 0.6 2.8 -999.9 -999.9 365
sta5 2010 10 24 297 2 12.3 7.8 0.4 1.2 -999.9 -999.9 365
sta5 2010 10 25 298 2.3 11.6 10.6 0.5 0 -999.9 -999.9 365
sta5 2010 10 26 299 -2.7 12.1 10.7 0.4 0.2 -999.9 -999.9 365
sta5 2010 10 27 300 1.5 13.9 9.3 0.6 1.6 -999.9 -999.9 365
sta5 2010 10 28 301 6.9 11.5 4.9 0.4 0 -999.9 -999.9 365
sta5 2010 10 29 302 4.4 16.5 6.2 0.8 4 -999.9 -999.9 365
sta5 2010 10 30 303 9.1 14 5.4 0.6 0.8 -999.9 -999.9 365
sta5 2010 10 31 304 8.1 16.2 6.9 0.5 0.2 -999.9 -999.9 365
sta5 2010 11 1 305 7.5 14.1 8.8 0.4 0.2 -999.9 -999.9 365
sta5 2010 11 2 306 2.9 13.2 3.6 0.3 0.4 -999.9 -999.9 365
sta5 2010 11 3 307 11 15.5 4.7 0.6 0.2 -999.9 -999.9 365
sta5 2010 11 4 308 13.3 16.9 4.3 0.7 0.2 -999.9 -999.9 365
sta5 2010 11 5 309 11.6 16.2 6.1 0.7 0 -999.9 -999.9 365
sta5 2010 11 6 310 8.9 14.5 4.1 0.5 13.4 -999.9 -999.9 365
sta5 2010 11 7 311 5.1 8.3 3.3 0.3 0.8 -999.9 -999.9 365
sta5 2010 11 8 312 1.5 9.1 1.6 0.2 15.4 -999.9 -999.9 365
sta5 2010 11 9 313 5.7 11 4.4 0.3 1.4 -999.9 -999.9 365
sta5 2010 11 10 314 4.4 9.4 4.7 0.2 0 -999.9 -999.9 365
sta5 2010 11 11 315 0.4 14.7 1.5 0.3 6.6 -999.9 -999.9 365
sta5 2010 11 12 316 10.9 15 2.7 1 2.2 -999.9 -999.9 365
sta5 2010 11 13 317 13.3 16.3 3.1 1.3 0.8 -999.9 -999.9 365
sta5 2010 11 14 318 10.1 12.9 1.9 0.7 3.4 -999.9 -999.9 365
sta5 2010 11 15 319 5.1 11.5 3.4 0.2 0.4 -999.9 -999.9 365
sta5 2010 11 16 320 2.8 8.5 5.1 0 0.2 -999.9 -999.9 365
sta5 2010 11 17 321 0.6 6.1 2.4 0.2 2.6 -999.9 -999.9 365
sta5 2010 11 18 322 4.6 8.9 2.4 0.2 0.4 -999.9 -999.9 365
sta5 2010 11 19 323 1.1 7.5 2.3 0.1 0 -999.9 -999.9 365
sta5 2010 11 20 324 4.5 9.7 4.1 0.1 0.6 -999.9 -999.9 365
sta5 2010 11 21 325 5.5 7.5 1 0 2.2 -999.9 -999.9 365
sta5 2010 11 22 326 3.8 4.7 0.7 0.1 0.2 -999.9 -999.9 365
sta5 2010 11 23 327 0.3 6.2 4.1 0 0.6 -999.9 -999.9 365
sta5 2010 11 24 328 0.7 8 3.8 0 2 -999.9 -999.9 365
sta5 2010 11 25 329 0.3 4.9 2.9 0 4.6 -999.9 -999.9 365
sta5 2010 11 26 330 -1.5 1.3 3.1 0 0.2 -999.9 -999.9 365
sta5 2010 11 27 331 -3 0.6 3.4 0.1 2.6 -999.9 -999.9 365
sta5 2010 11 28 332 -2 0.2 1.8 0 14.8 -999.9 -999.9 365
sta5 2010 11 29 333 -10 -0.2 3.2 0 0 -999.9 -999.9 365
sta5 2010 11 30 334 -14.6 -2.6 2.3 0 0 -999.9 -999.9 365
sta5 2010 12 1 335 -4.8 -1.7 2.3 0.1 0 -999.9 -999.9 365
sta5 2010 12 2 336 -5.4 -1.6 2.1 0.1 4.5 -999.9 -999.9 365
sta5 2010 12 3 337 -3.4 -0.9 4.2 0 0.2 -999.9 -999.9 365
sta5 2010 12 4 338 -10.6 1.5 4.3 0 0 -999.9 -999.9 365
sta5 2010 12 5 339 -1.6 2.5 2.8 0 6.4 -999.9 -999.9 365
sta5 2010 12 6 340 0.2 1.6 1.5 0 2.6 -999.9 -999.9 365
sta5 2010 12 7 341 0.5 1.5 1.1 0 9 -999.9 -999.9 365
sta5 2010 12 8 342 0.2 0.9 0.6 0 17.2 -999.9 -999.9 365
sta5 2010 12 9 343 -1.6 2.9 7.3 0 0.6 -999.9 -999.9 365
sta5 2010 12 10 344 -2 3.7 3.3 0 0 -999.9 -999.9 365
sta5 2010 12 11 345 1.8 5.4 1.3 0.1 0 -999.9 -999.9 365
sta5 2010 12 12 346 2.8 6.9 4.2 0 0.2 -999.9 -999.9 365
sta5 2010 12 13 347 -1.6 0.8 4.7 0 0 -999.9 -999.9 365
sta5 2010 12 14 348 -5.1 1.9 4.5 0 0 -999.9 -999.9 365
sta5 2010 12 15 349 -5.5 2.2 6 0 0 -999.9 -999.9 365
sta5 2010 12 16 350 0.4 4.6 1.2 0 2.4 -999.9 -999.9 365
sta5 2010 12 17 351 -0.7 1.8 5.7 0 0 -999.9 -999.9 365
sta5 2010 12 18 352 -2 1.5 1.6 0.1 6.8 -999.9 -999.9 365
sta5 2010 12 19 353 0.1 7.8 2.2 0.3 4.4 -999.9 -999.9 365
sta5 2010 12 20 354 0.1 7.3 2.5 0 9.4 -999.9 -999.9 365
sta5 2010 12 21 355 4.8 6.6 1.2 0 1 -999.9 -999.9 365
sta5 2010 12 22 356 1.1 3.1 1.2 0 14.2 -999.9 -999.9 365
sta5 2010 12 23 357 0.2 1.3 0.8 0 0.8 -999.9 -999.9 365
sta5 2010 12 24 358 -0.6 0.8 2.1 0.2 0.2 -999.9 -999.9 365
sta5 2010 12 25 359 -2.9 0.5 5.9 0 0 -999.9 -999.9 365
sta5 2010 12 26 360 -6.9 1.3 5.6 0 0.2 -999.9 -999.9 365
sta5 2010 12 27 361 -3.5 1.2 3.9 0 0 -999.9 -999.9 365
sta5 2010 12 28 362 -2.7 3.9 1 0 0 -999.9 -999.9 365
sta5 2010 12 29 363 1.8 5.9 1.9 0 0 -999.9 -999.9 365
sta5 2010 12 30 364 2.1 4.3 1.4 0 0 -999.9 -999.9 365
sta5 2010 12 31 365 0.3 2.1 1 0 0 -999.9 -999.9 365
