sta6 2010 1 1 1 -1.3 1.8 0.4 0.1 3.6 -999.9 -999.9 365
sta6 2010 1 2 2 -5.6 -0.2 4.5 0.1 0 -999.9 -999.9 365
sta6 2010 1 3 3 -3.8 2.9 6.2 0.4 0 -999.9 -999.9 365
sta6 2010 1 4 4 -6 -4 2.8 0.2 0 -999.9 -999.9 365
sta6 2010 1 5 5 -11.5 -2 5.9 0.3 0 -999.9 -999.9 365
sta6 2010 1 6 6 -8.4 -2.7 1.3 0.2 3 -999.9 -999.9 365
sta6 2010 1 7 7 -4.8 -0.1 1.5 0.1 3 -999.9 -999.9 365
sta6 2010 1 8 8 -4.6 -1.6 1.9 0.4 0.2 -999.9 -999.9 365
sta6 2010 1 9 9 -5.3 -3.4 1.4 0.3 0.8 -999.9 -999.9 365
sta6 2010 1 10 10 -4.5 -1.9 2.1 0.2 0 -999.9 -999.9 365
sta6 2010 1 11 11 -4.4 -1 2.6 0.2 0 -999.9 -999.9 365
sta6 2010 1 12 12 -3.3 -0.1 3.5 0.3 3 -999.9 -999.9 365
sta6 2010 1 13 13 -3.8 3.8 1.4 0 0.4 -999.9 -999.9 365
sta6 2010 1 14 14 0 5.3 4.1 0.4 0 -999.9 -999.9 365
sta6 2010 1 15 15 -0.2 3 1.7 0.2 0 -999.9 -999.9 365
sta6 2010 1 16 16 -0.9 7.6 2.1 0.6 5.8 -999.9 -999.9 365
sta6 2010 1 17 17 3.6 8.2 3.9 0.6 0.4 -999.9 -999.9 365
sta6 2010 1 18 18 3.1 8.2 3.3 0.3 0 -999.9 -999.9 365
sta6 2010 1 19 19 -2.1 1.2 3.8 0.2 0 -999.9 -999.9 365
sta6 2010 1 20 20 -2.1 4.4 1.2 0.2 5 -999.9 -999.9 365
sta6 2010 1 21 21 2.7 4.1 1.5 0.1 0.8 -999.9 -999.9 365
sta6 2010 1 22 22 0.9 5.3 5.9 0.5 0 -999.9 -999.9 365
sta6 2010 1 23 23 -1.2 1.9 4.1 0.2 0.6 -999.9 -999.9 365
sta6 2010 1 24 24 0.5 3.9 1.7 0.1 8.4 -999.9 -999.9 365
sta6 2010 1 25 25 0.3 2 1.7 0.2 0 -999.9 -999.9 365
sta6 2010 1 26 26 -3.4 -0.7 1.1 0.4 0 -999.9 -999.9 365
sta6 2010 1 27 27 -7.2 -1.1 6.7 0.4 0.8 -999.9 -999.9 365
sta6 2010 1 28 28 -3.5 0.5 1.3 0 3 -999.9 -999.9 365
sta6 2010 1 29 29 0 2.1 1 0.2 15 -999.9 -999.9 365
sta6 2010 1 30 30 -2.7 0.7 4.6 0.4 1.8 -999.9 -999.9 365
sta6 2010 1 31 31 -8.2 1.5 5 0.4 0 -999.9 -999.9 365
sta6 2010 2 1 32 -3.9 0 2.8 0.2 2 -999.9 -999.9 365
sta6 2010 2 2 33 -1.2 4 2.9 0.3 11 -999.9 -999.9 365
sta6 2010 2 3 34 1.4 5.1 2.1 0.2 0 -999.9 -999.9 365
sta6 2010 2 4 35 -0.1 7.4 7.5 0.6 4.4 -999.9 -999.9 365
sta6 2010 2 5 36 3.9 8.1 2.5 0.4 1.6 -999.9 -999.9 365
sta6 2010 2 6 37 0.7 5.6 3 0.3 4.4 -999.9 -999.9 365
sta6 2010 2 7 38 0.8 3.4 1.8 0.1 0 -999.9 -999.9 365
sta6 2010 2 8 39 0.1 1.7 4.6 0.6 0 -999.9 -999.9 365
sta6 2010 2 9 40 -1.5 1.7 2.5 0.6 0 -999.9 -999.9 365
sta6 2010 2 10 41 -5.9 -1.1 5.9 0.6 0 -999.9 -999.9 365
sta6 2010 2 11 42 -8.8 -3.4 3.5 0.2 2 -999.9 -999.9 365
sta6 2010 2 12 43 -4.3 -1.4 4.7 0.5 0.6 -999.9 -999.9 365
sta6 2010 2 13 44 -5.4 -0.8 5.2 0.4 0 -999.9 -999.9 365
sta6 2010 2 14 45 -4.2 -1.5 5.8 0.5 0 -999.9 -999.9 365
sta6 2010 2 15 46 -5.2 -0.1 4.6 0.6 0 -999.9 -999.9 365
sta6 2010 2 16 47 -9.5 4.3 11.5 0.5 0 -999.9 -999.9 365
sta6 2010 2 17 48 -0.5 5.7 3.7 0.3 4.2 -999.9 -999.9 365
sta6 2010 2 18 49 4.4 10.4 8.7 1.2 0 -999.9 -999.9 365
sta6 2010 2 19 50 2.4 5.1 4.3 0.9 0.2 -999.9 -999.9 365
sta6 2010 2 20 51 -1.3 2.6 2.8 0.6 2 -999.9 -999.9 365
sta6 2010 2 21 52 -1.5 9.1 8.3 1 2.8 -999.9 -999.9 365
sta6 2010 2 22 53 4.4 13.1 8.6 1.4 4.8 -999.9 -999.9 365
sta6 2010 2 23 54 7.2 12 6.5 1.3 5.4 -999.9 -999.9 365
sta6 2010 2 24 55 4.7 13.2 7.2 1.2 1.6 -999.9 -999.9 365
sta6 2010 2 25 56 5.8 10.5 4.5 1.1 7.6 -999.9 -999.9 365
sta6 2010 2 26 57 4.2 8.5 4.6 1.6 6.6 -999.9 -999.9 365
sta6 2010 2 27 58 1.3 12.7 10 1.8 5.6 -999.9 -999.9 365
sta6 2010 2 28 59 4 12.3 5.5 2.4 2.6 -999.9 -999.9 365
sta6 2010 3 1 60 0.4 10.3 12.5 1.2 1 -999.9 -999.9 365
sta6 2010 3 2 61 3.9 10.5 7.1 1.1 1.2 -999.9 -999.9 365
sta6 2010 3 3 62 0.5 8.8 9.8 1.9 0 -999.9 -999.9 365
sta6 2010 3 4 63 0.5 8.4 14.1 2.3 0 -999.9 -999.9 365
sta6 2010 3 5 64 -5.2 4.6 15.9 1.4 0 -999.9 -999.9 365
sta6 2010 3 6 65 -2.4 4.4 7.4 1.2 1.4 -999.9 -999.9 365
sta6 2010 3 7 66 -6 2.1 14.3 1.6 0 -999.9 -999.9 365
sta6 2010 3 8 67 -5.7 4.6 16.9 2.1 0 -999.9 -999.9 365
sta6 2010 3 9 68 -5.1 1.5 14.9 1.8 0 -999.9 -999.9 365
sta6 2010 3 10 69 -3.4 2 6.6 2 2 -999.9 -999.9 365
sta6 2010 3 11 70 -2.4 3.5 10 1.1 0.2 -999.9 -999.9 365
sta6 2010 3 12 71 -9.4 7.4 15.9 1 0 -999.9 -999.9 365
sta6 2010 3 13 72 -6.4 7.8 10.6 0.8 0 -999.9 -999.9 365
sta6 2010 3 14 73 1.5 5.7 5.4 1.1 0 -999.9 -999.9 365
sta6 2010 3 15 74 1.3 10.4 11.4 1.5 0 -999.9 -999.9 365
sta6 2010 3 16 75 0.3 12 13.9 1.7 0 -999.9 -999.9 365
sta6 2010 3 17 76 -1.5 16.8 14.8 2.2 0 -999.9 -999.9 365
sta6 2010 3 18 77 3.1 15.4 13.3 3.3 0 -999.9 -999.9 365
sta6 2010 3 19 78 8.2 19.8 15.3 3.9 3.6 -999.9 -999.9 365
sta6 2010 3 20 79 10.7 15.8 4.6 1.5 0.4 -999.9 -999.9 365
sta6 2010 3 21 80 9 12.9 5.3 1.7 0 -999.9 -999.9 365
sta6 2010 3 22 81 0.3 16.6 17.8 1.7 0 -999.9 -999.9 365
sta6 2010 3 23 82 0.3 18.8 18.5 2.1 0 -999.9 -999.9 365
sta6 2010 3 24 83 4.1 19 13.7 2.9 0 -999.9 -999.9 365
sta6 2010 3 25 84 10.2 20.3 13.7 3.7 6.6 -999.9 -999.9 365
sta6 2010 3 26 85 6.6 11.4 5.2 1.3 3.8 -999.9 -999.9 365
sta6 2010 3 27 86 5.4 11.2 7.4 1.2 0.8 -999.9 -999.9 365
sta6 2010 3 28 87 6.5 10.4 5.5 0.7 9.6 -999.9 -999.9 365
sta6 2010 3 29 88 9.3 17.2 15.7 2.8 4 -999.9 -999.9 365
sta6 2010 3 30 89 5.2 11.5 7.3 1.6 4.4 -999.9 -999.9 365
sta6 2010 3 31 90 4.3 11.8 14.2 2.3 2.4 -999.9 -999.9 365
sta6 2010 4 1 91 -0.3 10.6 15.9 2.1 1.8 -999.9 -999.9 365
sta6 2010 4 2 92 0.2 11.7 11.9 1.5 3.6 -999.9 -999.9 365
sta6 2010 4 3 93 5.2 9 5.8 1.1 1.2 -999.9 -999.9 365
sta6 2010 4 4 94 5.3 11.2 9.3 2.2 1.2 -999.9 -999.9 365
sta6 2010 4 5 95 0.9 13 20.5 2 0 -999.9 -999.9 365
sta6 2010 4 6 96 -0.8 18.3 22.4 3.3 0 -999.9 -999.9 365
sta6 2010 4 7 97 7.9 19.1 10.6 2.8 3.8 -999.9 -999.9 365
sta6 2010 4 8 98 8.3 9.8 2.2 0.7 0.4 -999.9 -999.9 365
sta6 2010 4 9 99 8.4 16.6 15.4 2.6 0 -999.9 -999.9 365
sta6 2010 4 10 100 4.4 16.2 19.1 2.8 0 -999.9 -999.9 365
sta6 2010 4 11 101 2.6 11.9 15.6 2.3 0 -999.9 -999.9 365
sta6 2010 4 12 102 0.9 8.5 8.4 1.2 0.8 -999.9 -999.9 365
sta6 2010 4 13 103 1.3 11.3 11.6 1.3 0.2 -999.9 -999.9 365
sta6 2010 4 14 104 0 13.7 14.1 1.5 0.4 -999.9 -999.9 365
sta6 2010 4 15 105 2.2 14 16.1 2 0 -999.9 -999.9 365
sta6 2010 4 16 106 3.6 16.9 17.5 2.5 0 -999.9 -999.9 365
sta6 2010 4 17 107 3.7 18.8 23 3 0 -999.9 -999.9 365
sta6 2010 4 18 108 2.5 21.3 22.1 3 0 -999.9 -999.9 365
sta6 2010 4 19 109 2.2 20.2 23.5 3.4 0 -999.9 -999.9 365
sta6 2010 4 20 110 5.5 20.1 21.8 3.6 0 -999.9 -999.9 365
sta6 2010 4 21 111 1.3 16.5 22.1 2.9 0 -999.9 -999.9 365
sta6 2010 4 22 112 2.5 17.3 23.6 3.3 0 -999.9 -999.9 365
sta6 2010 4 23 113 1.1 21.1 24.4 3.9 0 -999.9 -999.9 365
sta6 2010 4 24 114 1.7 24.3 24.7 3.9 0 -999.9 -999.9 365
sta6 2010 4 25 115 4.2 24.4 22.3 4.1 0 -999.9 -999.9 365
sta6 2010 4 26 116 7.9 19.3 20 3.1 0 -999.9 -999.9 365
sta6 2010 4 27 117 3.8 21.3 24.8 3.4 0 -999.9 -999.9 365
sta6 2010 4 28 118 4.7 24.6 25.2 4.3 0 -999.9 -999.9 365
sta6 2010 4 29 119 7.9 26.5 20.1 4.8 0.4 -999.9 -999.9 365
sta6 2010 4 30 120 12.5 15.8 7.7 2 0.4 -999.9 -999.9 365
sta6 2010 5 1 121 9.1 16.4 10.2 1.9 0 -999.9 -999.9 365
sta6 2010 5 2 122 7.8 17.3 14 2.6 0.2 -999.9 -999.9 365
sta6 2010 5 3 123 4.8 9.7 7.8 1.5 0.4 -999.9 -999.9 365
sta6 2010 5 4 124 4.4 11.5 7.8 2.1 1.8 -999.9 -999.9 365
sta6 2010 5 5 125 5 9.2 5.5 2.2 3.8 -999.9 -999.9 365
sta6 2010 5 6 126 4.9 6.6 3.3 0.6 5.2 -999.9 -999.9 365
sta6 2010 5 7 127 6 14.1 13.5 1.9 0 -999.9 -999.9 365
sta6 2010 5 8 128 5.7 16.7 14.4 2 4.8 -999.9 -999.9 365
sta6 2010 5 9 129 7.4 17 15.1 1.8 0.4 -999.9 -999.9 365
sta6 2010 5 10 130 10.1 15.2 12.3 1.9 1 -999.9 -999.9 365
sta6 2010 5 11 131 7.5 12.4 5.7 1.1 12.2 -999.9 -999.9 365
sta6 2010 5 12 132 5.3 8.1 5.1 1 0 -999.9 -999.9 365
sta6 2010 5 13 133 5 12.1 8.6 1.5 0 -999.9 -999.9 365
sta6 2010 5 14 134 5.8 10.5 7 1.2 0.2 -999.9 -999.9 365
sta6 2010 5 15 135 6.6 12.4 7.5 1.8 0 -999.9 -999.9 365
sta6 2010 5 16 136 6.6 16.1 18.2 2.8 0 -999.9 -999.9 365
sta6 2010 5 17 137 3.8 16.5 16.6 2.3 1.6 -999.9 -999.9 365
sta6 2010 5 18 138 3.4 17.1 23.6 2.9 0 -999.9 -999.9 365
sta6 2010 5 19 139 2.6 15 22.4 2.9 0 -999.9 -999.9 365
sta6 2010 5 20 140 9.4 18.5 24.3 3.5 0 -999.9 -999.9 365
sta6 2010 5 21 141 5.7 22.4 27.4 3.8 0 -999.9 -999.9 365
sta6 2010 5 22 142 7 24.4 28.2 4.3 0 -999.9 -999.9 365
sta6 2010 5 23 143 10.2 25.3 28.5 4.9 0 -999.9 -999.9 365
sta6 2010 5 24 144 8.2 28.6 29.3 5 0 -999.9 -999.9 365
sta6 2010 5 25 145 10.9 30.3 25.1 5.8 0.2 -999.9 -999.9 365
sta6 2010 5 26 146 15.3 23 16.1 3.5 16 -999.9 -999.9 365
sta6 2010 5 27 147 12.7 21.5 17.4 3.1 0 -999.9 -999.9 365
sta6 2010 5 28 148 11 17.4 14.6 2.9 0 -999.9 -999.9 365
sta6 2010 5 29 149 5.2 20.6 20 2.9 14 -999.9 -999.9 365
sta6 2010 5 30 150 12.3 16.2 11.9 2.3 12.8 -999.9 -999.9 365
sta6 2010 5 31 151 9.3 13.9 13 2 0.6 -999.9 -999.9 365
sta6 2010 6 1 152 10.5 15.9 11.4 1.9 7.4 -999.9 -999.9 365
sta6 2010 6 2 153 10 20.9 19.7 3.4 0 -999.9 -999.9 365
sta6 2010 6 3 154 8.3 23.1 25.9 4 0 -999.9 -999.9 365
sta6 2010 6 4 155 9.9 26.8 29.5 4.4 0 -999.9 -999.9 365
sta6 2010 6 5 156 11.2 28.7 29.2 5 0 -999.9 -999.9 365
sta6 2010 6 6 157 14.8 28.4 16.7 4 6.4 -999.9 -999.9 365
sta6 2010 6 7 158 13 23.4 23.5 4 0 -999.9 -999.9 365
sta6 2010 6 8 159 12.5 20.5 6.6 1.5 12.8 -999.9 -999.9 365
sta6 2010 6 9 160 15.4 23 10.6 2.5 3.2 -999.9 -999.9 365
sta6 2010 6 10 161 16.3 24.1 9.1 2.8 15 -999.9 -999.9 365
sta6 2010 6 11 162 14.5 26.8 26.9 4.6 0.4 -999.9 -999.9 365
sta6 2010 6 12 163 13.3 22.4 16.8 3.3 0.4 -999.9 -999.9 365
sta6 2010 6 13 164 12.2 20.9 19.3 3.3 0 -999.9 -999.9 365
sta6 2010 6 14 165 11.6 19.5 12.9 2.4 1.8 -999.9 -999.9 365
sta6 2010 6 15 166 12.8 20.5 16.1 3.5 0.8 -999.9 -999.9 365
sta6 2010 6 16 167 12.2 19.3 12.6 3 13.8 -999.9 -999.9 365
sta6 2010 6 17 168 12.8 19.7 8.7 1.9 0.6 -999.9 -999.9 365
sta6 2010 6 18 169 12.9 21.5 13.5 2.7 0.8 -999.9 -999.9 365
sta6 2010 6 19 170 10.9 16.1 15.1 3.1 0.2 -999.9 -999.9 365
sta6 2010 6 20 171 5.9 14.2 12.5 2 0 -999.9 -999.9 365
sta6 2010 6 21 172 6.9 17.6 21.5 2.9 0 -999.9 -999.9 365
sta6 2010 6 22 173 5.9 20.3 23.9 3.5 0 -999.9 -999.9 365
sta6 2010 6 23 174 6.1 23.3 29.1 4.4 0 -999.9 -999.9 365
sta6 2010 6 24 175 8.2 26.4 29.4 4.5 0 -999.9 -999.9 365
sta6 2010 6 25 176 11.3 27.8 27.5 4.8 0 -999.9 -999.9 365
sta6 2010 6 26 177 12.5 28.9 26.8 5.1 0 -999.9 -999.9 365
sta6 2010 6 27 178 13.3 30.4 28.3 5.6 0 -999.9 -999.9 365
sta6 2010 6 28 179 14.1 30.5 27 5.6 0 -999.9 -999.9 365
sta6 2010 6 29 180 14.7 29.9 25.4 5.4 0 -999.9 -999.9 365
sta6 2010 6 30 181 13.8 29.7 28.6 5.9 0 -999.9 -999.9 365
sta6 2010 7 1 182 13.9 32 27.6 6.2 0 -999.9 -999.9 365
sta6 2010 7 2 183 15.3 34 27.9 6.4 0 -999.9 -999.9 365
sta6 2010 7 3 184 19.1 31.9 26.6 6.1 0 -999.9 -999.9 365
sta6 2010 7 4 185 17.5 27.9 22.4 5.3 0 -999.9 -999.9 365
sta6 2010 7 5 186 11.3 28.2 24.5 5.4 0 -999.9 -999.9 365
sta6 2010 7 6 187 12.4 25.4 25.9 4.9 0 -999.9 -999.9 365
sta6 2010 7 7 188 10.4 29.4 29 5.6 0 -999.9 -999.9 365
sta6 2010 7 8 189 13.2 34.1 28.9 6.7 0 -999.9 -999.9 365
sta6 2010 7 9 190 17.1 32.1 17.2 5.9 0 -999.9 -999.9 365
sta6 2010 7 10 191 18.8 32.8 24 5.9 0 -999.9 -999.9 365
sta6 2010 7 11 192 18.9 35 27.2 6.4 0 -999.9 -999.9 365
sta6 2010 7 12 193 18.3 27.9 7.6 3.2 12.2 -999.9 -999.9 365
sta6 2010 7 13 194 16.1 29.6 22.7 4.8 0.2 -999.9 -999.9 365
sta6 2010 7 14 195 15.9 34 20.9 6.5 7.4 -999.9 -999.9 365
sta6 2010 7 15 196 15.1 25.7 26.2 5.8 0 -999.9 -999.9 365
sta6 2010 7 16 197 11.8 31.7 26.6 5.6 4.6 -999.9 -999.9 365
sta6 2010 7 17 198 15.5 23.4 16.7 4.3 0 -999.9 -999.9 365
sta6 2010 7 18 199 8.4 26.6 28.7 5.1 0 -999.9 -999.9 365
sta6 2010 7 19 200 10.4 29.8 28.3 5.9 0 -999.9 -999.9 365
sta6 2010 7 20 201 13.5 32.1 27.2 6.5 0 -999.9 -999.9 365
sta6 2010 7 21 202 16.6 27.3 8.1 3.9 9.4 -999.9 -999.9 365
sta6 2010 7 22 203 16 17.7 5.2 1.7 2.8 -999.9 -999.9 365
sta6 2010 7 23 204 11.9 20.2 12.8 2.9 1.4 -999.9 -999.9 365
sta6 2010 7 24 205 12.4 21.4 17 3.4 0 -999.9 -999.9 365
sta6 2010 7 25 206 9 22.6 12.2 2.4 2.2 -999.9 -999.9 365
sta6 2010 7 26 207 14.3 21.3 11.8 2.3 3.4 -999.9 -999.9 365
sta6 2010 7 27 208 12.2 24 15.9 3 2.2 -999.9 -999.9 365
sta6 2010 7 28 209 14 25.5 15.8 3.4 0.8 -999.9 -999.9 365
sta6 2010 7 29 210 13.8 20.9 12.4 3 0.4 -999.9 -999.9 365
sta6 2010 7 30 211 13 22.5 20.8 3.5 0 -999.9 -999.9 365
sta6 2010 7 31 212 10.5 28.9 24.8 5 0 -999.9 -999.9 365
sta6 2010 8 1 213 17.7 28.8 19.6 5.3 0.2 -999.9 -999.9 365
sta6 2010 8 2 214 17.4 25 16.9 3.6 0 -999.9 -999.9 365
sta6 2010 8 3 215 13.9 23.9 20.1 3.6 0 -999.9 -999.9 365
sta6 2010 8 4 216 12.4 23 10.8 2.9 1.8 -999.9 -999.9 365
sta6 2010 8 5 217 13 20.6 15.2 3.5 0.4 -999.9 -999.9 365
sta6 2010 8 6 218 6.8 22.9 21.5 3.7 0 -999.9 -999.9 365
sta6 2010 8 7 219 8.1 28 23.6 4.2 0 -999.9 -999.9 365
sta6 2010 8 8 220 16.4 24.6 18.7 4.1 0 -999.9 -999.9 365
sta6 2010 8 9 221 10.3 28.4 21.5 4.2 0 -999.9 -999.9 365
sta6 2010 8 10 222 12.2 28.5 19.3 4.3 0 -999.9 -999.9 365
sta6 2010 8 11 223 17.4 24 10.3 3.1 5.2 -999.9 -999.9 365
sta6 2010 8 12 224 16 22.5 17.4 3.9 0 -999.9 -999.9 365
sta6 2010 8 13 225 10.2 22.3 15.2 3.3 0 -999.9 -999.9 365
sta6 2010 8 14 226 12.9 22.9 13.8 3.1 17.4 -999.9 -999.9 365
sta6 2010 8 15 227 13.6 14.6 4.7 1.1 42.8 -999.9 -999.9 365
sta6 2010 8 16 228 12.1 14.1 2.7 0.7 13.8 -999.9 -999.9 365
sta6 2010 8 17 229 12.4 18.7 11.7 2.3 1 -999.9 -999.9 365
sta6 2010 8 18 230 14 23.2 12.8 3.2 0.6 -999.9 -999.9 365
sta6 2010 8 19 231 11.2 24.5 21.4 3.5 0 -999.9 -999.9 365
sta6 2010 8 20 232 13.3 29.5 20.8 3.8 0.2 -999.9 -999.9 365
sta6 2010 8 21 233 15.8 32 23.3 4.8 0 -999.9 -999.9 365
sta6 2010 8 22 234 17 26 10.1 3.1 0.6 -999.9 -999.9 365
sta6 2010 8 23 235 17.8 24.6 10.1 2.9 23.4 -999.9 -999.9 365
sta6 2010 8 24 236 13.9 20.5 16.4 3.3 4.4 -999.9 -999.9 365
sta6 2010 8 25 237 9 23.5 16.3 3.1 0 -999.9 -999.9 365
sta6 2010 8 26 238 16.7 29.6 18.4 4.6 1 -999.9 -999.9 365
sta6 2010 8 27 239 17.4 22.9 12.3 3.2 14 -999.9 -999.9 365
sta6 2010 8 28 240 12.5 19.4 16.5 2.9 0 -999.9 -999.9 365
sta6 2010 8 29 241 7.6 18.9 13.7 2.3 1.6 -999.9 -999.9 365
sta6 2010 8 30 242 8.5 16.4 12.8 2 0.8 -999.9 -999.9 365
sta6 2010 8 31 243 9.2 19.4 18.6 2.6 0 -999.9 -999.9 365
sta6 2010 9 1 244 5.7 20.9 22.2 3.1 0 -999.9 -999.9 365
sta6 2010 9 2 245 8.2 23.6 19.2 3.2 0 -999.9 -999.9 365
sta6 2010 9 3 246 9.9 24.6 21.4 3.2 0 -999.9 -999.9 365
sta6 2010 9 4 247 8.2 23.3 18.7 2.9 0 -999.9 -999.9 365
sta6 2010 9 5 248 8.2 22.8 20.4 3.2 0 -999.9 -999.9 365
sta6 2010 9 6 249 10.9 20.8 9.9 2.4 7.8 -999.9 -999.9 365
sta6 2010 9 7 250 14.8 17.6 3.1 0.8 5.8 -999.9 -999.9 365
sta6 2010 9 8 251 13.1 17.1 9.1 1.9 5.8 -999.9 -999.9 365
sta6 2010 9 9 252 9.6 20.6 14.2 1.9 0.2 -999.9 -999.9 365
sta6 2010 9 10 253 8.5 21.9 18.6 2.4 0 -999.9 -999.9 365
sta6 2010 9 11 254 8.8 25.2 19.1 2.7 0 -999.9 -999.9 365
sta6 2010 9 12 255 10.2 23.8 12.8 2.3 1.2 -999.9 -999.9 365
sta6 2010 9 13 256 11.1 19 15 2 0 -999.9 -999.9 365
sta6 2010 9 14 257 8.6 20.9 13.2 2.6 0 -999.9 -999.9 365
sta6 2010 9 15 258 10.9 13.8 4.4 1 6.8 -999.9 -999.9 365
sta6 2010 9 16 259 9.7 16.3 11.4 1.9 0 -999.9 -999.9 365
sta6 2010 9 17 260 7.1 18.7 12.8 1.8 0 -999.9 -999.9 365
sta6 2010 9 18 261 3.4 15.2 16.5 2 0 -999.9 -999.9 365
sta6 2010 9 19 262 1.5 18.7 18.4 1.9 0 -999.9 -999.9 365
sta6 2010 9 20 263 3.9 22.3 18.3 2.2 0 -999.9 -999.9 365
sta6 2010 9 21 264 4.6 23.9 17.9 2.3 0 -999.9 -999.9 365
sta6 2010 9 22 265 8.4 25.7 17.3 2.6 0 -999.9 -999.9 365
sta6 2010 9 23 266 10.4 25.8 15.1 3 26.4 -999.9 -999.9 365
sta6 2010 9 24 267 10.9 15.2 5 1 19 -999.9 -999.9 365
sta6 2010 9 25 268 9.8 14 7.3 1.5 0.4 -999.9 -999.9 365
sta6 2010 9 26 269 6.2 11.5 8.5 1.1 4.8 -999.9 -999.9 365
sta6 2010 9 27 270 7.5 11.1 5 0.9 0.4 -999.9 -999.9 365
sta6 2010 9 28 271 6.9 13.4 6.8 0.8 0 -999.9 -999.9 365
sta6 2010 9 29 272 10.3 14.9 3.2 0.6 0 -999.9 -999.9 365
sta6 2010 9 30 273 11.1 14.2 3.2 0.7 1.2 -999.9 -999.9 365
sta6 2010 10 1 274 10.1 16.6 13.4 1.4 4 -999.9 -999.9 365
sta6 2010 10 2 275 11.4 21.4 10.3 2.6 0.4 -999.9 -999.9 365
sta6 2010 10 3 276 15.1 23.8 13.6 3.7 0 -999.9 -999.9 365
sta6 2010 10 4 277 14.9 22.7 4.4 2.3 1.8 -999.9 -999.9 365
sta6 2010 10 5 278 10.9 15.4 4.1 0.5 1.4 -999.9 -999.9 365
sta6 2010 10 6 279 11.5 22.1 14.2 2.3 0.2 -999.9 -999.9 365
sta6 2010 10 7 280 10 22.4 14.3 2 0 -999.9 -999.9 365
sta6 2010 10 8 281 10.4 23.5 12.6 2.1 0.2 -999.9 -999.9 365
sta6 2010 10 9 282 11.6 23.3 12.6 2.1 0 -999.9 -999.9 365
sta6 2010 10 10 283 11.6 17.1 11.2 2 0 -999.9 -999.9 365
sta6 2010 10 11 284 6.5 18 13.1 2.4 0 -999.9 -999.9 365
sta6 2010 10 12 285 3.3 18.4 13.5 1.8 0 -999.9 -999.9 365
sta6 2010 10 13 286 3 16.3 12.6 1.3 0 -999.9 -999.9 365
sta6 2010 10 14 287 0.9 13.3 7.6 0.8 0 -999.9 -999.9 365
sta6 2010 10 15 288 0.8 10.4 5.2 0.5 4.4 -999.9 -999.9 365
sta6 2010 10 16 289 6.8 10.7 4 0.8 4.2 -999.9 -999.9 365
sta6 2010 10 17 290 4.5 7.8 1.7 0.6 0 -999.9 -999.9 365
sta6 2010 10 18 291 5.2 8.3 3.2 0.9 0 -999.9 -999.9 365
sta6 2010 10 19 292 1 9.4 2.1 0.1 10 -999.9 -999.9 365
sta6 2010 10 20 293 5 8.9 5.8 0.9 1.8 -999.9 -999.9 365
sta6 2010 10 21 294 -2.6 9.2 11.7 0.8 0 -999.9 -999.9 365
sta6 2010 10 22 295 -3.2 9.9 6.7 0.7 0 -999.9 -999.9 365
sta6 2010 10 23 296 -2 13.1 7.2 0.8 6.4 -999.9 -999.9 365
sta6 2010 10 24 297 5.1 8.7 3.4 0.7 0 -999.9 -999.9 365
sta6 2010 10 25 298 1 8.9 7.8 1 0 -999.9 -999.9 365
sta6 2010 10 26 299 -1.5 11.7 10.7 0.8 0 -999.9 -999.9 365
sta6 2010 10 27 300 0.3 14 7.7 1.5 0 -999.9 -999.9 365
sta6 2010 10 28 301 2.7 11.5 4.7 1 0.4 -999.9 -999.9 365
sta6 2010 10 29 302 1.9 16.2 8.9 1.8 0 -999.9 -999.9 365
sta6 2010 10 30 303 9.6 14.7 3.9 1.3 2.8 -999.9 -999.9 365
sta6 2010 10 31 304 9.1 15.9 6 1.2 4 -999.9 -999.9 365
sta6 2010 11 1 305 8 13.4 5.3 0.9 0 -999.9 -999.9 365
sta6 2010 11 2 306 8.7 13.1 6.9 0.8 0.4 -999.9 -999.9 365
sta6 2010 11 3 307 9.9 14.6 2.9 0.6 1 -999.9 -999.9 365
sta6 2010 11 4 308 12.4 15.5 3.1 0.7 0.8 -999.9 -999.9 365
sta6 2010 11 5 309 9.8 14.8 5.7 1.3 0 -999.9 -999.9 365
sta6 2010 11 6 310 10.6 12.8 2.5 0.9 14.6 -999.9 -999.9 365
sta6 2010 11 7 311 5.5 7.7 1.6 0.3 3.4 -999.9 -999.9 365
sta6 2010 11 8 312 2.7 6.3 3.6 0.6 6.6 -999.9 -999.9 365
sta6 2010 11 9 313 3.1 10.2 3.4 0.4 2.4 -999.9 -999.9 365
sta6 2010 11 10 314 5.4 8 1.2 0.5 3.2 -999.9 -999.9 365
sta6 2010 11 11 315 3.1 12.4 3.1 0.9 18.4 -999.9 -999.9 365
sta6 2010 11 12 316 7.1 13.8 1.9 0.4 2.2 -999.9 -999.9 365
sta6 2010 11 13 317 12.7 15.5 2.8 1.9 0 -999.9 -999.9 365
sta6 2010 11 14 318 10.4 18 5.1 2.1 12.4 -999.9 -999.9 365
sta6 2010 11 15 319 6 7.2 1.1 0.2 1.4 -999.9 -999.9 365
sta6 2010 11 16 320 3.8 8.7 2.6 0.4 0 -999.9 -999.9 365
sta6 2010 11 17 321 1.3 5.9 2.9 0.4 0.4 -999.9 -999.9 365
sta6 2010 11 18 322 3.7 6.6 1.3 0.3 1.6 -999.9 -999.9 365
sta6 2010 11 19 323 4.5 9.7 3.8 0.5 1.6 -999.9 -999.9 365
sta6 2010 11 20 324 0.3 9 3.2 0.3 0.4 -999.9 -999.9 365
sta6 2010 11 21 325 3.3 5 3.7 0.4 0.6 -999.9 -999.9 365
sta6 2010 11 22 326 2.7 3.9 0.6 0.1 1 -999.9 -999.9 365
sta6 2010 11 23 327 1.4 3.1 0.9 0.2 0.2 -999.9 -999.9 365
sta6 2010 11 24 328 0.8 3.8 1.8 0.2 2.6 -999.9 -999.9 365
sta6 2010 11 25 329 0 2.4 0.8 0.1 8 -999.9 -999.9 365
sta6 2010 11 26 330 -1 -0.3 0.7 0.2 1.4 -999.9 -999.9 365
sta6 2010 11 27 331 -4.5 -0.3 5.4 0.2 0.8 -999.9 -999.9 365
sta6 2010 11 28 332 -4.1 0 5.9 0.1 1.6 -999.9 -999.9 365
sta6 2010 11 29 333 -1.4 -0.3 2.2 0.2 1.4 -999.9 -999.9 365
sta6 2010 11 30 334 -8.8 -2.8 4 0 0 -999.9 -999.9 365
sta6 2010 12 1 335 -4.1 -2 1.2 0.2 0 -999.9 -999.9 365
sta6 2010 12 2 336 -5.5 -0.9 3.9 0.3 1 -999.9 -999.9 365
sta6 2010 12 3 337 -4.4 -0.5 2.2 0.2 0 -999.9 -999.9 365
sta6 2010 12 4 338 -4.5 -1 5.1 0.5 0 -999.9 -999.9 365
sta6 2010 12 5 339 -3.7 3.9 1.5 0.4 7.2 -999.9 -999.9 365
sta6 2010 12 6 340 0.3 2 1.1 0.1 14.2 -999.9 -999.9 365
sta6 2010 12 7 341 0.8 7.1 1 0.1 16.6 -999.9 -999.9 365
sta6 2010 12 8 342 1.9 9.6 1 0.1 18.2 -999.9 -999.9 365
sta6 2010 12 9 343 -2.2 0.3 1.9 0.1 0 -999.9 -999.9 365
sta6 2010 12 10 344 -2 2 1.3 0 0.8 -999.9 -999.9 365
sta6 2010 12 11 345 1.2 3.3 1 0 0.6 -999.9 -999.9 365
sta6 2010 12 12 346 2.3 4.1 2.5 0.3 0.6 -999.9 -999.9 365
sta6 2010 12 13 347 -3.1 0.3 5.5 0.5 0.6 -999.9 -999.9 365
sta6 2010 12 14 348 -6.6 -1.7 2.9 0.2 0.2 -999.9 -999.9 365
sta6 2010 12 15 349 -6.1 -3.1 1.8 0.2 2.6 -999.9 -999.9 365
sta6 2010 12 16 350 -9.3 0.9 1.5 0.1 9.6 -999.9 -999.9 365
sta6 2010 12 17 351 -6.7 -0.9 3 0 1 -999.9 -999.9 365
sta6 2010 12 18 352 -7.9 0.7 3.4 0.1 4.2 -999.9 -999.9 365
sta6 2010 12 19 353 -2.8 5.2 4.1 0.4 4.8 -999.9 -999.9 365
sta6 2010 12 20 354 0.2 6.2 1.4 0.3 10.6 -999.9 -999.9 365
sta6 2010 12 21 355 2.5 6 1.6 0.1 5.6 -999.9 -999.9 365
sta6 2010 12 22 356 4 9 1.4 0.1 12.6 -999.9 -999.9 365
sta6 2010 12 23 357 2.5 7.1 0.8 0 4.8 -999.9 -999.9 365
sta6 2010 12 24 358 -2.8 -0.8 0.9 0.1 8.2 -999.9 -999.9 365
sta6 2010 12 25 359 -6.5 -3.8 3.1 0.3 0.4 -999.9 -999.9 365
sta6 2010 12 26 360 -13.7 -3 3.2 0 0 -999.9 -999.9 365
sta6 2010 12 27 361 -5.1 -1.4 3.5 0.4 0 -999.9 -999.9 365
sta6 2010 12 28 362 -6.2 1.4 1.7 0 4.2 -999.9 -999.9 365
sta6 2010 12 29 363 0.7 4.4 2.6 0.1 0.4 -999.9 -999.9 365
sta6 2010 12 30 364 1 3.8 2.9 0 0 -999.9 -999.9 365
sta6 2010 12 31 365 -1.5 0.2 1.3 0.1 0 -999.9 -999.9 365
