sta6 2014 1 1 1 3.7 8.9 3.5 0.7 10.2 -999.9 -999.9 365
sta6 2014 1 2 2 7.1 10 3.2 1.1 0.4 -999.9 -999.9 365
sta6 2014 1 3 3 4.8 12.1 3.2 0.9 0.6 -999.9 -999.9 365
sta6 2014 1 4 4 4.6 8.9 1.5 0.4 8 -999.9 -999.9 365
sta6 2014 1 5 5 2.9 7.9 3.1 0.7 0 -999.9 -999.9 365
sta6 2014 1 6 6 4.7 12.8 1.9 1.2 0.4 -999.9 -999.9 365
sta6 2014 1 7 7 6.9 13.8 3.3 1.3 1.2 -999.9 -999.9 365
sta6 2014 1 8 8 8.3 14.6 4.7 1.4 0 -999.9 -999.9 365
sta6 2014 1 9 9 7.7 12.8 1.7 1.6 2 -999.9 -999.9 365
sta6 2014 1 10 10 3.2 10.5 5.5 0.7 0.2 -999.9 -999.9 365
sta6 2014 1 11 11 1.6 7.4 2.2 0.1 0.2 -999.9 -999.9 365
sta6 2014 1 12 12 2.7 7.8 3.1 0.3 0.6 -999.9 -999.9 365
sta6 2014 1 13 13 4.4 8.3 1.4 0.2 7.2 -999.9 -999.9 365
sta6 2014 1 14 14 2.5 6.4 2 0.5 2 -999.9 -999.9 365
sta6 2014 1 15 15 -0.1 5.4 2 0.2 1.4 -999.9 -999.9 365
sta6 2014 1 16 16 4.1 8.9 1.1 0.9 0.2 -999.9 -999.9 365
sta6 2014 1 17 17 4.1 10.6 6.6 1.4 0 -999.9 -999.9 365
sta6 2014 1 18 18 3.1 10.6 4.6 1.1 2.4 -999.9 -999.9 365
sta6 2014 1 19 19 5 7.9 1.6 0.4 9.6 -999.9 -999.9 365
sta6 2014 1 20 20 3.2 5.1 0.7 0.2 1.8 -999.9 -999.9 365
sta6 2014 1 21 21 1.8 3.7 1.3 0.2 0 -999.9 -999.9 365
sta6 2014 1 22 22 -2.4 3 5 0.2 0.8 -999.9 -999.9 365
sta6 2014 1 23 23 -0.6 5.6 1.6 0.2 6.4 -999.9 -999.9 365
sta6 2014 1 24 24 0.2 6.3 6.1 0.6 0 -999.9 -999.9 365
sta6 2014 1 25 25 -4 6.1 5.3 0.4 4 -999.9 -999.9 365
sta6 2014 1 26 26 0.9 7.9 2.8 0.6 9.2 -999.9 -999.9 365
sta6 2014 1 27 27 3 5.6 4.2 1.1 0.6 -999.9 -999.9 365
sta6 2014 1 28 28 0.7 4.8 3.7 0.7 0 -999.9 -999.9 365
sta6 2014 1 29 29 1 4.7 3.3 0.8 0 -999.9 -999.9 365
sta6 2014 1 30 30 2.4 7.4 4.5 0.6 0 -999.9 -999.9 365
sta6 2014 1 31 31 -1.5 8.3 7.9 0.6 0.6 -999.9 -999.9 365
sta6 2014 2 1 32 2.4 4.8 0.7 0.4 6 -999.9 -999.9 365
sta6 2014 2 2 33 1.8 8.3 6.8 0.7 0 -999.9 -999.9 365
sta6 2014 2 3 34 -4 7.5 7.4 0.5 0 -999.9 -999.9 365
sta6 2014 2 4 35 2.1 8.2 5.8 1.2 0.4 -999.9 -999.9 365
sta6 2014 2 5 36 2.9 7.2 2.9 0.8 5 -999.9 -999.9 365
sta6 2014 2 6 37 3.6 11.1 5.1 1.7 0 -999.9 -999.9 365
sta6 2014 2 7 38 5.7 10.9 4 2.2 1 -999.9 -999.9 365
sta6 2014 2 8 39 3.6 6.6 1.4 1 7.2 -999.9 -999.9 365
sta6 2014 2 9 40 3.5 8.1 5.8 1.7 2.4 -999.9 -999.9 365
sta6 2014 2 10 41 2.2 4.7 1.4 0.3 6.8 -999.9 -999.9 365
sta6 2014 2 11 42 2.9 8.6 8 1.2 0.4 -999.9 -999.9 365
sta6 2014 2 12 43 1.8 9 9.7 1 1.2 -999.9 -999.9 365
sta6 2014 2 13 44 3.2 8.3 1.8 1 10.8 -999.9 -999.9 365
sta6 2014 2 14 45 0.9 11.4 3.1 1.3 0 -999.9 -999.9 365
sta6 2014 2 15 46 6.9 10.5 2.7 1.4 3.2 -999.9 -999.9 365
sta6 2014 2 16 47 4.6 9 5.8 1.1 0.8 -999.9 -999.9 365
sta6 2014 2 17 48 -1.2 10.8 10.3 0.8 0 -999.9 -999.9 365
sta6 2014 2 18 49 1.5 11.1 6 1.1 0.4 -999.9 -999.9 365
sta6 2014 2 19 50 5.1 10.4 4.5 0.7 0.8 -999.9 -999.9 365
sta6 2014 2 20 51 2.8 10.9 5.5 0.6 0.6 -999.9 -999.9 365
sta6 2014 2 21 52 5.2 8.9 6.4 1.3 0 -999.9 -999.9 365
sta6 2014 2 22 53 1.9 5 2.6 0.3 7 -999.9 -999.9 365
sta6 2014 2 23 54 3.6 11.5 8.9 1.1 0 -999.9 -999.9 365
sta6 2014 2 24 55 2.4 15.3 12 2 0 -999.9 -999.9 365
sta6 2014 2 25 56 4.9 9.7 4.9 1.6 7 -999.9 -999.9 365
sta6 2014 2 26 57 4.5 8.7 4.9 1 0.2 -999.9 -999.9 365
sta6 2014 2 27 58 -0.2 7.1 4.1 0.5 5.8 -999.9 -999.9 365
sta6 2014 2 28 59 3.6 6.3 3.4 0.6 3.8 -999.9 -999.9 365
sta6 2014 3 1 60 3 6.3 4 0.7 0.6 -999.9 -999.9 365
sta6 2014 3 2 61 0.8 9.4 10.8 1.1 1.4 -999.9 -999.9 365
sta6 2014 3 3 62 3.4 10.1 9.9 1.4 1.8 -999.9 -999.9 365
sta6 2014 3 4 63 3.7 8.2 6.7 1.1 0 -999.9 -999.9 365
sta6 2014 3 5 64 -1.7 11.4 12.7 1.2 0 -999.9 -999.9 365
sta6 2014 3 6 65 -2.4 12.8 14.5 1.4 0 -999.9 -999.9 365
sta6 2014 3 7 66 -1.4 14.1 14.3 1.4 0 -999.9 -999.9 365
sta6 2014 3 8 67 -0.7 17.8 15.3 2.4 0 -999.9 -999.9 365
sta6 2014 3 9 68 3.6 18.9 15.3 2.7 0 -999.9 -999.9 365
sta6 2014 3 10 69 0.6 18.8 15.4 2.4 0 -999.9 -999.9 365
sta6 2014 3 11 70 2.1 17.7 13.6 2.9 0 -999.9 -999.9 365
sta6 2014 3 12 71 -0.2 16.6 15.7 2.2 0 -999.9 -999.9 365
sta6 2014 3 13 72 0.2 18.8 15.1 1.9 0 -999.9 -999.9 365
sta6 2014 3 14 73 1.2 19.6 14.9 2.1 0 -999.9 -999.9 365
sta6 2014 3 15 74 1.7 8.2 3.2 0.4 0.2 -999.9 -999.9 365
sta6 2014 3 16 75 2.7 16.4 15.2 2.1 0 -999.9 -999.9 365
sta6 2014 3 17 76 1.2 17.6 17 1.8 0 -999.9 -999.9 365
sta6 2014 3 18 77 0.5 17 11 1.6 0 -999.9 -999.9 365
sta6 2014 3 19 78 7.5 15.3 14.3 2.3 0 -999.9 -999.9 365
sta6 2014 3 20 79 2.5 22.4 17.7 3.3 0 -999.9 -999.9 365
sta6 2014 3 21 80 10.5 16.1 4.1 2.1 9 -999.9 -999.9 365
sta6 2014 3 22 81 5.2 10.7 7.3 1.4 5.8 -999.9 -999.9 365
sta6 2014 3 23 82 2.2 7.9 7.7 1.3 1.6 -999.9 -999.9 365
sta6 2014 3 24 83 2.1 9.1 11.1 1.5 0.2 -999.9 -999.9 365
sta6 2014 3 25 84 -1.3 10 11.4 1.5 0 -999.9 -999.9 365
sta6 2014 3 26 85 0.3 11.2 15.3 1.8 0 -999.9 -999.9 365
sta6 2014 3 27 86 -1.5 12.2 14.2 1.5 0 -999.9 -999.9 365
sta6 2014 3 28 87 0.6 16.5 17.7 2.4 0 -999.9 -999.9 365
sta6 2014 3 29 88 2 20.1 18.6 3.5 0 -999.9 -999.9 365
sta6 2014 3 30 89 6.4 19.7 10.2 2.9 0 -999.9 -999.9 365
sta6 2014 3 31 90 5.8 21.1 16 3.1 0 -999.9 -999.9 365
sta6 2014 4 1 91 5.2 19.6 17 2.7 0 -999.9 -999.9 365
sta6 2014 4 2 92 9.2 19.2 16.6 3.4 0 -999.9 -999.9 365
sta6 2014 4 3 93 13.4 21 8 3.8 0 -999.9 -999.9 365
sta6 2014 4 4 94 12.8 15.7 4.2 2.1 0 -999.9 -999.9 365
sta6 2014 4 5 95 8.4 17 14.2 2.6 0 -999.9 -999.9 365
sta6 2014 4 6 96 3 19.9 13.8 2.4 0 -999.9 -999.9 365
sta6 2014 4 7 97 6.4 22.4 17.8 3.4 1.8 -999.9 -999.9 365
sta6 2014 4 8 98 8.8 13.8 12.9 3.1 0 -999.9 -999.9 365
sta6 2014 4 9 99 1.4 15.9 22.1 2.4 0 -999.9 -999.9 365
sta6 2014 4 10 100 1.5 20.8 21.9 2.9 0 -999.9 -999.9 365
sta6 2014 4 11 101 3.7 21.9 21.2 3.2 0 -999.9 -999.9 365
sta6 2014 4 12 102 4.3 18.1 20 2.7 0 -999.9 -999.9 365
sta6 2014 4 13 103 7.6 15.7 18.5 2.9 0 -999.9 -999.9 365
sta6 2014 4 14 104 6.6 14.4 17 2.9 0 -999.9 -999.9 365
sta6 2014 4 15 105 0.2 13.4 23.2 2.6 0 -999.9 -999.9 365
sta6 2014 4 16 106 -0.5 15 23.7 3.1 0 -999.9 -999.9 365
sta6 2014 4 17 107 0.1 19.5 23.7 3.4 0 -999.9 -999.9 365
sta6 2014 4 18 108 6.8 13.6 11.3 3.1 0 -999.9 -999.9 365
sta6 2014 4 19 109 -0.3 10.6 10.6 1.5 0 -999.9 -999.9 365
sta6 2014 4 20 110 3.4 17.9 20.6 3.4 0.2 -999.9 -999.9 365
sta6 2014 4 21 111 8.7 13 7.2 1.5 1 -999.9 -999.9 365
sta6 2014 4 22 112 7.9 20 17.5 2.8 0 -999.9 -999.9 365
sta6 2014 4 23 113 8.8 21.3 21.2 3.4 0 -999.9 -999.9 365
sta6 2014 4 24 114 10.3 22 20.1 3.3 0 -999.9 -999.9 365
sta6 2014 4 25 115 9.4 18.4 10.7 2.7 0 -999.9 -999.9 365
sta6 2014 4 26 116 6.7 17.7 13.5 2.3 0 -999.9 -999.9 365
sta6 2014 4 27 117 6.3 13.1 13.8 2.2 0.2 -999.9 -999.9 365
sta6 2014 4 28 118 8.1 14.5 12.1 2.2 0 -999.9 -999.9 365
sta6 2014 4 29 119 5.3 17.1 15.3 2.3 6.4 -999.9 -999.9 365
sta6 2014 4 30 120 9.8 16.3 11.5 2 6.2 -999.9 -999.9 365
sta6 2014 5 1 121 10.7 18.1 14.4 2.6 1 -999.9 -999.9 365
sta6 2014 5 2 122 9.6 16.3 12.1 2.2 4.2 -999.9 -999.9 365
sta6 2014 5 3 123 6.2 12.2 11.4 2.3 0 -999.9 -999.9 365
sta6 2014 5 4 124 0.1 17 26.5 3.2 0 -999.9 -999.9 365
sta6 2014 5 5 125 1.8 21.6 26.6 3.9 0 -999.9 -999.9 365
sta6 2014 5 6 126 10.3 19.6 11 3.3 4 -999.9 -999.9 365
sta6 2014 5 7 127 10.8 17.8 15.3 3 5.8 -999.9 -999.9 365
sta6 2014 5 8 128 10.8 16.9 14.4 2.8 3.6 -999.9 -999.9 365
sta6 2014 5 9 129 12.2 19.1 18.5 3.8 2 -999.9 -999.9 365
sta6 2014 5 10 130 9.4 17.6 10.7 2.5 3.4 -999.9 -999.9 365
sta6 2014 5 11 131 7.7 13.7 16.5 2.6 6 -999.9 -999.9 365
sta6 2014 5 12 132 7.1 13.1 14 2.4 2.6 -999.9 -999.9 365
sta6 2014 5 13 133 6 12.3 15.9 2.3 10.8 -999.9 -999.9 365
sta6 2014 5 14 134 5.1 15.4 18.4 2.5 1.2 -999.9 -999.9 365
sta6 2014 5 15 135 4.4 14.6 20.7 2.8 0 -999.9 -999.9 365
sta6 2014 5 16 136 3.7 18.5 26 3.4 0 -999.9 -999.9 365
sta6 2014 5 17 137 6.1 20.7 26.1 4 0 -999.9 -999.9 365
sta6 2014 5 18 138 5.4 22.8 26.6 4.2 0 -999.9 -999.9 365
sta6 2014 5 19 139 8.2 24.5 25.2 5.2 0 -999.9 -999.9 365
sta6 2014 5 20 140 12.9 24.2 19.8 5.2 0.4 -999.9 -999.9 365
sta6 2014 5 21 141 12.2 25.3 11.3 3.5 1.8 -999.9 -999.9 365
sta6 2014 5 22 142 11.2 23.8 12.6 3.6 10.4 -999.9 -999.9 365
sta6 2014 5 23 143 11 22.7 21.6 4.3 0 -999.9 -999.9 365
sta6 2014 5 24 144 7.7 18.9 22.4 3.9 0 -999.9 -999.9 365
sta6 2014 5 25 145 5.4 22.4 23.3 3.6 0.8 -999.9 -999.9 365
sta6 2014 5 26 146 12 18 12.3 2.4 1.2 -999.9 -999.9 365
sta6 2014 5 27 147 11.7 15.7 7.5 1.8 0.6 -999.9 -999.9 365
sta6 2014 5 28 148 6.5 19.5 22.4 3.3 0 -999.9 -999.9 365
sta6 2014 5 29 149 7.1 20.4 18.1 3.2 0 -999.9 -999.9 365
sta6 2014 5 30 150 6.3 20.1 19 3.1 0 -999.9 -999.9 365
sta6 2014 5 31 151 5.4 21.3 29.2 4.2 0 -999.9 -999.9 365
sta6 2014 6 1 152 7.5 20.7 22.8 3.9 0 -999.9 -999.9 365
sta6 2014 6 2 153 9.1 21.8 23.8 4.2 0 -999.9 -999.9 365
sta6 2014 6 3 154 7.4 21.9 19.6 3.2 0.4 -999.9 -999.9 365
sta6 2014 6 4 155 11 18.8 11.2 2.7 8.6 -999.9 -999.9 365
sta6 2014 6 5 156 7.5 20.7 27.4 4.4 0 -999.9 -999.9 365
sta6 2014 6 6 157 8 27.9 27.4 5.2 0 -999.9 -999.9 365
sta6 2014 6 7 158 15.7 30.4 25.1 6.3 0 -999.9 -999.9 365
sta6 2014 6 8 159 16 32.4 27.6 6.4 0 -999.9 -999.9 365
sta6 2014 6 9 160 15.8 35.3 27.4 7 0 -999.9 -999.9 365
sta6 2014 6 10 161 18.1 32.1 25 6.3 4.2 -999.9 -999.9 365
sta6 2014 6 11 162 16 28.6 24.5 5.1 0 -999.9 -999.9 365
sta6 2014 6 12 163 15.8 30.1 27 5.6 0 -999.9 -999.9 365
sta6 2014 6 13 164 15.3 28.6 28.9 6 0 -999.9 -999.9 365
sta6 2014 6 14 165 13.1 21.9 20.8 4.8 0 -999.9 -999.9 365
sta6 2014 6 15 166 9 23.5 24.2 5.2 0 -999.9 -999.9 365
sta6 2014 6 16 167 10 24.1 25.6 5.4 0 -999.9 -999.9 365
sta6 2014 6 17 168 10.2 22.3 21.5 4.8 0 -999.9 -999.9 365
sta6 2014 6 18 169 11.1 25.2 23.3 5.4 0 -999.9 -999.9 365
sta6 2014 6 19 170 11.4 25.5 27.2 5.2 0 -999.9 -999.9 365
sta6 2014 6 20 171 9.9 22.9 24.6 4.5 0 -999.9 -999.9 365
sta6 2014 6 21 172 8.7 26.5 30.5 5.1 0 -999.9 -999.9 365
sta6 2014 6 22 173 9.3 29.2 29.1 5.8 0 -999.9 -999.9 365
sta6 2014 6 23 174 13.3 25.3 14.3 3.8 4.2 -999.9 -999.9 365
sta6 2014 6 24 175 12 26.9 27.1 5.5 0 -999.9 -999.9 365
sta6 2014 6 25 176 11.3 24.4 25.9 5.4 0 -999.9 -999.9 365
sta6 2014 6 26 177 7.4 26.2 29.2 5.3 0 -999.9 -999.9 365
sta6 2014 6 27 178 13 24.7 22 5 0 -999.9 -999.9 365
sta6 2014 6 28 179 13 22.7 8.2 2.5 13 -999.9 -999.9 365
sta6 2014 6 29 180 12.3 18.2 12.8 2.7 2 -999.9 -999.9 365
sta6 2014 6 30 181 11.5 21.6 21.5 3.8 0 -999.9 -999.9 365
sta6 2014 7 1 182 8.5 24.8 26.1 4.7 0 -999.9 -999.9 365
sta6 2014 7 2 183 10.9 26.8 26.1 5.2 0 -999.9 -999.9 365
sta6 2014 7 3 184 12.9 29.5 28.3 5.8 0 -999.9 -999.9 365
sta6 2014 7 4 185 14.5 28.2 11.9 4.1 1.4 -999.9 -999.9 365
sta6 2014 7 5 186 16 22.4 9.5 3 2.4 -999.9 -999.9 365
sta6 2014 7 6 187 15.7 28.2 13.2 4.4 11.6 -999.9 -999.9 365
sta6 2014 7 7 188 13 21.4 13 2.7 4.4 -999.9 -999.9 365
sta6 2014 7 8 189 12 18.6 10.8 2.3 6.2 -999.9 -999.9 365
sta6 2014 7 9 190 11.2 15.1 6.6 1.5 19.8 -999.9 -999.9 365
sta6 2014 7 10 191 11.1 16.8 2.2 1.1 2.4 -999.9 -999.9 365
sta6 2014 7 11 192 14.2 16.2 4.9 1.4 1.4 -999.9 -999.9 365
sta6 2014 7 12 193 13.7 19.4 7.2 2 0.8 -999.9 -999.9 365
sta6 2014 7 13 194 12.4 20.1 10.8 2.1 4.6 -999.9 -999.9 365
sta6 2014 7 14 195 14.4 22.7 20.7 4.2 0 -999.9 -999.9 365
sta6 2014 7 15 196 11.7 26 25.8 4.5 0 -999.9 -999.9 365
sta6 2014 7 16 197 12.6 30.1 26.2 5 0 -999.9 -999.9 365
sta6 2014 7 17 198 14.4 31.2 27.7 6.1 0 -999.9 -999.9 365
sta6 2014 7 18 199 16.6 34.2 26.8 7.2 0 -999.9 -999.9 365
sta6 2014 7 19 200 20.4 31.4 16 6.8 0 -999.9 -999.9 365
sta6 2014 7 20 201 18.1 23.3 13.5 4 3.4 -999.9 -999.9 365
sta6 2014 7 21 202 16 20.9 4.8 1.7 7.8 -999.9 -999.9 365
sta6 2014 7 22 203 16.1 22.1 6.5 1.9 0.6 -999.9 -999.9 365
sta6 2014 7 23 204 16 28.4 19.3 4.8 0 -999.9 -999.9 365
sta6 2014 7 24 205 15.1 28.7 22.5 5.2 0.4 -999.9 -999.9 365
sta6 2014 7 25 206 13.5 28.1 21.8 4.6 0.2 -999.9 -999.9 365
sta6 2014 7 26 207 14.5 25.5 18.3 3.6 1.6 -999.9 -999.9 365
sta6 2014 7 27 208 13.6 27.4 20.7 4 0 -999.9 -999.9 365
sta6 2014 7 28 209 15.2 18.2 6.1 1.6 9.4 -999.9 -999.9 365
sta6 2014 7 29 210 14.7 17.9 3.5 1.3 31.2 -999.9 -999.9 365
sta6 2014 7 30 211 15.8 23.3 14.9 3.6 0.2 -999.9 -999.9 365
sta6 2014 7 31 212 10.9 26.5 24.2 4.1 0.2 -999.9 -999.9 365
sta6 2014 8 1 213 13 27.6 24.6 4.5 0 -999.9 -999.9 365
sta6 2014 8 2 214 16.5 24.1 12.9 3.3 5 -999.9 -999.9 365
sta6 2014 8 3 215 15.1 24.1 17.1 3.5 1.6 -999.9 -999.9 365
sta6 2014 8 4 216 14.1 22.6 15.3 2.9 2.8 -999.9 -999.9 365
sta6 2014 8 5 217 11.3 24.4 21.8 3.8 0 -999.9 -999.9 365
sta6 2014 8 6 218 11.4 21.8 10.9 2.3 1 -999.9 -999.9 365
sta6 2014 8 7 219 16.6 25.9 18.6 3.6 0.2 -999.9 -999.9 365
sta6 2014 8 8 220 14.9 26.5 16.2 3.8 1.6 -999.9 -999.9 365
sta6 2014 8 9 221 16.3 24.5 18.4 4 1.8 -999.9 -999.9 365
sta6 2014 8 10 222 16.9 26.2 9.5 2.9 7.8 -999.9 -999.9 365
sta6 2014 8 11 223 13.1 21.1 19.9 3.7 0.4 -999.9 -999.9 365
sta6 2014 8 12 224 12.7 22.6 21.1 3.9 0.2 -999.9 -999.9 365
sta6 2014 8 13 225 13.5 15.9 5.6 1.7 12.8 -999.9 -999.9 365
sta6 2014 8 14 226 12.8 19.4 14.8 2.6 3.2 -999.9 -999.9 365
sta6 2014 8 15 227 12.2 18.5 12 2.4 5.2 -999.9 -999.9 365
sta6 2014 8 16 228 11.3 20.7 19.7 3.2 0 -999.9 -999.9 365
sta6 2014 8 17 229 9.6 20.9 18.3 3.5 0 -999.9 -999.9 365
sta6 2014 8 18 230 13.2 18.3 10.8 2.4 0.6 -999.9 -999.9 365
sta6 2014 8 19 231 9.7 20 18.5 3.2 0 -999.9 -999.9 365
sta6 2014 8 20 232 7.8 18.3 12.1 2.3 0 -999.9 -999.9 365
sta6 2014 8 21 233 6.5 19.7 21.5 3.1 0 -999.9 -999.9 365
sta6 2014 8 22 234 9.6 20.8 17.9 3.6 0 -999.9 -999.9 365
sta6 2014 8 23 235 10.2 17.1 9.8 2.2 2 -999.9 -999.9 365
sta6 2014 8 24 236 5.9 19.4 19.4 2.8 0 -999.9 -999.9 365
sta6 2014 8 25 237 9.5 19.6 9.2 2.3 9.4 -999.9 -999.9 365
sta6 2014 8 26 238 13.2 20.8 9.8 1.9 8 -999.9 -999.9 365
sta6 2014 8 27 239 14.7 21.6 11.2 2.6 0.2 -999.9 -999.9 365
sta6 2014 8 28 240 12.2 25.2 15.2 3 0 -999.9 -999.9 365
sta6 2014 8 29 241 14.8 24.2 15.3 3.2 0.2 -999.9 -999.9 365
sta6 2014 8 30 242 11.7 22.1 17.4 2.8 0.6 -999.9 -999.9 365
sta6 2014 8 31 243 13.4 19.3 11.2 2.8 2.2 -999.9 -999.9 365
sta6 2014 9 1 244 8.6 20.1 18.1 2.4 0 -999.9 -999.9 365
sta6 2014 9 2 245 7.3 22.3 17.2 2.8 0 -999.9 -999.9 365
sta6 2014 9 3 246 10.6 20.6 13.1 2.5 0 -999.9 -999.9 365
sta6 2014 9 4 247 11.2 23.3 15.8 2.9 0.2 -999.9 -999.9 365
sta6 2014 9 5 248 11.3 25.4 18.2 3.1 8.8 -999.9 -999.9 365
sta6 2014 9 6 249 12.4 24.5 15.8 3 0.2 -999.9 -999.9 365
sta6 2014 9 7 250 10.7 25.4 18.7 3.1 0 -999.9 -999.9 365
sta6 2014 9 8 251 11.6 27 18.8 3.3 0.2 -999.9 -999.9 365
sta6 2014 9 9 252 12.5 26.1 15 3 0 -999.9 -999.9 365
sta6 2014 9 10 253 13.5 22.9 16.5 3.3 0 -999.9 -999.9 365
sta6 2014 9 11 254 7.7 21.5 17.9 2.8 0 -999.9 -999.9 365
sta6 2014 9 12 255 7.8 21.3 17.8 2.4 0 -999.9 -999.9 365
sta6 2014 9 13 256 13.2 22.8 13.8 2.6 0 -999.9 -999.9 365
sta6 2014 9 14 257 12.8 22.2 13.4 2.3 0.2 -999.9 -999.9 365
sta6 2014 9 15 258 9.4 24.8 14.9 2.5 0 -999.9 -999.9 365
sta6 2014 9 16 259 12.4 26.7 17.1 3.1 0.2 -999.9 -999.9 365
sta6 2014 9 17 260 13.6 26.8 12.9 3.6 0 -999.9 -999.9 365
sta6 2014 9 18 261 17.1 26.2 13.8 3.4 0 -999.9 -999.9 365
sta6 2014 9 19 262 15.1 21.4 8.4 1.9 2.4 -999.9 -999.9 365
sta6 2014 9 20 263 13.7 26.5 15.8 2.6 9.8 -999.9 -999.9 365
sta6 2014 9 21 264 13.8 18.5 6.7 1.5 14 -999.9 -999.9 365
sta6 2014 9 22 265 9.4 16.3 11.8 1.8 0 -999.9 -999.9 365
sta6 2014 9 23 266 3.3 18.7 17.5 2.2 0 -999.9 -999.9 365
sta6 2014 9 24 267 5.1 18.5 12.8 1.5 0 -999.9 -999.9 365
sta6 2014 9 25 268 9.2 16.9 11.7 1.9 0 -999.9 -999.9 365
sta6 2014 9 26 269 4.5 20.4 16.1 1.8 0 -999.9 -999.9 365
sta6 2014 9 27 270 6.4 22.7 16.1 2.4 0.2 -999.9 -999.9 365
sta6 2014 9 28 271 11.4 24.6 15 3 0 -999.9 -999.9 365
sta6 2014 9 29 272 14.4 20.9 5 1.7 0.4 -999.9 -999.9 365
sta6 2014 9 30 273 15.3 21.2 8.1 1.9 0 -999.9 -999.9 365
sta6 2014 10 1 274 9 22.3 12.4 1.8 0 -999.9 -999.9 365
sta6 2014 10 2 275 7.7 23 13.7 2.2 0 -999.9 -999.9 365
sta6 2014 10 3 276 8.3 23 14.3 2.1 0 -999.9 -999.9 365
sta6 2014 10 4 277 7.5 21.9 12.7 1.9 4.6 -999.9 -999.9 365
sta6 2014 10 5 278 11.1 15.3 2 0.5 4.2 -999.9 -999.9 365
sta6 2014 10 6 279 10.5 16.9 9.2 1.8 11.4 -999.9 -999.9 365
sta6 2014 10 7 280 12.1 17.5 5.8 1.8 2 -999.9 -999.9 365
sta6 2014 10 8 281 12 21.9 4.9 1.8 16 -999.9 -999.9 365
sta6 2014 10 9 282 13.4 17.8 2.4 0.8 24.6 -999.9 -999.9 365
sta6 2014 10 10 283 12.8 16.2 4.2 0.8 1.8 -999.9 -999.9 365
sta6 2014 10 11 284 11.1 17.6 9.6 1.5 0 -999.9 -999.9 365
sta6 2014 10 12 285 6.4 16 3.9 0.4 14.2 -999.9 -999.9 365
sta6 2014 10 13 286 13.2 19.2 8.2 1.9 0.2 -999.9 -999.9 365
sta6 2014 10 14 287 10.7 18.4 8.4 1.3 0.2 -999.9 -999.9 365
sta6 2014 10 15 288 9.2 17.1 5.1 0.6 22 -999.9 -999.9 365
sta6 2014 10 16 289 12.5 17.7 5.8 1.2 23.2 -999.9 -999.9 365
sta6 2014 10 17 290 11.6 18.5 8.3 1.5 1 -999.9 -999.9 365
sta6 2014 10 18 291 11.4 22.8 11.9 1.6 0.4 -999.9 -999.9 365
sta6 2014 10 19 292 13.5 24.3 11.1 1.9 0 -999.9 -999.9 365
sta6 2014 10 20 293 13.9 19.5 5.8 1.4 1 -999.9 -999.9 365
sta6 2014 10 21 294 10.1 16.1 4.2 1.6 8.6 -999.9 -999.9 365
sta6 2014 10 22 295 5.4 10.6 7.2 1.2 1.4 -999.9 -999.9 365
sta6 2014 10 23 296 4.4 10.3 3.1 0.4 0.4 -999.9 -999.9 365
sta6 2014 10 24 297 1.8 14.3 8.1 0.8 0 -999.9 -999.9 365
sta6 2014 10 25 298 7.7 16.6 6.5 0.9 0 -999.9 -999.9 365
sta6 2014 10 26 299 10 16.7 9.5 0.8 0 -999.9 -999.9 365
sta6 2014 10 27 300 4.5 16.8 7.9 0.5 0 -999.9 -999.9 365
sta6 2014 10 28 301 7.6 10.7 3.3 0.7 0 -999.9 -999.9 365
sta6 2014 10 29 302 6.7 16.3 8.3 0.3 0.2 -999.9 -999.9 365
sta6 2014 10 30 303 7.7 19.2 9 0.9 0 -999.9 -999.9 365
sta6 2014 10 31 304 7.4 17.5 5.6 1.2 0 -999.9 -999.9 365
sta6 2014 11 1 305 8.6 19 9.2 1.3 0 -999.9 -999.9 365
sta6 2014 11 2 306 7.5 17.2 5.6 0.9 8.2 -999.9 -999.9 365
sta6 2014 11 3 307 12.1 14.2 3.8 1.4 32.8 -999.9 -999.9 365
sta6 2014 11 4 308 7.8 9.7 0.5 0.3 21.6 -999.9 -999.9 365
sta6 2014 11 5 309 6.1 9 3.2 0.6 0 -999.9 -999.9 365
sta6 2014 11 6 310 -0.3 10.5 4.9 0.5 0 -999.9 -999.9 365
sta6 2014 11 7 311 2.4 10.8 2.9 0.4 1.2 -999.9 -999.9 365
sta6 2014 11 8 312 4.1 12.9 7.5 0.9 0 -999.9 -999.9 365
sta6 2014 11 9 313 5.4 9.5 2.7 0.4 4.2 -999.9 -999.9 365
sta6 2014 11 10 314 7.4 11.9 4.7 0.7 0.6 -999.9 -999.9 365
sta6 2014 11 11 315 5.7 14.6 5.6 0.7 1.8 -999.9 -999.9 365
sta6 2014 11 12 316 9 13.5 3.3 0.9 0 -999.9 -999.9 365
sta6 2014 11 13 317 2.7 12.1 6.7 0.3 0.2 -999.9 -999.9 365
sta6 2014 11 14 318 5.5 11.4 2.4 0.3 24 -999.9 -999.9 365
sta6 2014 11 15 319 8.3 10.9 3.6 0.5 0.4 -999.9 -999.9 365
sta6 2014 11 16 320 6.9 9.9 3.1 0.6 3 -999.9 -999.9 365
sta6 2014 11 17 321 6.8 10 3.1 0.5 3.8 -999.9 -999.9 365
sta6 2014 11 18 322 5 9.2 3.1 0.4 0.2 -999.9 -999.9 365
sta6 2014 11 19 323 3.5 9.5 4.7 0.3 0 -999.9 -999.9 365
sta6 2014 11 20 324 0.5 8.1 3.9 0.2 0 -999.9 -999.9 365
sta6 2014 11 21 325 5.6 11.8 4.6 0.6 0 -999.9 -999.9 365
sta6 2014 11 22 326 7.1 15.1 5.7 0.7 0 -999.9 -999.9 365
sta6 2014 11 23 327 9 16.3 5.2 1 0 -999.9 -999.9 365
sta6 2014 11 24 328 7 15.1 2 0.6 0 -999.9 -999.9 365
sta6 2014 11 25 329 7.6 11.7 3.3 0.6 0.4 -999.9 -999.9 365
sta6 2014 11 26 330 8.4 12.4 2 0.4 1.6 -999.9 -999.9 365
sta6 2014 11 27 331 8.6 11.3 2.5 0.4 2 -999.9 -999.9 365
sta6 2014 11 28 332 7.3 14.2 4.1 1.4 0 -999.9 -999.9 365
sta6 2014 11 29 333 2.1 4.8 2.7 0.3 0 -999.9 -999.9 365
sta6 2014 11 30 334 1.4 2.3 1.1 0.2 0 -999.9 -999.9 365
sta6 2014 12 1 335 0.8 2.7 0.6 0.2 0.2 -999.9 -999.9 365
sta6 2014 12 2 336 1.7 2.4 1.1 0.1 0.8 -999.9 -999.9 365
sta6 2014 12 3 337 1.1 2.3 1.3 0.2 0 -999.9 -999.9 365
sta6 2014 12 4 338 1.6 5.3 2 0.3 0 -999.9 -999.9 365
sta6 2014 12 5 339 3 4.6 2.5 0.2 0 -999.9 -999.9 365
sta6 2014 12 6 340 2.7 4.4 0.2 0.2 0 -999.9 -999.9 365
sta6 2014 12 7 341 3.1 5.2 1.7 0.2 1.2 -999.9 -999.9 365
sta6 2014 12 8 342 2.7 5.2 2.6 0.3 3.6 -999.9 -999.9 365
sta6 2014 12 9 343 1.3 3 2 0.3 0 -999.9 -999.9 365
sta6 2014 12 10 344 0.4 5.5 0.7 0.2 7 -999.9 -999.9 365
sta6 2014 12 11 345 3.6 7.1 1.4 0.4 1.4 -999.9 -999.9 365
sta6 2014 12 12 346 5.6 10.2 1.6 1.1 0 -999.9 -999.9 365
sta6 2014 12 13 347 5.2 11.3 1.6 1 2.2 -999.9 -999.9 365
sta6 2014 12 14 348 4.7 6 0.9 0.2 3.2 -999.9 -999.9 365
sta6 2014 12 15 349 3 8.8 3.6 0.5 3.4 -999.9 -999.9 365
sta6 2014 12 16 350 5.1 7.1 1 0.2 0.4 -999.9 -999.9 365
sta6 2014 12 17 351 1.5 10.3 0.4 0.2 16.8 -999.9 -999.9 365
sta6 2014 12 18 352 7.8 11.7 0.7 0.2 5 -999.9 -999.9 365
sta6 2014 12 19 353 8.5 10 1.1 0.7 12 -999.9 -999.9 365
sta6 2014 12 20 354 2.9 6.5 1.6 0.5 1.2 -999.9 -999.9 365
sta6 2014 12 21 355 4.7 7 1.9 0.5 0 -999.9 -999.9 365
sta6 2014 12 22 356 4.9 6 1.9 0.7 0 -999.9 -999.9 365
sta6 2014 12 23 357 0.2 7.3 3.4 0.2 0 -999.9 -999.9 365
sta6 2014 12 24 358 -1.3 8.6 1.9 0 2.6 -999.9 -999.9 365
sta6 2014 12 25 359 3 6.4 2.7 0.4 0 -999.9 -999.9 365
sta6 2014 12 26 360 1.5 3.5 2 0.4 10 -999.9 -999.9 365
sta6 2014 12 27 361 0.4 5.1 0.7 0.6 12 -999.9 -999.9 365
sta6 2014 12 28 362 -5.3 -1.1 1.5 0.4 0 -999.9 -999.9 365
sta6 2014 12 29 363 -10.4 0 1.7 0 0 -999.9 -999.9 365
sta6 2014 12 30 364 -2 0.4 1.5 0.1 0 -999.9 -999.9 365
sta6 2014 12 31 365 -0.5 0.9 1.7 0.3 0 -999.9 -999.9 365
