sta6 2011 1 1 1 -3.1 -0.1 1.4 0.1 0 -999.9 -999.9 365
sta6 2011 1 2 2 -2.2 1.8 2.8 0.4 0 -999.9 -999.9 365
sta6 2011 1 3 3 -5.7 -1 2.3 0.1 0 -999.9 -999.9 365
sta6 2011 1 4 4 -4.6 -3.3 1.6 0.1 0 -999.9 -999.9 365
sta6 2011 1 5 5 -5.4 6.4 4.8 0.6 4.2 -999.9 -999.9 365
sta6 2011 1 6 6 3.5 10.2 1 0 7 -999.9 -999.9 365
sta6 2011 1 7 7 8.4 12.5 1.1 0.5 7.4 -999.9 -999.9 365
sta6 2011 1 8 8 9.2 14 4 1.2 1 -999.9 -999.9 365
sta6 2011 1 9 9 3.5 10.7 0.7 0.4 9.4 -999.9 -999.9 365
sta6 2011 1 10 10 -1 2.8 2.3 0.1 0 -999.9 -999.9 365
sta6 2011 1 11 11 0.2 6.8 1.2 0 4.4 -999.9 -999.9 365
sta6 2011 1 12 12 4 10.2 1.2 0.5 5 -999.9 -999.9 365
sta6 2011 1 13 13 7.2 11 1 0.1 2.6 -999.9 -999.9 365
sta6 2011 1 14 14 9.2 11.8 2.7 1 0.6 -999.9 -999.9 365
sta6 2011 1 15 15 6.1 11.7 5.7 0.8 0 -999.9 -999.9 365
sta6 2011 1 16 16 -0.7 9.1 6.9 0.5 0 -999.9 -999.9 365
sta6 2011 1 17 17 -0.5 10.6 4.8 0.3 0 -999.9 -999.9 365
sta6 2011 1 18 18 4.8 8.7 2.7 0.6 0.2 -999.9 -999.9 365
sta6 2011 1 19 19 0.5 5.1 4.8 0.5 0 -999.9 -999.9 365
sta6 2011 1 20 20 -0.2 1.9 3.1 0.4 0.8 -999.9 -999.9 365
sta6 2011 1 21 21 -3.4 1.1 6.2 0.7 0 -999.9 -999.9 365
sta6 2011 1 22 22 -4 0.8 4.1 0.6 0 -999.9 -999.9 365
sta6 2011 1 23 23 -6.9 1.7 5.2 0.3 0 -999.9 -999.9 365
sta6 2011 1 24 24 0.3 3.2 1.7 0.1 0 -999.9 -999.9 365
sta6 2011 1 25 25 0.9 4.2 4.2 0.4 2.2 -999.9 -999.9 365
sta6 2011 1 26 26 2 3.6 2.3 0.2 3 -999.9 -999.9 365
sta6 2011 1 27 27 0.9 3.6 3.1 0.5 0 -999.9 -999.9 365
sta6 2011 1 28 28 -1.1 1.3 2.9 0.8 0 -999.9 -999.9 365
sta6 2011 1 29 29 -5 -1.5 5.2 0.3 0 -999.9 -999.9 365
sta6 2011 1 30 30 -5.4 2 5.9 0.4 0 -999.9 -999.9 365
sta6 2011 1 31 31 -8.2 -1.7 3.6 0.1 0 -999.9 -999.9 365
sta6 2011 2 1 32 -3.9 -2.2 1.3 0.2 0 -999.9 -999.9 365
sta6 2011 2 2 33 -4.2 0.7 2.4 0.1 0 -999.9 -999.9 365
sta6 2011 2 3 34 -0.5 5 1.8 0.1 1.6 -999.9 -999.9 365
sta6 2011 2 4 35 1.1 8 3.1 0.3 0 -999.9 -999.9 365
sta6 2011 2 5 36 6.8 10.6 4.7 1.5 0 -999.9 -999.9 365
sta6 2011 2 6 37 3.6 9.7 5.3 0.8 0 -999.9 -999.9 365
sta6 2011 2 7 38 -1.7 12 10 1.3 0 -999.9 -999.9 365
sta6 2011 2 8 39 0.4 8.1 3.6 0.3 0.2 -999.9 -999.9 365
sta6 2011 2 9 40 3 9.1 6.6 0.5 0 -999.9 -999.9 365
sta6 2011 2 10 41 -1.4 9.6 6 0.7 0 -999.9 -999.9 365
sta6 2011 2 11 42 4.8 16.8 9.6 1.5 0 -999.9 -999.9 365
sta6 2011 2 12 43 0 13.8 8 0.8 1.4 -999.9 -999.9 365
sta6 2011 2 13 44 4.5 9 7.4 0.8 0 -999.9 -999.9 365
sta6 2011 2 14 45 3.7 10.6 1.8 0.4 2.6 -999.9 -999.9 365
sta6 2011 2 15 46 2.7 6.7 3.6 0.4 0 -999.9 -999.9 365
sta6 2011 2 16 47 0.4 11.2 9.8 0.7 0 -999.9 -999.9 365
sta6 2011 2 17 48 -1.9 4.1 3.6 0.3 0 -999.9 -999.9 365
sta6 2011 2 18 49 1.9 3.6 1.9 0.5 0 -999.9 -999.9 365
sta6 2011 2 19 50 1.2 7 6.3 0.7 1 -999.9 -999.9 365
sta6 2011 2 20 51 3.4 5.3 1.3 0.2 1.6 -999.9 -999.9 365
sta6 2011 2 21 52 3.3 6.9 5.5 0.7 0.2 -999.9 -999.9 365
sta6 2011 2 22 53 -0.3 3 4.4 0.7 0 -999.9 -999.9 365
sta6 2011 2 23 54 -5.4 5 7.8 0.5 1.6 -999.9 -999.9 365
sta6 2011 2 24 55 0.8 7.8 2.3 0.1 1.4 -999.9 -999.9 365
sta6 2011 2 25 56 6.8 9.3 4.1 0.6 0 -999.9 -999.9 365
sta6 2011 2 26 57 5.3 8.9 2.4 0.3 9.4 -999.9 -999.9 365
sta6 2011 2 27 58 3 7.8 4.6 0.8 1.6 -999.9 -999.9 365
sta6 2011 2 28 59 -2.3 7.2 7.3 0.6 0 -999.9 -999.9 365
sta6 2011 3 1 60 2.1 11.7 11.3 1.6 0 -999.9 -999.9 365
sta6 2011 3 2 61 0.2 10.4 13.2 2.5 0 -999.9 -999.9 365
sta6 2011 3 3 62 -1.2 7.4 13.3 1.7 0 -999.9 -999.9 365
sta6 2011 3 4 63 -3.4 11.3 13.4 1.1 0 -999.9 -999.9 365
sta6 2011 3 5 64 -3.6 12.9 14.1 1.1 0 -999.9 -999.9 365
sta6 2011 3 6 65 -1.4 8.2 15 1.5 0 -999.9 -999.9 365
sta6 2011 3 7 66 -3.5 9.5 15.6 2 0 -999.9 -999.9 365
sta6 2011 3 8 67 -2.3 15.5 14.3 1.5 0 -999.9 -999.9 365
sta6 2011 3 9 68 1.7 14.6 13.1 1.8 0 -999.9 -999.9 365
sta6 2011 3 10 69 4.3 11.4 10 1.8 0 -999.9 -999.9 365
sta6 2011 3 11 70 6.7 13.1 10 2.4 0 -999.9 -999.9 365
sta6 2011 3 12 71 0.3 14.6 8.9 1.4 5.8 -999.9 -999.9 365
sta6 2011 3 13 72 6.8 10.4 5.6 1 6.2 -999.9 -999.9 365
sta6 2011 3 14 73 5.4 14.1 13.7 1.5 0 -999.9 -999.9 365
sta6 2011 3 15 74 2.3 18.5 14.2 2.4 0 -999.9 -999.9 365
sta6 2011 3 16 75 7.8 14 8.9 1.7 0.2 -999.9 -999.9 365
sta6 2011 3 17 76 5 7.3 1.6 0.4 0 -999.9 -999.9 365
sta6 2011 3 18 77 4.4 11.8 7.5 1.3 12.2 -999.9 -999.9 365
sta6 2011 3 19 78 5.7 8.7 6 1.2 0.2 -999.9 -999.9 365
sta6 2011 3 20 79 -1.9 12.2 16.7 1.9 0 -999.9 -999.9 365
sta6 2011 3 21 80 -3.6 13.7 18.5 2.3 0 -999.9 -999.9 365
sta6 2011 3 22 81 -1.5 16.4 18.4 2.5 0 -999.9 -999.9 365
sta6 2011 3 23 82 0.2 18.6 18.4 2.8 0 -999.9 -999.9 365
sta6 2011 3 24 83 1.2 19.6 18.3 2.3 0 -999.9 -999.9 365
sta6 2011 3 25 84 2.9 21.4 19.4 2.9 0 -999.9 -999.9 365
sta6 2011 3 26 85 2.9 17.7 11.5 1.9 14 -999.9 -999.9 365
sta6 2011 3 27 86 7.9 16.4 13.4 1.8 2.2 -999.9 -999.9 365
sta6 2011 3 28 87 8.9 17.1 14.5 2 0 -999.9 -999.9 365
sta6 2011 3 29 88 0.7 18.5 16.9 1.8 0.2 -999.9 -999.9 365
sta6 2011 3 30 89 8.2 14.5 9.2 1.8 1.6 -999.9 -999.9 365
sta6 2011 3 31 90 8.9 13.9 4.9 0.9 4.2 -999.9 -999.9 365
sta6 2011 4 1 91 11.4 19.8 12.7 2.5 0 -999.9 -999.9 365
sta6 2011 4 2 92 6.9 23.4 20.5 3.2 0 -999.9 -999.9 365
sta6 2011 4 3 93 11.2 16.7 6.3 1.7 2 -999.9 -999.9 365
sta6 2011 4 4 94 7.5 15.8 13.5 2.1 0 -999.9 -999.9 365
sta6 2011 4 5 95 1.9 16.4 15 1.8 0 -999.9 -999.9 365
sta6 2011 4 6 96 5.4 23 19.9 2.4 0 -999.9 -999.9 365
sta6 2011 4 7 97 7.2 25.3 21 3.1 0 -999.9 -999.9 365
sta6 2011 4 8 98 5.9 20.2 21.3 3 0 -999.9 -999.9 365
sta6 2011 4 9 99 4.5 24.1 22.3 3.4 0 -999.9 -999.9 365
sta6 2011 4 10 100 6.8 25.6 21.1 4.1 0 -999.9 -999.9 365
sta6 2011 4 11 101 5.3 24.5 20.3 3.2 0 -999.9 -999.9 365
sta6 2011 4 12 102 6.6 13.4 15.5 2.7 0.4 -999.9 -999.9 365
sta6 2011 4 13 103 -1.5 13.4 19 2.1 0 -999.9 -999.9 365
sta6 2011 4 14 104 5.4 14.3 16.3 3 0 -999.9 -999.9 365
sta6 2011 4 15 105 3 15.2 20.7 3.3 0 -999.9 -999.9 365
sta6 2011 4 16 106 -0.8 16.7 23.2 2.8 0 -999.9 -999.9 365
sta6 2011 4 17 107 0.2 18.1 22.7 3.2 0 -999.9 -999.9 365
sta6 2011 4 18 108 1.8 21.2 22.8 3.7 0 -999.9 -999.9 365
sta6 2011 4 19 109 4.2 23.5 23 4 0 -999.9 -999.9 365
sta6 2011 4 20 110 6.3 24.5 21 3.9 0 -999.9 -999.9 365
sta6 2011 4 21 111 7.7 23 21.2 4 0 -999.9 -999.9 365
sta6 2011 4 22 112 8.8 25.3 22 3.9 0.6 -999.9 -999.9 365
sta6 2011 4 23 113 6.8 25.6 21.5 4 1.2 -999.9 -999.9 365
sta6 2011 4 24 114 10.9 23.1 14.8 3.1 0.6 -999.9 -999.9 365
sta6 2011 4 25 115 10.4 24 22.5 4.5 0 -999.9 -999.9 365
sta6 2011 4 26 116 7 20.6 23.5 3.6 0 -999.9 -999.9 365
sta6 2011 4 27 117 5.7 17.8 17.3 2.5 3.2 -999.9 -999.9 365
sta6 2011 4 28 118 7.7 16.5 10.3 1.8 1.4 -999.9 -999.9 365
sta6 2011 4 29 119 9.1 18.4 13.9 1.9 1.4 -999.9 -999.9 365
sta6 2011 4 30 120 6.6 21.9 21.3 2.9 0 -999.9 -999.9 365
sta6 2011 5 1 121 6.4 22.6 22.9 3.6 0 -999.9 -999.9 365
sta6 2011 5 2 122 7.2 22.6 21.8 3.8 0 -999.9 -999.9 365
sta6 2011 5 3 123 6.5 17.2 22.9 4 0 -999.9 -999.9 365
sta6 2011 5 4 124 1.3 18.1 27.7 3.4 0 -999.9 -999.9 365
sta6 2011 5 5 125 0.5 21.3 27.5 4 0 -999.9 -999.9 365
sta6 2011 5 6 126 4.2 25.4 25.5 4.6 0 -999.9 -999.9 365
sta6 2011 5 7 127 11.8 25.4 25.3 6.2 0 -999.9 -999.9 365
sta6 2011 5 8 128 15.6 27.4 24.2 6 0 -999.9 -999.9 365
sta6 2011 5 9 129 9.4 27.4 22.1 4.5 0 -999.9 -999.9 365
sta6 2011 5 10 130 12.1 28 20.8 4.2 5 -999.9 -999.9 365
sta6 2011 5 11 131 13.2 24.1 17.4 3.2 17.2 -999.9 -999.9 365
sta6 2011 5 12 132 12.5 20.8 19.9 3.7 0 -999.9 -999.9 365
sta6 2011 5 13 133 4.2 20.7 27.8 3.5 0 -999.9 -999.9 365
sta6 2011 5 14 134 5.5 16.6 11.6 2.3 0.6 -999.9 -999.9 365
sta6 2011 5 15 135 3.5 16.1 20.3 2.7 0.8 -999.9 -999.9 365
sta6 2011 5 16 136 4.9 19.6 21.9 2.9 0 -999.9 -999.9 365
sta6 2011 5 17 137 7 23.4 25.1 3.6 0 -999.9 -999.9 365
sta6 2011 5 18 138 7.5 25.4 26.6 4.1 0.2 -999.9 -999.9 365
sta6 2011 5 19 139 11.8 24.7 18.1 3.7 0 -999.9 -999.9 365
sta6 2011 5 20 140 9.5 27.4 23.3 3.8 15 -999.9 -999.9 365
sta6 2011 5 21 141 8.9 25.2 27.3 4.2 0 -999.9 -999.9 365
sta6 2011 5 22 142 12.5 25.6 23.2 4.6 0 -999.9 -999.9 365
sta6 2011 5 23 143 8.8 24.4 28.2 4.4 0 -999.9 -999.9 365
sta6 2011 5 24 144 9.5 19.5 19.9 3.4 0 -999.9 -999.9 365
sta6 2011 5 25 145 3.5 24.7 29.8 4.6 0 -999.9 -999.9 365
sta6 2011 5 26 146 9.2 21.3 17.9 4.1 0 -999.9 -999.9 365
sta6 2011 5 27 147 9.3 17.7 15.6 3 0.4 -999.9 -999.9 365
sta6 2011 5 28 148 3.1 20.7 27.1 3.3 0 -999.9 -999.9 365
sta6 2011 5 29 149 6.6 26.5 29.3 4.8 0 -999.9 -999.9 365
sta6 2011 5 30 150 9.1 30.8 26.8 5.9 7 -999.9 -999.9 365
sta6 2011 5 31 151 10.6 14.1 6.6 1.7 1.6 -999.9 -999.9 365
sta6 2011 6 1 152 6.8 19.8 18.5 3.4 0 -999.9 -999.9 365
sta6 2011 6 2 153 9.6 24.7 25.3 5.2 0 -999.9 -999.9 365
sta6 2011 6 3 154 13.3 26.7 23.5 5 0 -999.9 -999.9 365
sta6 2011 6 4 155 13.1 28.9 19.3 4.5 6.8 -999.9 -999.9 365
sta6 2011 6 5 156 14.2 27.3 22.9 4.7 2.4 -999.9 -999.9 365
sta6 2011 6 6 157 12.6 23.2 15.4 3.2 1.4 -999.9 -999.9 365
sta6 2011 6 7 158 12.6 25.2 18.6 3.6 14.8 -999.9 -999.9 365
sta6 2011 6 8 159 10.9 15 8.7 2.1 0.2 -999.9 -999.9 365
sta6 2011 6 9 160 7 17.8 15.7 2.7 0 -999.9 -999.9 365
sta6 2011 6 10 161 9.9 19.1 13 2.6 2.6 -999.9 -999.9 365
sta6 2011 6 11 162 9.5 19.4 22.1 3.7 0 -999.9 -999.9 365
sta6 2011 6 12 163 4.9 23 27.8 4.1 2 -999.9 -999.9 365
sta6 2011 6 13 164 11.8 22.4 17.4 3.2 15.4 -999.9 -999.9 365
sta6 2011 6 14 165 12.7 24.1 16 3.4 0 -999.9 -999.9 365
sta6 2011 6 15 166 13.8 26.6 23.5 4.8 0 -999.9 -999.9 365
sta6 2011 6 16 167 13.3 19.9 11 3 8.4 -999.9 -999.9 365
sta6 2011 6 17 168 9.7 21.8 18.5 3.4 4.2 -999.9 -999.9 365
sta6 2011 6 18 169 11.6 18.4 18.6 4 16.4 -999.9 -999.9 365
sta6 2011 6 19 170 9 17.6 16 3.7 3 -999.9 -999.9 365
sta6 2011 6 20 171 12.6 19.9 11.1 2.7 2.2 -999.9 -999.9 365
sta6 2011 6 21 172 13.9 27.7 20.4 4.8 6 -999.9 -999.9 365
sta6 2011 6 22 173 15.5 20.5 11.5 3.3 9.6 -999.9 -999.9 365
sta6 2011 6 23 174 11.1 18.7 15.5 3.4 8.8 -999.9 -999.9 365
sta6 2011 6 24 175 6.8 20.2 24.3 3.9 0 -999.9 -999.9 365
sta6 2011 6 25 176 10.1 25.6 20.1 4.2 0 -999.9 -999.9 365
sta6 2011 6 26 177 11.1 29.5 30.3 5.5 0 -999.9 -999.9 365
sta6 2011 6 27 178 15 34.8 29.5 6.8 0 -999.9 -999.9 365
sta6 2011 6 28 179 20 34.8 26.4 7.5 1.4 -999.9 -999.9 365
sta6 2011 6 29 180 15.1 21.2 7.8 2.7 2.2 -999.9 -999.9 365
sta6 2011 6 30 181 11.4 21.6 25.9 4.7 0 -999.9 -999.9 365
sta6 2011 7 1 182 7.7 21.6 25.2 4.6 0 -999.9 -999.9 365
sta6 2011 7 2 183 5.9 21.8 28.5 4.5 0 -999.9 -999.9 365
sta6 2011 7 3 184 5.5 24.5 31.1 4.8 0 -999.9 -999.9 365
sta6 2011 7 4 185 7.1 28.4 29 5.4 0 -999.9 -999.9 365
sta6 2011 7 5 186 10.5 30.3 29.2 6.1 0 -999.9 -999.9 365
sta6 2011 7 6 187 16.1 25 18 5.6 0 -999.9 -999.9 365
sta6 2011 7 7 188 12.5 22.3 14.6 3.9 2.6 -999.9 -999.9 365
sta6 2011 7 8 189 11.8 24.8 24.8 5.1 0 -999.9 -999.9 365
sta6 2011 7 9 190 13.1 24.2 16.3 4 0 -999.9 -999.9 365
sta6 2011 7 10 191 12.3 20.5 11.5 2.2 12.4 -999.9 -999.9 365
sta6 2011 7 11 192 12.2 26.7 26.4 5 0 -999.9 -999.9 365
sta6 2011 7 12 193 11.7 29 17.8 4.2 23 -999.9 -999.9 365
sta6 2011 7 13 194 13.1 15.9 1.5 1.2 5.8 -999.9 -999.9 365
sta6 2011 7 14 195 7.7 19.6 17.2 3.4 0.2 -999.9 -999.9 365
sta6 2011 7 15 196 8.6 25 27.5 4.8 0 -999.9 -999.9 365
sta6 2011 7 16 197 11.3 24.6 17.1 4.9 12.8 -999.9 -999.9 365
sta6 2011 7 17 198 12.7 19.7 13.8 3 0.6 -999.9 -999.9 365
sta6 2011 7 18 199 11.6 18.7 16.6 3.5 2.6 -999.9 -999.9 365
sta6 2011 7 19 200 11.6 19 11.3 2.3 2.6 -999.9 -999.9 365
sta6 2011 7 20 201 11.8 18.5 11.6 2.7 7.6 -999.9 -999.9 365
sta6 2011 7 21 202 12 19.6 12.5 2.2 28 -999.9 -999.9 365
sta6 2011 7 22 203 13.1 22.7 16.4 3.1 1 -999.9 -999.9 365
sta6 2011 7 23 204 8.8 19.1 14.7 2.6 3 -999.9 -999.9 365
sta6 2011 7 24 205 8.8 20 16.6 3.1 0 -999.9 -999.9 365
sta6 2011 7 25 206 11.3 21.5 16.8 3.1 0.6 -999.9 -999.9 365
sta6 2011 7 26 207 13.8 22.1 17.2 3.3 0.4 -999.9 -999.9 365
sta6 2011 7 27 208 10.9 22.6 15.5 3.1 0 -999.9 -999.9 365
sta6 2011 7 28 209 14.2 20.8 12.7 2.6 1.6 -999.9 -999.9 365
sta6 2011 7 29 210 12.6 21.6 11.6 2.3 0 -999.9 -999.9 365
sta6 2011 7 30 211 12 19.9 17.7 3.3 0.2 -999.9 -999.9 365
sta6 2011 7 31 212 7.4 21.8 21.4 3.3 0 -999.9 -999.9 365
sta6 2011 8 1 213 6.7 25.7 27.1 3.9 0 -999.9 -999.9 365
sta6 2011 8 2 214 10.7 28.9 25.3 5 0.2 -999.9 -999.9 365
sta6 2011 8 3 215 18.6 23 9.2 2.8 0.6 -999.9 -999.9 365
sta6 2011 8 4 216 17 27.3 22.6 4.7 1.6 -999.9 -999.9 365
sta6 2011 8 5 217 17.3 27.3 15.4 3.5 0 -999.9 -999.9 365
sta6 2011 8 6 218 17.5 22.5 6 1.7 38.4 -999.9 -999.9 365
sta6 2011 8 7 219 13.7 21.9 16.9 3.8 1.6 -999.9 -999.9 365
sta6 2011 8 8 220 11.3 19.7 16.8 3.2 7.4 -999.9 -999.9 365
sta6 2011 8 9 221 9.9 19.3 13.5 3 0.2 -999.9 -999.9 365
sta6 2011 8 10 222 6.2 22.4 25.5 3.6 0 -999.9 -999.9 365
sta6 2011 8 11 223 8.8 26 21.9 4.3 0 -999.9 -999.9 365
sta6 2011 8 12 224 13.5 22.1 13.9 2.9 1.6 -999.9 -999.9 365
sta6 2011 8 13 225 14.8 26 19.5 3.7 0 -999.9 -999.9 365
sta6 2011 8 14 226 15.6 22 10.4 2.4 7.6 -999.9 -999.9 365
sta6 2011 8 15 227 13.7 22 16.7 3.1 2.8 -999.9 -999.9 365
sta6 2011 8 16 228 9.3 26.3 23.3 3.6 0.2 -999.9 -999.9 365
sta6 2011 8 17 229 13.1 28.2 21.4 3.9 0 -999.9 -999.9 365
sta6 2011 8 18 230 16.4 30.4 20.9 4.8 1.8 -999.9 -999.9 365
sta6 2011 8 19 231 19.6 27.2 18 4.4 0 -999.9 -999.9 365
sta6 2011 8 20 232 14.4 30.4 23 4.5 0 -999.9 -999.9 365
sta6 2011 8 21 233 19.5 31.2 18.2 4.6 3.4 -999.9 -999.9 365
sta6 2011 8 22 234 20.1 33 21.9 6.1 0 -999.9 -999.9 365
sta6 2011 8 23 235 19.7 30.9 20.8 5.7 4 -999.9 -999.9 365
sta6 2011 8 24 236 17.2 21.7 7.2 2.1 8 -999.9 -999.9 365
sta6 2011 8 25 237 15.3 24 13.1 2.3 5.8 -999.9 -999.9 365
sta6 2011 8 26 238 13.2 22.3 4.2 2.1 14.8 -999.9 -999.9 365
sta6 2011 8 27 239 10.8 19.2 11.8 2.4 0.6 -999.9 -999.9 365
sta6 2011 8 28 240 8.8 21.3 19.4 3 0.2 -999.9 -999.9 365
sta6 2011 8 29 241 7.3 19 18.7 2.6 0 -999.9 -999.9 365
sta6 2011 8 30 242 6.6 21.5 21 3 0.2 -999.9 -999.9 365
sta6 2011 8 31 243 6.2 23.3 20.8 3 0 -999.9 -999.9 365
sta6 2011 9 1 244 13.5 25.5 14.1 2.7 0.2 -999.9 -999.9 365
sta6 2011 9 2 245 15.6 29.4 18.3 3.9 0.2 -999.9 -999.9 365
sta6 2011 9 3 246 14.3 30.1 18.5 4.3 0.4 -999.9 -999.9 365
sta6 2011 9 4 247 18.7 20.8 6.7 2.2 0 -999.9 -999.9 365
sta6 2011 9 5 248 11.4 20.2 15.7 3.5 0 -999.9 -999.9 365
sta6 2011 9 6 249 9 20.7 15.2 3.3 2 -999.9 -999.9 365
sta6 2011 9 7 250 12.2 19.8 13.4 3 4.2 -999.9 -999.9 365
sta6 2011 9 8 251 11.2 19.9 10.4 2 2 -999.9 -999.9 365
sta6 2011 9 9 252 16.3 25 10.2 2 0.6 -999.9 -999.9 365
sta6 2011 9 10 253 15.2 29.8 19.6 4.5 0 -999.9 -999.9 365
sta6 2011 9 11 254 16 20.3 5.5 1.6 4.8 -999.9 -999.9 365
sta6 2011 9 12 255 13.1 23.1 13.3 2.6 2 -999.9 -999.9 365
sta6 2011 9 13 256 16.4 21.3 7.6 1.8 0.8 -999.9 -999.9 365
sta6 2011 9 14 257 9.2 19.2 16.4 2.4 0 -999.9 -999.9 365
sta6 2011 9 15 258 4.1 20.5 18.1 2.5 0.2 -999.9 -999.9 365
sta6 2011 9 16 259 6.8 20.6 6.8 1.1 2.2 -999.9 -999.9 365
sta6 2011 9 17 260 15 19.5 9.1 2.5 7.6 -999.9 -999.9 365
sta6 2011 9 18 261 10.1 15.8 13.1 2.4 2.6 -999.9 -999.9 365
sta6 2011 9 19 262 10.2 17 11 2.2 1.2 -999.9 -999.9 365
sta6 2011 9 20 263 5.6 21 13.8 1.9 0 -999.9 -999.9 365
sta6 2011 9 21 264 5.5 21.9 16.6 2.1 0.2 -999.9 -999.9 365
sta6 2011 9 22 265 8.1 19.9 11.5 1.8 0 -999.9 -999.9 365
sta6 2011 9 23 266 5.2 20.4 16.3 2.2 0.2 -999.9 -999.9 365
sta6 2011 9 24 267 6.4 24.5 15.7 2.1 0 -999.9 -999.9 365
sta6 2011 9 25 268 9.3 25.9 15.8 2.5 0.2 -999.9 -999.9 365
sta6 2011 9 26 269 11 27.2 15.2 2.5 0.2 -999.9 -999.9 365
sta6 2011 9 27 270 10.8 26 14.2 2.6 0 -999.9 -999.9 365
sta6 2011 9 28 271 11.3 26.6 16.2 3.2 0.2 -999.9 -999.9 365
sta6 2011 9 29 272 9.1 25.9 15.8 2.7 0.2 -999.9 -999.9 365
sta6 2011 9 30 273 10.8 27.5 15.2 2.5 0.2 -999.9 -999.9 365
sta6 2011 10 1 274 8.9 26.4 15.2 2.3 0 -999.9 -999.9 365
sta6 2011 10 2 275 8 26.3 15 2.3 0.2 -999.9 -999.9 365
sta6 2011 10 3 276 8.2 25.6 14.9 2.4 0.2 -999.9 -999.9 365
sta6 2011 10 4 277 8.1 22 12.9 2.2 0 -999.9 -999.9 365
sta6 2011 10 5 278 14.3 19.7 6.8 2.1 0 -999.9 -999.9 365
sta6 2011 10 6 279 11.4 17.5 5 2 9.6 -999.9 -999.9 365
sta6 2011 10 7 280 6.5 13.4 8.8 1.6 1.6 -999.9 -999.9 365
sta6 2011 10 8 281 8 10.5 3 0.7 3.2 -999.9 -999.9 365
sta6 2011 10 9 282 7.7 14 3.6 0.5 3.2 -999.9 -999.9 365
sta6 2011 10 10 283 11.5 14.7 2.7 0.5 0 -999.9 -999.9 365
sta6 2011 10 11 284 12 13.9 3 0.9 0.2 -999.9 -999.9 365
sta6 2011 10 12 285 12 14.7 4.3 1 1.6 -999.9 -999.9 365
sta6 2011 10 13 286 11.9 16.8 5.5 1.4 0 -999.9 -999.9 365
sta6 2011 10 14 287 3.9 14.4 13 1.7 0 -999.9 -999.9 365
sta6 2011 10 15 288 0.5 15.3 13.1 1.4 0 -999.9 -999.9 365
sta6 2011 10 16 289 1.9 17.7 11.7 0.9 0 -999.9 -999.9 365
sta6 2011 10 17 290 4.2 18.6 9.6 0.8 0 -999.9 -999.9 365
sta6 2011 10 18 291 7.7 19.3 8 1.7 15.8 -999.9 -999.9 365
sta6 2011 10 19 292 4.6 10.1 3.8 0.7 4.2 -999.9 -999.9 365
sta6 2011 10 20 293 0.4 9.5 7.2 0.8 0.2 -999.9 -999.9 365
sta6 2011 10 21 294 -2.3 10.4 8.7 0.5 0 -999.9 -999.9 365
sta6 2011 10 22 295 1.8 9 9.3 0.6 0 -999.9 -999.9 365
sta6 2011 10 23 296 3.6 14.5 11 1.2 0 -999.9 -999.9 365
sta6 2011 10 24 297 4.6 16.6 10.6 1.6 1.8 -999.9 -999.9 365
sta6 2011 10 25 298 9.2 13.6 3.5 1.1 3.2 -999.9 -999.9 365
sta6 2011 10 26 299 4.3 15.1 10.5 1.5 0 -999.9 -999.9 365
sta6 2011 10 27 300 5.3 18.2 9.5 2 0 -999.9 -999.9 365
sta6 2011 10 28 301 11.1 17.7 6.3 1.6 0 -999.9 -999.9 365
sta6 2011 10 29 302 9 18 5.7 1.1 0 -999.9 -999.9 365
sta6 2011 10 30 303 10.5 14.6 3.6 0.7 0.2 -999.9 -999.9 365
sta6 2011 10 31 304 8.3 17 5.7 0.8 0 -999.9 -999.9 365
sta6 2011 11 1 305 8.9 15.7 5.4 0.8 0.8 -999.9 -999.9 365
sta6 2011 11 2 306 10.3 17.1 8 1.2 0 -999.9 -999.9 365
sta6 2011 11 3 307 13.5 15.5 1.8 2.4 9.4 -999.9 -999.9 365
sta6 2011 11 4 308 10.7 13.8 2.7 0.8 5.6 -999.9 -999.9 365
sta6 2011 11 5 309 9.3 16.7 3.6 1.4 0 -999.9 -999.9 365
sta6 2011 11 6 310 8.7 17.1 7.4 0.8 0 -999.9 -999.9 365
sta6 2011 11 7 311 8.2 10.1 1.3 0.2 0.4 -999.9 -999.9 365
sta6 2011 11 8 312 9 13.4 3.1 0.5 5.2 -999.9 -999.9 365
sta6 2011 11 9 313 5.7 12.7 6.9 0.5 0 -999.9 -999.9 365
sta6 2011 11 10 314 5.6 9.9 5 0.2 0 -999.9 -999.9 365
sta6 2011 11 11 315 4.3 7 3.2 0.5 0 -999.9 -999.9 365
sta6 2011 11 12 316 4.5 15.8 7.2 0.5 0 -999.9 -999.9 365
sta6 2011 11 13 317 3.4 9.4 6.2 0.4 0 -999.9 -999.9 365
sta6 2011 11 14 318 3.6 10.9 6.6 0.6 0 -999.9 -999.9 365
sta6 2011 11 15 319 1.3 6.4 6.4 0.5 0 -999.9 -999.9 365
sta6 2011 11 16 320 0.2 4.7 5.9 0.3 0 -999.9 -999.9 365
sta6 2011 11 17 321 1.3 12.4 4.7 0.1 0 -999.9 -999.9 365
sta6 2011 11 18 322 4.6 12.1 3.7 0.6 0 -999.9 -999.9 365
sta6 2011 11 19 323 4 10.3 3.9 0.7 0.2 -999.9 -999.9 365
sta6 2011 11 20 324 6.4 14.2 6.1 1.4 0 -999.9 -999.9 365
sta6 2011 11 21 325 3.7 15.5 6.3 1.1 0 -999.9 -999.9 365
sta6 2011 11 22 326 1.9 15.7 6.2 0.8 0 -999.9 -999.9 365
sta6 2011 11 23 327 1 12.6 6 0.7 0 -999.9 -999.9 365
sta6 2011 11 24 328 -2.7 6.7 4.6 0.2 0 -999.9 -999.9 365
sta6 2011 11 25 329 -1.1 7.7 2.7 0.1 0.4 -999.9 -999.9 365
sta6 2011 11 26 330 3.2 5.7 1.7 0.1 0 -999.9 -999.9 365
sta6 2011 11 27 331 3 9.2 2.4 0.4 0.4 -999.9 -999.9 365
sta6 2011 11 28 332 3.6 9.9 4.2 0.3 0 -999.9 -999.9 365
sta6 2011 11 29 333 3.2 12.6 5.8 0.7 2.8 -999.9 -999.9 365
sta6 2011 11 30 334 4.7 10.9 4.3 0.4 0 -999.9 -999.9 365
sta6 2011 12 1 335 4.5 13.7 2.8 0.6 0 -999.9 -999.9 365
sta6 2011 12 2 336 5.8 11.2 0.9 0.7 0.2 -999.9 -999.9 365
sta6 2011 12 3 337 3.4 9.9 0.6 0.2 18 -999.9 -999.9 365
sta6 2011 12 4 338 7.3 11.3 1 0.1 17.8 -999.9 -999.9 365
sta6 2011 12 5 339 2.6 6.9 4.6 0.6 4.8 -999.9 -999.9 365
sta6 2011 12 6 340 3.4 6.9 1.7 0.6 4.2 -999.9 -999.9 365
sta6 2011 12 7 341 4.7 8.5 0.6 0.3 12.2 -999.9 -999.9 365
sta6 2011 12 8 342 3 9.7 3.7 0.4 0 -999.9 -999.9 365
sta6 2011 12 9 343 6.4 9.7 0.7 0.4 24.4 -999.9 -999.9 365
sta6 2011 12 10 344 3.7 6.1 2.5 0.2 0 -999.9 -999.9 365
sta6 2011 12 11 345 -2.6 7.4 2.6 0.1 9.4 -999.9 -999.9 365
sta6 2011 12 12 346 3.8 7.4 2.6 0.6 1.6 -999.9 -999.9 365
sta6 2011 12 13 347 1.5 9.2 1.4 0.8 4.6 -999.9 -999.9 365
sta6 2011 12 14 348 3.5 8.6 2.4 1.2 4.2 -999.9 -999.9 365
sta6 2011 12 15 349 3.1 9 1.6 1.1 26 -999.9 -999.9 365
sta6 2011 12 16 350 3 10.8 0.6 1.1 23.2 -999.9 -999.9 365
sta6 2011 12 17 351 0.6 2.9 1 0.4 2.6 -999.9 -999.9 365
sta6 2011 12 18 352 0 1.3 1.2 0.3 7.2 -999.9 -999.9 365
sta6 2011 12 19 353 -1.2 1.2 2.4 0.3 2.8 -999.9 -999.9 365
sta6 2011 12 20 354 -3 5 1.2 0.1 8 -999.9 -999.9 365
sta6 2011 12 21 355 1 9 1.2 0.2 5 -999.9 -999.9 365
sta6 2011 12 22 356 3.5 9.4 1.2 0.1 0.2 -999.9 -999.9 365
sta6 2011 12 23 357 6.6 7.7 1.1 0.4 4.2 -999.9 -999.9 365
sta6 2011 12 24 358 2.1 4.8 2.5 0.6 0 -999.9 -999.9 365
sta6 2011 12 25 359 -0.8 5.6 2.3 0.2 0 -999.9 -999.9 365
sta6 2011 12 26 360 2.7 8.9 4.3 0.4 0 -999.9 -999.9 365
sta6 2011 12 27 361 1.6 4.7 1.2 0.1 0 -999.9 -999.9 365
sta6 2011 12 28 362 -1.2 6.8 3.2 0 0.8 -999.9 -999.9 365
sta6 2011 12 29 363 2.5 5.1 3.8 0.2 15.6 -999.9 -999.9 365
sta6 2011 12 30 364 1.8 5.8 2.6 0.7 9.4 -999.9 -999.9 365
sta6 2011 12 31 365 1.9 10.7 0.9 0 9.4 -999.9 -999.9 365
