sta6 2015 1 1 1 -2.7 -1 3.9 0.1 0 -999.9 -999.9 365
sta6 2015 1 2 2 -3.5 3.6 0.7 0 4.2 -999.9 -999.9 365
sta6 2015 1 3 3 -1 10.9 0.7 0 13.4 -999.9 -999.9 365
sta6 2015 1 4 4 -0.2 5.4 3.4 0.3 0 -999.9 -999.9 365
sta6 2015 1 5 5 -5.5 6.9 6.5 0.5 0 -999.9 -999.9 365
sta6 2015 1 6 6 -4.2 6.3 5.4 0.3 0.8 -999.9 -999.9 365
sta6 2015 1 7 7 0.4 6.9 2 0.1 0 -999.9 -999.9 365
sta6 2015 1 8 8 2.9 9.3 1.4 0.2 4.4 -999.9 -999.9 365
sta6 2015 1 9 9 6.4 11.6 1.2 0.5 3.8 -999.9 -999.9 365
sta6 2015 1 10 10 10.1 11.1 1.9 0.7 17.2 -999.9 -999.9 365
sta6 2015 1 11 11 3.3 6.2 3.9 0.8 0 -999.9 -999.9 365
sta6 2015 1 12 12 2.7 7.9 3.4 1.4 0 -999.9 -999.9 365
sta6 2015 1 13 13 0.1 14.4 4.9 1.8 5.2 -999.9 -999.9 365
sta6 2015 1 14 14 2.9 8.1 2.3 0.8 7.8 -999.9 -999.9 365
sta6 2015 1 15 15 4.1 11 1.9 1.3 13.8 -999.9 -999.9 365
sta6 2015 1 16 16 2.3 4.3 1 0.1 5.6 -999.9 -999.9 365
sta6 2015 1 17 17 0.8 4.4 1.9 0.4 1 -999.9 -999.9 365
sta6 2015 1 18 18 -2.8 0.6 6.2 0.5 0 -999.9 -999.9 365
sta6 2015 1 19 19 -3 3.7 3.7 0.2 0 -999.9 -999.9 365
sta6 2015 1 20 20 -1.4 1.4 1.6 0.3 0 -999.9 -999.9 365
sta6 2015 1 21 21 -4.8 1.6 3.6 0.1 0 -999.9 -999.9 365
sta6 2015 1 22 22 0.1 1.4 1.2 0.4 0 -999.9 -999.9 365
sta6 2015 1 23 23 -0.3 2.5 2.2 0.5 0 -999.9 -999.9 365
sta6 2015 1 24 24 -1 1.2 1.3 0.3 2.4 -999.9 -999.9 365
sta6 2015 1 25 25 -1.7 1.2 3.2 0.2 1.6 -999.9 -999.9 365
sta6 2015 1 26 26 0.3 4.9 1.2 0.2 6.2 -999.9 -999.9 365
sta6 2015 1 27 27 1.7 3.7 3 0.3 0 -999.9 -999.9 365
sta6 2015 1 28 28 2.1 5.8 2.1 0.4 4.6 -999.9 -999.9 365
sta6 2015 1 29 29 1.9 3.8 1.3 0.4 9.2 -999.9 -999.9 365
sta6 2015 1 30 30 -0.3 2.1 2.4 0.3 3.4 -999.9 -999.9 365
sta6 2015 1 31 31 -0.5 2.4 2.8 0.4 2.8 -999.9 -999.9 365
sta6 2015 2 1 32 -0.1 1.3 2.1 0.2 12 -999.9 -999.9 365
sta6 2015 2 2 33 -0.4 1.6 3.2 0.3 1.8 -999.9 -999.9 365
sta6 2015 2 3 34 -3.8 0.8 4.3 0.4 0 -999.9 -999.9 365
sta6 2015 2 4 35 -6 -0.1 5.4 0.6 0 -999.9 -999.9 365
sta6 2015 2 5 36 -6.4 -0.4 7.5 0.7 0 -999.9 -999.9 365
sta6 2015 2 6 37 -2.8 0.5 8.2 1.1 0 -999.9 -999.9 365
sta6 2015 2 7 38 -5.6 2 9.2 1 0 -999.9 -999.9 365
sta6 2015 2 8 39 -2.8 3.9 4 0.7 0 -999.9 -999.9 365
sta6 2015 2 9 40 -3.2 4 5.9 0.4 0 -999.9 -999.9 365
sta6 2015 2 10 41 -0.5 6.6 6.1 0.7 0 -999.9 -999.9 365
sta6 2015 2 11 42 -3 7.9 9.9 0.8 0 -999.9 -999.9 365
sta6 2015 2 12 43 -3.3 12.2 10.3 0.9 0 -999.9 -999.9 365
sta6 2015 2 13 44 -1.4 11.9 9.9 1.1 0.4 -999.9 -999.9 365
sta6 2015 2 14 45 3.5 8.3 4 0.8 2.2 -999.9 -999.9 365
sta6 2015 2 15 46 3 8 5.2 0.7 0 -999.9 -999.9 365
sta6 2015 2 16 47 -1 3.5 3.3 0.2 0 -999.9 -999.9 365
sta6 2015 2 17 48 2.1 6.4 3 0.5 0 -999.9 -999.9 365
sta6 2015 2 18 49 -2.1 4.8 6.2 0.7 0 -999.9 -999.9 365
sta6 2015 2 19 50 0.6 7.4 7 0.8 0 -999.9 -999.9 365
sta6 2015 2 20 51 -1.8 13.3 8.6 1.6 3.2 -999.9 -999.9 365
sta6 2015 2 21 52 2.4 6 4.6 0.8 0.8 -999.9 -999.9 365
sta6 2015 2 22 53 0.8 7.4 8.6 1 2.4 -999.9 -999.9 365
sta6 2015 2 23 54 -1.4 9.2 4.4 0.8 16.8 -999.9 -999.9 365
sta6 2015 2 24 55 1.2 7.4 6.6 0.9 0 -999.9 -999.9 365
sta6 2015 2 25 56 -0.9 8.5 7.7 0.7 0 -999.9 -999.9 365
sta6 2015 2 26 57 3.9 9.6 4.8 0.7 10 -999.9 -999.9 365
sta6 2015 2 27 58 3 6.5 4.8 1 0.4 -999.9 -999.9 365
sta6 2015 2 28 59 -3.8 8.3 13 1.2 2 -999.9 -999.9 365
sta6 2015 3 1 60 2.9 11.2 4 0.6 12 -999.9 -999.9 365
sta6 2015 3 2 61 4 9.9 8.5 1.7 5.2 -999.9 -999.9 365
sta6 2015 3 3 62 1.1 10.8 12.6 1.6 4 -999.9 -999.9 365
sta6 2015 3 4 63 0.4 7.2 9.3 1 0.6 -999.9 -999.9 365
sta6 2015 3 5 64 -1.7 8.1 12.8 1.2 0 -999.9 -999.9 365
sta6 2015 3 6 65 -3.5 11.1 14.4 1.2 0 -999.9 -999.9 365
sta6 2015 3 7 66 -3.1 15.2 11.7 1.4 0 -999.9 -999.9 365
sta6 2015 3 8 67 -1.4 17.2 12.8 1.9 0 -999.9 -999.9 365
sta6 2015 3 9 68 -1.1 16.3 11.5 1.6 0 -999.9 -999.9 365
sta6 2015 3 10 69 1.5 12.4 6.2 0.6 0 -999.9 -999.9 365
sta6 2015 3 11 70 4.5 13.5 14.1 1.9 0 -999.9 -999.9 365
sta6 2015 3 12 71 -3.6 13.3 17.1 2.1 0 -999.9 -999.9 365
sta6 2015 3 13 72 -2.9 11.9 13.7 1.6 0 -999.9 -999.9 365
sta6 2015 3 14 73 -1.4 11.2 12.9 1.5 0 -999.9 -999.9 365
sta6 2015 3 15 74 -1.4 10.9 12 1.4 0 -999.9 -999.9 365
sta6 2015 3 16 75 -0.5 15.7 14.9 1.8 0 -999.9 -999.9 365
sta6 2015 3 17 76 -0.3 18.8 14.6 2 0 -999.9 -999.9 365
sta6 2015 3 18 77 1.5 19.5 16 2 0 -999.9 -999.9 365
sta6 2015 3 19 78 5.2 8.9 5.7 0.8 0 -999.9 -999.9 365
sta6 2015 3 20 79 -0.3 15.8 12.8 2 0 -999.9 -999.9 365
sta6 2015 3 21 80 0.6 8.2 6.1 1.2 0 -999.9 -999.9 365
sta6 2015 3 22 81 0.2 10.6 11 1.9 0 -999.9 -999.9 365
sta6 2015 3 23 82 -1.7 15.6 17.8 1.4 0 -999.9 -999.9 365
sta6 2015 3 24 83 0.9 14.1 10.3 1.3 7.4 -999.9 -999.9 365
sta6 2015 3 25 84 2.8 4.9 2.4 0.4 1.8 -999.9 -999.9 365
sta6 2015 3 26 85 2.5 9 11.2 1.3 0.8 -999.9 -999.9 365
sta6 2015 3 27 86 4.5 11.8 15 2 0 -999.9 -999.9 365
sta6 2015 3 28 87 1.6 10.9 5.3 0.7 2.4 -999.9 -999.9 365
sta6 2015 3 29 88 8.5 10.9 2.8 0.9 30.6 -999.9 -999.9 365
sta6 2015 3 30 89 7.7 12.5 10.5 2.2 1.4 -999.9 -999.9 365
sta6 2015 3 31 90 8.9 12.7 10 2.9 3.4 -999.9 -999.9 365
sta6 2015 4 1 91 3.9 9.5 11.9 2.5 0.4 -999.9 -999.9 365
sta6 2015 4 2 92 4.7 8.1 3 1.1 7.4 -999.9 -999.9 365
sta6 2015 4 3 93 0.7 8.4 5.3 0.4 4.8 -999.9 -999.9 365
sta6 2015 4 4 94 4.2 8.2 4 0.8 4.8 -999.9 -999.9 365
sta6 2015 4 5 95 -0.9 9.9 17.8 2.3 0 -999.9 -999.9 365
sta6 2015 4 6 96 -2.7 12.2 20 2.2 0 -999.9 -999.9 365
sta6 2015 4 7 97 -1 14.3 21.8 2.6 0 -999.9 -999.9 365
sta6 2015 4 8 98 -1.4 17.6 20.4 2.7 0 -999.9 -999.9 365
sta6 2015 4 9 99 0.3 21.3 22.1 3.4 0 -999.9 -999.9 365
sta6 2015 4 10 100 4.6 21 20.6 4 0.6 -999.9 -999.9 365
sta6 2015 4 11 101 10.3 12.7 6.3 1.7 1 -999.9 -999.9 365
sta6 2015 4 12 102 6.7 19.9 19.7 2.7 0 -999.9 -999.9 365
sta6 2015 4 13 103 4.1 20.4 22.2 2.9 0 -999.9 -999.9 365
sta6 2015 4 14 104 5 23.4 22.8 3.6 0 -999.9 -999.9 365
sta6 2015 4 15 105 5.3 25.3 22.4 4.1 0 -999.9 -999.9 365
sta6 2015 4 16 106 9.3 20.8 13.4 3.3 14.2 -999.9 -999.9 365
sta6 2015 4 17 107 12 15.3 6.8 1.8 5.8 -999.9 -999.9 365
sta6 2015 4 18 108 4.1 14.2 23.8 3.6 0 -999.9 -999.9 365
sta6 2015 4 19 109 5.3 18.3 23.6 3.9 0 -999.9 -999.9 365
sta6 2015 4 20 110 2.8 20.5 23.1 3.9 0 -999.9 -999.9 365
sta6 2015 4 21 111 3.6 22.6 24.7 4.2 0 -999.9 -999.9 365
sta6 2015 4 22 112 5.8 23.2 25.2 4.5 0 -999.9 -999.9 365
sta6 2015 4 23 113 3.1 21.5 25.1 3.9 0 -999.9 -999.9 365
sta6 2015 4 24 114 2.6 22.2 24.9 3.7 0.4 -999.9 -999.9 365
sta6 2015 4 25 115 10.5 15.3 7 1.7 10.8 -999.9 -999.9 365
sta6 2015 4 26 116 9.1 19.8 15 2.3 15.2 -999.9 -999.9 365
sta6 2015 4 27 117 8 13.6 3 0.8 21 -999.9 -999.9 365
sta6 2015 4 28 118 3.9 12.9 18.1 2.4 0 -999.9 -999.9 365
sta6 2015 4 29 119 0.7 16.5 20.1 2.6 0 -999.9 -999.9 365
sta6 2015 4 30 120 5.5 13.5 12.1 1.8 18.8 -999.9 -999.9 365
sta6 2015 5 1 121 8.2 13 4.6 0.7 23.4 -999.9 -999.9 365
sta6 2015 5 2 122 9.1 15.1 8.1 1.3 9.6 -999.9 -999.9 365
sta6 2015 5 3 123 11.1 18.1 6.6 0.9 27 -999.9 -999.9 365
sta6 2015 5 4 124 11.7 22.3 18.4 3 0.4 -999.9 -999.9 365
sta6 2015 5 5 125 16.3 20.7 17.5 4.8 0 -999.9 -999.9 365
sta6 2015 5 6 126 8 17.9 20.1 3.4 0 -999.9 -999.9 365
sta6 2015 5 7 127 6.8 17.9 24.6 3.3 0 -999.9 -999.9 365
sta6 2015 5 8 128 5.8 19.5 12.5 1.9 0 -999.9 -999.9 365
sta6 2015 5 9 129 11.8 20.3 20.1 4 0.4 -999.9 -999.9 365
sta6 2015 5 10 130 6.6 22.9 26.4 3.7 0 -999.9 -999.9 365
sta6 2015 5 11 131 9.2 27.5 24 4.1 0 -999.9 -999.9 365
sta6 2015 5 12 132 14.9 28.6 22.5 5 0 -999.9 -999.9 365
sta6 2015 5 13 133 7.7 26.8 24.7 3.6 5.2 -999.9 -999.9 365
sta6 2015 5 14 134 11.2 19.3 11.6 2.6 2.4 -999.9 -999.9 365
sta6 2015 5 15 135 8.6 13.2 7.8 1.6 0 -999.9 -999.9 365
sta6 2015 5 16 136 5.9 18.7 19.2 2.4 0 -999.9 -999.9 365
sta6 2015 5 17 137 10.6 19.4 27.1 3.7 0 -999.9 -999.9 365
sta6 2015 5 18 138 4.8 22 29 4.1 0 -999.9 -999.9 365
sta6 2015 5 19 139 8.5 16.2 21.8 3.7 1.4 -999.9 -999.9 365
sta6 2015 5 20 140 7.1 14.1 19.9 2.9 0 -999.9 -999.9 365
sta6 2015 5 21 141 2.8 16.8 23.6 3 0 -999.9 -999.9 365
sta6 2015 5 22 142 3.4 18.9 26.9 3.6 0 -999.9 -999.9 365
sta6 2015 5 23 143 7.3 20.7 18.5 3.2 0 -999.9 -999.9 365
sta6 2015 5 24 144 9.3 21.8 21.4 3.9 0 -999.9 -999.9 365
sta6 2015 5 25 145 7.5 16.4 10.4 2.1 13 -999.9 -999.9 365
sta6 2015 5 26 146 6.6 14.3 18.7 2.9 0 -999.9 -999.9 365
sta6 2015 5 27 147 4.2 18.8 26.5 3.5 0 -999.9 -999.9 365
sta6 2015 5 28 148 5.6 21.6 23.6 3.7 0 -999.9 -999.9 365
sta6 2015 5 29 149 10.8 19.2 17.6 3.5 0.4 -999.9 -999.9 365
sta6 2015 5 30 150 10.2 18.3 18.4 3.5 0.4 -999.9 -999.9 365
sta6 2015 5 31 151 8 21.1 18.5 3.1 3.4 -999.9 -999.9 365
sta6 2015 6 1 152 8.9 15.7 13.1 2.4 2.2 -999.9 -999.9 365
sta6 2015 6 2 153 10 25.2 26 5.6 0 -999.9 -999.9 365
sta6 2015 6 3 154 13.3 23.8 20.5 4.5 0 -999.9 -999.9 365
sta6 2015 6 4 155 9.8 29.3 29.4 4.8 0 -999.9 -999.9 365
sta6 2015 6 5 156 14.8 32.9 28 6.4 8 -999.9 -999.9 365
sta6 2015 6 6 157 14.3 24.6 27.6 5.2 0 -999.9 -999.9 365
sta6 2015 6 7 158 11.2 25.6 26.4 5.3 0 -999.9 -999.9 365
sta6 2015 6 8 159 11.9 23.4 25.5 5.2 0 -999.9 -999.9 365
sta6 2015 6 9 160 12.6 19.8 19.5 4.3 0 -999.9 -999.9 365
sta6 2015 6 10 161 11.3 23.6 27.6 4.7 0 -999.9 -999.9 365
sta6 2015 6 11 162 13.6 29.4 27.8 5.8 0 -999.9 -999.9 365
sta6 2015 6 12 163 17 27.1 13.8 4.5 19.8 -999.9 -999.9 365
sta6 2015 6 13 164 15.1 24.9 25.8 4.6 0 -999.9 -999.9 365
sta6 2015 6 14 165 13 24.3 19 3.7 2.2 -999.9 -999.9 365
sta6 2015 6 15 166 14.8 22.2 14.3 3 0.2 -999.9 -999.9 365
sta6 2015 6 16 167 15.1 21.5 15.2 3.8 0 -999.9 -999.9 365
sta6 2015 6 17 168 8.6 22.4 29.8 4.5 0 -999.9 -999.9 365
sta6 2015 6 18 169 10.9 18.8 7.5 1.7 3.2 -999.9 -999.9 365
sta6 2015 6 19 170 8.1 20.4 21.2 3.3 0 -999.9 -999.9 365
sta6 2015 6 20 171 9.4 20 16.6 2.9 0.2 -999.9 -999.9 365
sta6 2015 6 21 172 12.7 22.1 16.4 3.3 0 -999.9 -999.9 365
sta6 2015 6 22 173 11.6 20.6 12.5 2.9 12.2 -999.9 -999.9 365
sta6 2015 6 23 174 9.6 17.8 16 2.9 0 -999.9 -999.9 365
sta6 2015 6 24 175 5.4 23.1 30.4 4 0 -999.9 -999.9 365
sta6 2015 6 25 176 9.6 26 27.6 4.8 0 -999.9 -999.9 365
sta6 2015 6 26 177 11.1 28.7 27 5.3 0 -999.9 -999.9 365
sta6 2015 6 27 178 18.2 25.7 23.7 5.8 0 -999.9 -999.9 365
sta6 2015 6 28 179 9.8 29 30.1 5.3 0 -999.9 -999.9 365
sta6 2015 6 29 180 13.7 28.9 26.8 5.8 0 -999.9 -999.9 365
sta6 2015 6 30 181 12.9 32.4 29.9 6.5 0 -999.9 -999.9 365
sta6 2015 7 1 182 16.8 36.3 28.9 8.2 0 -999.9 -999.9 365
sta6 2015 7 2 183 22.6 36 26.6 8.5 0 -999.9 -999.9 365
sta6 2015 7 3 184 18.9 36.2 26.5 7.7 0 -999.9 -999.9 365
sta6 2015 7 4 185 22.5 37.8 23.1 8.2 0 -999.9 -999.9 365
sta6 2015 7 5 186 19.6 37.1 23.1 7.5 0 -999.9 -999.9 365
sta6 2015 7 6 187 14.8 32.4 29.2 6.3 0 -999.9 -999.9 365
sta6 2015 7 7 188 18.1 34.5 21.5 7.2 0 -999.9 -999.9 365
sta6 2015 7 8 189 16.1 21.4 15.7 5.2 0 -999.9 -999.9 365
sta6 2015 7 9 190 13.3 23.2 22.2 5.3 0 -999.9 -999.9 365
sta6 2015 7 10 191 7.4 28.3 29.9 6.1 0 -999.9 -999.9 365
sta6 2015 7 11 192 13.7 31.1 28.4 7.2 0 -999.9 -999.9 365
sta6 2015 7 12 193 14.1 27.2 22.2 5 0 -999.9 -999.9 365
sta6 2015 7 13 194 16.9 27.8 18.9 5.3 0 -999.9 -999.9 365
sta6 2015 7 14 195 15.8 27.8 22.5 5.1 0 -999.9 -999.9 365
sta6 2015 7 15 196 13.3 32 28.2 5.8 0 -999.9 -999.9 365
sta6 2015 7 16 197 15.9 36.1 27.7 8 1 -999.9 -999.9 365
sta6 2015 7 17 198 19.9 34.2 25.5 8 0.4 -999.9 -999.9 365
sta6 2015 7 18 199 18.9 29.7 14.7 4.9 1 -999.9 -999.9 365
sta6 2015 7 19 200 19.1 28.4 16.6 5.3 0 -999.9 -999.9 365
sta6 2015 7 20 201 18.8 29.9 19.5 5.8 0 -999.9 -999.9 365
sta6 2015 7 21 202 16.4 34.7 27.5 6.8 0 -999.9 -999.9 365
sta6 2015 7 22 203 18.3 28.9 18.3 5.3 0 -999.9 -999.9 365
sta6 2015 7 23 204 16.3 28.6 20.7 5.7 0 -999.9 -999.9 365
sta6 2015 7 24 205 12.9 31.7 20.6 5.9 1.4 -999.9 -999.9 365
sta6 2015 7 25 206 15.3 20.5 14.8 5.3 0 -999.9 -999.9 365
sta6 2015 7 26 207 7.8 20.9 13.3 3.2 1 -999.9 -999.9 365
sta6 2015 7 27 208 14.1 22.8 14 4.7 0.4 -999.9 -999.9 365
sta6 2015 7 28 209 13.4 21.9 16.2 5.2 1 -999.9 -999.9 365
sta6 2015 7 29 210 11.7 21 16.9 4 3.4 -999.9 -999.9 365
sta6 2015 7 30 211 10 21.7 23.1 4.9 0 -999.9 -999.9 365
sta6 2015 7 31 212 6.9 24.2 25 4.6 0 -999.9 -999.9 365
sta6 2015 8 1 213 12.6 27.5 21.4 5 0 -999.9 -999.9 365
sta6 2015 8 2 214 10.8 30.1 26.8 5.7 0 -999.9 -999.9 365
sta6 2015 8 3 215 15.2 35.1 27.1 7.3 1.4 -999.9 -999.9 365
sta6 2015 8 4 216 17.6 25 10.8 4.1 3 -999.9 -999.9 365
sta6 2015 8 5 217 11.9 31.1 25.9 5.3 0 -999.9 -999.9 365
sta6 2015 8 6 218 18.4 35.1 23 6.6 0 -999.9 -999.9 365
sta6 2015 8 7 219 18.9 37.4 24.2 7.2 0 -999.9 -999.9 365
sta6 2015 8 8 220 19 28 12.6 4.3 0.4 -999.9 -999.9 365
sta6 2015 8 9 221 17.2 22.4 6.6 2.2 1.8 -999.9 -999.9 365
sta6 2015 8 10 222 16.6 21.4 11.8 2.7 1.8 -999.9 -999.9 365
sta6 2015 8 11 223 14.3 30 24 4.7 0 -999.9 -999.9 365
sta6 2015 8 12 224 17.7 33.2 21.9 5.6 0 -999.9 -999.9 365
sta6 2015 8 13 225 19.1 31.4 14.7 5.3 3.4 -999.9 -999.9 365
sta6 2015 8 14 226 16.9 26.2 15.3 4.3 1.2 -999.9 -999.9 365
sta6 2015 8 15 227 14.1 17.1 4.8 1.7 2.2 -999.9 -999.9 365
sta6 2015 8 16 228 12.6 20.3 11.8 2.7 0.2 -999.9 -999.9 365
sta6 2015 8 17 229 11.7 22.3 20.6 4 0 -999.9 -999.9 365
sta6 2015 8 18 230 9.8 22.3 19.4 3.2 0 -999.9 -999.9 365
sta6 2015 8 19 231 7.6 23.8 22.7 3.9 0 -999.9 -999.9 365
sta6 2015 8 20 232 10.9 23.3 12.7 3.2 0.2 -999.9 -999.9 365
sta6 2015 8 21 233 11.5 29.1 22.5 4.5 0 -999.9 -999.9 365
sta6 2015 8 22 234 11.3 28.8 23.6 5.5 0 -999.9 -999.9 365
sta6 2015 8 23 235 15.6 24.3 7.2 3.2 13.4 -999.9 -999.9 365
sta6 2015 8 24 236 14 22.7 13 3.8 1.2 -999.9 -999.9 365
sta6 2015 8 25 237 10.8 22.6 20.6 4.4 0 -999.9 -999.9 365
sta6 2015 8 26 238 12.8 28.6 22.2 5.8 0 -999.9 -999.9 365
sta6 2015 8 27 239 18.5 30.1 15.4 4.4 2 -999.9 -999.9 365
sta6 2015 8 28 240 17.7 25.2 7.9 2.3 0 -999.9 -999.9 365
sta6 2015 8 29 241 14.8 32.4 21.4 5.2 0 -999.9 -999.9 365
sta6 2015 8 30 242 18.8 35.1 21.7 7.4 0 -999.9 -999.9 365
sta6 2015 8 31 243 18.9 32.7 19 6.7 4.6 -999.9 -999.9 365
sta6 2015 9 1 244 16 19.8 7 1.8 23 -999.9 -999.9 365
sta6 2015 9 2 245 11.4 20.2 15.3 2.6 0 -999.9 -999.9 365
sta6 2015 9 3 246 10.9 20.2 16.3 2.9 0 -999.9 -999.9 365
sta6 2015 9 4 247 8.2 18.1 12.7 2.5 0 -999.9 -999.9 365
sta6 2015 9 5 248 7.8 15.3 8.5 1.8 0.4 -999.9 -999.9 365
sta6 2015 9 6 249 8.5 16.5 13.7 2.5 0 -999.9 -999.9 365
sta6 2015 9 7 250 4 17.1 14.9 1.9 0 -999.9 -999.9 365
sta6 2015 9 8 251 7.2 21.3 16.9 2.8 0 -999.9 -999.9 365
sta6 2015 9 9 252 7.1 22.9 20.4 3.6 0 -999.9 -999.9 365
sta6 2015 9 10 253 6.2 22.2 20.4 3.8 0 -999.9 -999.9 365
sta6 2015 9 11 254 6.3 23.7 19 3.6 0 -999.9 -999.9 365
sta6 2015 9 12 255 15.1 20.9 5.8 2.3 1.2 -999.9 -999.9 365
sta6 2015 9 13 256 14.4 24.3 11.1 3.2 24.6 -999.9 -999.9 365
sta6 2015 9 14 257 13.2 18.6 13 3 5.6 -999.9 -999.9 365
sta6 2015 9 15 258 10.1 17.3 8.8 2.3 5.6 -999.9 -999.9 365
sta6 2015 9 16 259 13.1 26 6.8 2.8 15.4 -999.9 -999.9 365
sta6 2015 9 17 260 12.5 17 5.7 1.4 9.6 -999.9 -999.9 365
sta6 2015 9 18 261 10.6 17.5 13.1 2.1 8.6 -999.9 -999.9 365
sta6 2015 9 19 262 12.3 17.9 10.8 1.9 0.6 -999.9 -999.9 365
sta6 2015 9 20 263 10.6 17.6 11.3 1.9 0 -999.9 -999.9 365
sta6 2015 9 21 264 4.1 19.1 14.7 1.9 0 -999.9 -999.9 365
sta6 2015 9 22 265 11.3 14.2 6.4 1.7 5 -999.9 -999.9 365
sta6 2015 9 23 266 9.2 16 7.6 1.8 0 -999.9 -999.9 365
sta6 2015 9 24 267 7.2 18.7 15.7 2 0 -999.9 -999.9 365
sta6 2015 9 25 268 7.4 17.7 10.5 1.9 0.4 -999.9 -999.9 365
sta6 2015 9 26 269 5.8 19.1 14.3 2.1 0 -999.9 -999.9 365
sta6 2015 9 27 270 8.8 18.8 15.8 2.7 0 -999.9 -999.9 365
sta6 2015 9 28 271 6.4 17.8 16.8 2.9 0 -999.9 -999.9 365
sta6 2015 9 29 272 7.5 18.2 16.4 3 0 -999.9 -999.9 365
sta6 2015 9 30 273 5.5 17.6 16.3 2.5 0 -999.9 -999.9 365
sta6 2015 10 1 274 4.8 15.4 15.2 2.2 0 -999.9 -999.9 365
sta6 2015 10 2 275 3.5 19.3 14.9 1.9 0 -999.9 -999.9 365
sta6 2015 10 3 276 6.8 19.8 11.9 2.1 6.6 -999.9 -999.9 365
sta6 2015 10 4 277 10.7 15.7 6.5 1.4 1 -999.9 -999.9 365
sta6 2015 10 5 278 10.3 19.4 6.8 1.2 9 -999.9 -999.9 365
sta6 2015 10 6 279 14.3 19.2 5.3 1.4 21 -999.9 -999.9 365
sta6 2015 10 7 280 11.5 15.5 6.1 1.6 1.4 -999.9 -999.9 365
sta6 2015 10 8 281 10.1 14 6.2 1.3 0 -999.9 -999.9 365
sta6 2015 10 9 282 8.9 16.6 10.5 1.7 0 -999.9 -999.9 365
sta6 2015 10 10 283 7.7 15.5 6.9 1.1 0 -999.9 -999.9 365
sta6 2015 10 11 284 7.7 15.1 10 1.3 0 -999.9 -999.9 365
sta6 2015 10 12 285 3.5 14.1 10.1 1.2 0 -999.9 -999.9 365
sta6 2015 10 13 286 2.1 8.8 4.1 0.7 0 -999.9 -999.9 365
sta6 2015 10 14 287 3.1 4.1 1.6 0.5 0.2 -999.9 -999.9 365
sta6 2015 10 15 288 0.4 6 2.8 0.5 0.8 -999.9 -999.9 365
sta6 2015 10 16 289 3.6 6 4.2 0.6 0.2 -999.9 -999.9 365
sta6 2015 10 17 290 4.7 8.4 3.2 0.5 2 -999.9 -999.9 365
sta6 2015 10 18 291 6.1 9.9 3.9 0.7 0 -999.9 -999.9 365
sta6 2015 10 19 292 -1 12.6 7.7 0.7 0 -999.9 -999.9 365
sta6 2015 10 20 293 1.5 11.4 6.5 0.6 0 -999.9 -999.9 365
sta6 2015 10 21 294 7.8 13.7 7.4 1 0 -999.9 -999.9 365
sta6 2015 10 22 295 6.3 11.3 2.6 0.3 2 -999.9 -999.9 365
sta6 2015 10 23 296 10 14.8 4.1 0.8 0 -999.9 -999.9 365
sta6 2015 10 24 297 6.1 16.8 8.3 1.1 0 -999.9 -999.9 365
sta6 2015 10 25 298 10.8 14.2 3.8 0.8 0.2 -999.9 -999.9 365
sta6 2015 10 26 299 4.9 17.1 10 0.9 0 -999.9 -999.9 365
sta6 2015 10 27 300 8.4 18.6 8 1.9 11.8 -999.9 -999.9 365
sta6 2015 10 28 301 10.5 13.9 2.4 0.7 1 -999.9 -999.9 365
sta6 2015 10 29 302 5.4 14 6.1 0.6 0 -999.9 -999.9 365
sta6 2015 10 30 303 3 14.3 7.8 0.5 0 -999.9 -999.9 365
sta6 2015 10 31 304 5 18.4 8.9 1 0 -999.9 -999.9 365
sta6 2015 11 1 305 3.2 19.7 8.6 0.9 0 -999.9 -999.9 365
sta6 2015 11 2 306 3.2 15 7.6 0.7 0 -999.9 -999.9 365
sta6 2015 11 3 307 3.3 13.4 3.5 0.9 0 -999.9 -999.9 365
sta6 2015 11 4 308 9.5 18 5 1.4 0 -999.9 -999.9 365
sta6 2015 11 5 309 9.8 18.4 8.4 1.2 0 -999.9 -999.9 365
sta6 2015 11 6 310 11.3 16.3 3.2 0.8 0.8 -999.9 -999.9 365
sta6 2015 11 7 311 13.3 22.8 8.3 1.4 0 -999.9 -999.9 365
sta6 2015 11 8 312 9.1 20.9 8.1 1.6 0 -999.9 -999.9 365
sta6 2015 11 9 313 12.3 17 5.3 1.5 0 -999.9 -999.9 365
sta6 2015 11 10 314 8 13.8 6.2 1 0 -999.9 -999.9 365
sta6 2015 11 11 315 2.8 13.9 3.3 0.4 0 -999.9 -999.9 365
sta6 2015 11 12 316 6.2 15.9 7 1.1 0 -999.9 -999.9 365
sta6 2015 11 13 317 4.7 13.4 2.5 0.3 0 -999.9 -999.9 365
sta6 2015 11 14 318 4.4 11 6.2 0.9 0 -999.9 -999.9 365
sta6 2015 11 15 319 8.8 15.6 6.1 1.8 0 -999.9 -999.9 365
sta6 2015 11 16 320 1.9 12.5 2.1 0.5 0 -999.9 -999.9 365
sta6 2015 11 17 321 10.6 14.2 1.4 0.8 1.2 -999.9 -999.9 365
sta6 2015 11 18 322 11.1 14.8 5 1.6 0.2 -999.9 -999.9 365
sta6 2015 11 19 323 11.4 14.7 2.2 0.9 5 -999.9 -999.9 365
sta6 2015 11 20 324 7 13.9 0.8 0.4 65 -999.9 -999.9 365
sta6 2015 11 21 325 1.8 5 2.8 0.4 7.2 -999.9 -999.9 365
sta6 2015 11 22 326 1.2 3.9 2.2 0.5 0.4 -999.9 -999.9 365
sta6 2015 11 23 327 -0.6 4.1 3 0.3 0 -999.9 -999.9 365
sta6 2015 11 24 328 -3.3 4.6 3.3 0.4 8.8 -999.9 -999.9 365
sta6 2015 11 25 329 0.3 7.4 2.9 0.2 4.4 -999.9 -999.9 365
sta6 2015 11 26 330 0.8 5.8 2.7 0.4 0 -999.9 -999.9 365
sta6 2015 11 27 331 -1.4 3.6 2.4 0.3 1.4 -999.9 -999.9 365
sta6 2015 11 28 332 -1 7.1 4.9 0.5 2.4 -999.9 -999.9 365
sta6 2015 11 29 333 4.2 10.5 1.3 0.7 0.4 -999.9 -999.9 365
sta6 2015 11 30 334 9.3 12.1 2.4 1.3 0.8 -999.9 -999.9 365
sta6 2015 12 1 335 9 11.2 1.9 1.1 0 -999.9 -999.9 365
sta6 2015 12 2 336 4.4 12 4.9 1 0 -999.9 -999.9 365
sta6 2015 12 3 337 -1.3 6.7 5.1 0.4 0 -999.9 -999.9 365
sta6 2015 12 4 338 3 8.7 0.7 0.3 0.2 -999.9 -999.9 365
sta6 2015 12 5 339 1 10.1 5.4 0.4 0 -999.9 -999.9 365
sta6 2015 12 6 340 2.6 11.7 3.1 0.6 0 -999.9 -999.9 365
sta6 2015 12 7 341 7.2 13.5 4.9 1 0 -999.9 -999.9 365
sta6 2015 12 8 342 4.9 12 4.9 0.7 4 -999.9 -999.9 365
sta6 2015 12 9 343 5 6.9 2.7 0.2 0 -999.9 -999.9 365
sta6 2015 12 10 344 -2.4 5.3 4.5 0.3 0 -999.9 -999.9 365
sta6 2015 12 11 345 -1.7 8.7 3.2 0.1 0 -999.9 -999.9 365
sta6 2015 12 12 346 7.1 9.4 2.2 0.5 0 -999.9 -999.9 365
sta6 2015 12 13 347 2.5 8.5 3.3 0.3 0 -999.9 -999.9 365
sta6 2015 12 14 348 -1.4 9.3 5.1 0.3 0 -999.9 -999.9 365
sta6 2015 12 15 349 3.5 10.1 2.6 0.2 3.6 -999.9 -999.9 365
sta6 2015 12 16 350 8.5 11.9 1.5 0.2 0.8 -999.9 -999.9 365
sta6 2015 12 17 351 9.9 15.1 4.5 1.1 0 -999.9 -999.9 365
sta6 2015 12 18 352 7.8 12.6 1.8 0.4 0 -999.9 -999.9 365
sta6 2015 12 19 353 6.9 9.2 4.6 0.6 0 -999.9 -999.9 365
sta6 2015 12 20 354 7.2 14.5 3.4 0.9 5.8 -999.9 -999.9 365
sta6 2015 12 21 355 7.9 11.7 3.8 1 0 -999.9 -999.9 365
sta6 2015 12 22 356 7.4 13.9 4.8 1.5 0 -999.9 -999.9 365
sta6 2015 12 23 357 6.5 9.8 1.5 0.5 0.4 -999.9 -999.9 365
sta6 2015 12 24 358 8.3 14.5 4.5 1.3 0 -999.9 -999.9 365
sta6 2015 12 25 359 6.7 15.1 4.5 1.5 0 -999.9 -999.9 365
sta6 2015 12 26 360 5.5 9.9 4.4 0.5 0 -999.9 -999.9 365
sta6 2015 12 27 361 4.5 12.3 5 0.9 0 -999.9 -999.9 365
sta6 2015 12 28 362 3.6 12 5.1 0.9 0 -999.9 -999.9 365
sta6 2015 12 29 363 5.4 9.7 1.8 0.8 0.4 -999.9 -999.9 365
sta6 2015 12 30 364 0.7 9.6 4.7 0.4 1.8 -999.9 -999.9 365
sta6 2015 12 31 365 3.2 10.4 3.4 0.4 1.2 -999.9 -999.9 365
