sta6 2013 1 1 1 3.4 7.3 0.8 0.6 8.4 -999.9 -999.9 365
sta6 2013 1 2 2 1.3 5.1 2.3 0.3 0.2 -999.9 -999.9 365
sta6 2013 1 3 3 1.8 6.9 1.1 0.1 0.2 -999.9 -999.9 365
sta6 2013 1 4 4 6.2 8 1.5 0.1 0.4 -999.9 -999.9 365
sta6 2013 1 5 5 5.9 6.7 1.3 0.2 0.2 -999.9 -999.9 365
sta6 2013 1 6 6 5.3 7 1.5 0.3 0.2 -999.9 -999.9 365
sta6 2013 1 7 7 3.7 5.5 2.4 0.2 0 -999.9 -999.9 365
sta6 2013 1 8 8 1.5 2.3 1.3 0.2 0 -999.9 -999.9 365
sta6 2013 1 9 9 -0.5 1.1 1.1 0.1 1.4 -999.9 -999.9 365
sta6 2013 1 10 10 0.3 4.6 0.9 0.1 9.6 -999.9 -999.9 365
sta6 2013 1 11 11 1.8 3.9 1.7 0.2 0 -999.9 -999.9 365
sta6 2013 1 12 12 0.7 4.3 3.5 0.3 1.4 -999.9 -999.9 365
sta6 2013 1 13 13 0.1 2.3 1.5 0.2 0.8 -999.9 -999.9 365
sta6 2013 1 14 14 -2.7 -1 1.2 0.3 2.6 -999.9 -999.9 365
sta6 2013 1 15 15 -5 1.4 2.4 0.1 4.2 -999.9 -999.9 365
sta6 2013 1 16 16 -4.8 -3.2 2.5 0.3 0 -999.9 -999.9 365
sta6 2013 1 17 17 -11.6 -3.3 3.1 0.3 0 -999.9 -999.9 365
sta6 2013 1 18 18 -7.6 -2.2 4.2 0.3 0.8 -999.9 -999.9 365
sta6 2013 1 19 19 -3.7 1.2 3.3 0.3 9.8 -999.9 -999.9 365
sta6 2013 1 20 20 -1.7 5.1 2 0.2 0.2 -999.9 -999.9 365
sta6 2013 1 21 21 -2.1 1.9 2.7 0.3 3.8 -999.9 -999.9 365
sta6 2013 1 22 22 -0.7 3.4 4 0.5 0 -999.9 -999.9 365
sta6 2013 1 23 23 -3.3 4.1 6.3 0.3 0 -999.9 -999.9 365
sta6 2013 1 24 24 -1.7 1.8 3.7 0.5 0 -999.9 -999.9 365
sta6 2013 1 25 25 -5.4 -2.6 2.3 0.2 0 -999.9 -999.9 365
sta6 2013 1 26 26 -6.6 0.4 3.8 0.1 0 -999.9 -999.9 365
sta6 2013 1 27 27 -1 3.6 1.3 0.1 5.8 -999.9 -999.9 365
sta6 2013 1 28 28 -0.7 7.4 2.8 0.5 0.6 -999.9 -999.9 365
sta6 2013 1 29 29 2.7 11.6 1 0.4 11 -999.9 -999.9 365
sta6 2013 1 30 30 8.4 13.4 1.6 0.8 6 -999.9 -999.9 365
sta6 2013 1 31 31 3.9 9.3 4.6 0.6 1.6 -999.9 -999.9 365
sta6 2013 2 1 32 5 10.7 1 0.6 30.4 -999.9 -999.9 365
sta6 2013 2 2 33 1.9 4.5 3 0.7 0.4 -999.9 -999.9 365
sta6 2013 2 3 34 -0.2 4 3.9 0.7 4.4 -999.9 -999.9 365
sta6 2013 2 4 35 0.5 8.1 1.6 0.1 6.4 -999.9 -999.9 365
sta6 2013 2 5 36 0.5 5.6 2.3 0.7 7.8 -999.9 -999.9 365
sta6 2013 2 6 37 -0.7 2.5 1.9 0.6 9.8 -999.9 -999.9 365
sta6 2013 2 7 38 -3.2 2 3.4 0.3 0.6 -999.9 -999.9 365
sta6 2013 2 8 39 -2.2 2.4 5.4 0.3 1 -999.9 -999.9 365
sta6 2013 2 9 40 -4.1 2.2 6.5 0.5 0 -999.9 -999.9 365
sta6 2013 2 10 41 -10.6 0.4 9.2 0.4 4.8 -999.9 -999.9 365
sta6 2013 2 11 42 -1.7 3.7 3.6 0.2 0.2 -999.9 -999.9 365
sta6 2013 2 12 43 -2.2 0.3 4.3 0.6 0 -999.9 -999.9 365
sta6 2013 2 13 44 -3.4 -0.2 5.8 1 0 -999.9 -999.9 365
sta6 2013 2 14 45 -8.8 2.6 3.3 0.4 3.4 -999.9 -999.9 365
sta6 2013 2 15 46 -0.3 4.2 3.1 0.2 1.2 -999.9 -999.9 365
sta6 2013 2 16 47 0.3 7.1 6.2 0.5 0 -999.9 -999.9 365
sta6 2013 2 17 48 -1.4 4.4 9.2 0.6 0 -999.9 -999.9 365
sta6 2013 2 18 49 -3.3 5.9 11.5 0.7 0 -999.9 -999.9 365
sta6 2013 2 19 50 -4.7 9.8 11.4 0.6 0 -999.9 -999.9 365
sta6 2013 2 20 51 -1.2 5.6 9.1 1.1 0 -999.9 -999.9 365
sta6 2013 2 21 52 -4.1 2.1 6.8 1 0 -999.9 -999.9 365
sta6 2013 2 22 53 -6.5 -0.4 7.9 0.9 0 -999.9 -999.9 365
sta6 2013 2 23 54 -6 -1.7 4.4 0.6 1 -999.9 -999.9 365
sta6 2013 2 24 55 -4.9 -1.4 4.4 0.3 1 -999.9 -999.9 365
sta6 2013 2 25 56 -3.8 1.1 5.2 0.4 0 -999.9 -999.9 365
sta6 2013 2 26 57 -3.3 2.6 8.9 0.5 0 -999.9 -999.9 365
sta6 2013 2 27 58 0.6 2.7 3.1 0.3 0 -999.9 -999.9 365
sta6 2013 2 28 59 0.5 3.5 3.9 0.5 0 -999.9 -999.9 365
sta6 2013 3 1 60 -4 1.6 3 0.4 0 -999.9 -999.9 365
sta6 2013 3 2 61 0 3.6 5.9 0.9 0 -999.9 -999.9 365
sta6 2013 3 3 62 -6.4 7.9 14.2 0.8 0 -999.9 -999.9 365
sta6 2013 3 4 63 -2.3 15 13.8 1.6 0 -999.9 -999.9 365
sta6 2013 3 5 64 0.6 12.4 5.8 1.9 0 -999.9 -999.9 365
sta6 2013 3 6 65 6.9 16.5 6.5 2.1 0.4 -999.9 -999.9 365
sta6 2013 3 7 66 7.3 14.1 6.3 1.4 0.2 -999.9 -999.9 365
sta6 2013 3 8 67 8.3 12.6 3.2 0.8 2 -999.9 -999.9 365
sta6 2013 3 9 68 7.5 13.4 7.9 1.5 6.2 -999.9 -999.9 365
sta6 2013 3 10 69 4.2 13 5.5 1 1.4 -999.9 -999.9 365
sta6 2013 3 11 70 3.6 10.8 7.1 0.9 6.6 -999.9 -999.9 365
sta6 2013 3 12 71 0.4 7 3.2 0.6 6.2 -999.9 -999.9 365
sta6 2013 3 13 72 -2.7 0.8 10 0.9 0.4 -999.9 -999.9 365
sta6 2013 3 14 73 -4.7 2.6 7.9 0.8 0.4 -999.9 -999.9 365
sta6 2013 3 15 74 -9 5.5 17 1.4 0 -999.9 -999.9 365
sta6 2013 3 16 75 -2.4 7.6 9.6 2 0.2 -999.9 -999.9 365
sta6 2013 3 17 76 2.6 5.5 2.1 0.5 15.6 -999.9 -999.9 365
sta6 2013 3 18 77 1.3 10.9 11.2 1.4 1.8 -999.9 -999.9 365
sta6 2013 3 19 78 2.5 7.4 7.7 1.3 6.4 -999.9 -999.9 365
sta6 2013 3 20 79 2.2 8.6 7.9 1.3 4.6 -999.9 -999.9 365
sta6 2013 3 21 80 1.4 10.9 12.1 1.4 0 -999.9 -999.9 365
sta6 2013 3 22 81 2.6 13.3 14.4 2.4 0 -999.9 -999.9 365
sta6 2013 3 23 82 4.7 10.9 4.1 1.2 1.2 -999.9 -999.9 365
sta6 2013 3 24 83 1.8 9.3 10.1 1.7 0 -999.9 -999.9 365
sta6 2013 3 25 84 -1.6 3.9 15 1.5 0 -999.9 -999.9 365
sta6 2013 3 26 85 -1.4 3.5 9.6 1.3 0 -999.9 -999.9 365
sta6 2013 3 27 86 -0.5 4.1 7.7 1.2 0 -999.9 -999.9 365
sta6 2013 3 28 87 -3.9 7.3 7.9 1.4 0 -999.9 -999.9 365
sta6 2013 3 29 88 -4.6 7.1 12.8 1.2 0 -999.9 -999.9 365
sta6 2013 3 30 89 1.5 9.6 10.9 1.8 0 -999.9 -999.9 365
sta6 2013 3 31 90 -2.8 7.4 15.4 1.6 0 -999.9 -999.9 365
sta6 2013 4 1 91 -3.1 10 19.9 2.4 0 -999.9 -999.9 365
sta6 2013 4 2 92 -2.7 10.7 19.6 2.5 0 -999.9 -999.9 365
sta6 2013 4 3 93 -3 11.2 16.9 2.1 0 -999.9 -999.9 365
sta6 2013 4 4 94 -0.3 14 16.4 2.7 0 -999.9 -999.9 365
sta6 2013 4 5 95 0.9 9.8 11.1 2 0 -999.9 -999.9 365
sta6 2013 4 6 96 -0.2 5.8 6.2 1.4 0 -999.9 -999.9 365
sta6 2013 4 7 97 2.2 9.6 14.4 2 0 -999.9 -999.9 365
sta6 2013 4 8 98 1.5 8.9 6.1 1.3 0.2 -999.9 -999.9 365
sta6 2013 4 9 99 2.1 12.8 9.3 1.5 15.6 -999.9 -999.9 365
sta6 2013 4 10 100 6.7 13.1 11.3 2.1 11.8 -999.9 -999.9 365
sta6 2013 4 11 101 8.7 13.6 4.4 0.7 17.6 -999.9 -999.9 365
sta6 2013 4 12 102 7.4 13.5 13.8 2.5 3.4 -999.9 -999.9 365
sta6 2013 4 13 103 6.6 15.8 16.3 2.6 0 -999.9 -999.9 365
sta6 2013 4 14 104 9.8 23.7 23 4.2 0 -999.9 -999.9 365
sta6 2013 4 15 105 11.3 22.4 15.9 3.8 0 -999.9 -999.9 365
sta6 2013 4 16 106 7.8 20.6 17.4 2.7 0 -999.9 -999.9 365
sta6 2013 4 17 107 9.5 25.1 22.4 4 0 -999.9 -999.9 365
sta6 2013 4 18 108 13.6 18.5 15.7 4.4 0 -999.9 -999.9 365
sta6 2013 4 19 109 8 13.9 16.4 3.3 0 -999.9 -999.9 365
sta6 2013 4 20 110 4.6 9.8 5.7 1.9 0 -999.9 -999.9 365
sta6 2013 4 21 111 7.5 10.4 5.3 1.9 0 -999.9 -999.9 365
sta6 2013 4 22 112 4.5 16.4 21.8 2.8 0 -999.9 -999.9 365
sta6 2013 4 23 113 0.6 19 22.6 3.1 0 -999.9 -999.9 365
sta6 2013 4 24 114 4.7 23.5 24.3 3.5 0 -999.9 -999.9 365
sta6 2013 4 25 115 6.8 25.8 24.9 4.2 1.2 -999.9 -999.9 365
sta6 2013 4 26 116 10.9 14.9 4.4 1.5 25.6 -999.9 -999.9 365
sta6 2013 4 27 117 4 5.9 3.3 0.7 10.4 -999.9 -999.9 365
sta6 2013 4 28 118 3.6 8.4 5 0.8 2.6 -999.9 -999.9 365
sta6 2013 4 29 119 5.5 14 17.9 2.3 4 -999.9 -999.9 365
sta6 2013 4 30 120 7.4 9.5 4 0.6 26.2 -999.9 -999.9 365
sta6 2013 5 1 121 8.1 16.1 12.1 1.7 2.6 -999.9 -999.9 365
sta6 2013 5 2 122 5 19.9 17 1.9 31 -999.9 -999.9 365
sta6 2013 5 3 123 10.5 11.6 2.2 0.8 40.4 -999.9 -999.9 365
sta6 2013 5 4 124 8.1 18.4 22.4 3.2 0 -999.9 -999.9 365
sta6 2013 5 5 125 6.6 20.8 26.6 3.4 0 -999.9 -999.9 365
sta6 2013 5 6 126 11.3 17.3 11.7 2.2 0 -999.9 -999.9 365
sta6 2013 5 7 127 10.1 17.5 10.4 1.8 0 -999.9 -999.9 365
sta6 2013 5 8 128 6.4 19.5 13 1.9 4.2 -999.9 -999.9 365
sta6 2013 5 9 129 12.4 17.6 12.4 2.5 1.8 -999.9 -999.9 365
sta6 2013 5 10 130 7.8 13.1 11.4 1.7 0 -999.9 -999.9 365
sta6 2013 5 11 131 9.2 15.9 14.6 2.7 6.2 -999.9 -999.9 365
sta6 2013 5 12 132 6.4 14.7 16.9 2.8 0.6 -999.9 -999.9 365
sta6 2013 5 13 133 8.5 13.4 7.8 1.5 0.2 -999.9 -999.9 365
sta6 2013 5 14 134 9.9 16.7 16.9 2.9 24 -999.9 -999.9 365
sta6 2013 5 15 135 10.5 14.1 7.5 1.4 10 -999.9 -999.9 365
sta6 2013 5 16 136 7.2 10.2 5.5 1 12 -999.9 -999.9 365
sta6 2013 5 17 137 8 12.9 10 1.6 1 -999.9 -999.9 365
sta6 2013 5 18 138 4.1 18.7 17.6 2.3 4 -999.9 -999.9 365
sta6 2013 5 19 139 8.3 14.8 9.4 1.8 7 -999.9 -999.9 365
sta6 2013 5 20 140 8.3 10.8 5.4 0.9 24 -999.9 -999.9 365
sta6 2013 5 21 141 8.1 11.5 4.2 0.8 7 -999.9 -999.9 365
sta6 2013 5 22 142 6.9 9.9 7.2 1.3 0.2 -999.9 -999.9 365
sta6 2013 5 23 143 3.7 10.3 12.6 1.7 10 -999.9 -999.9 365
sta6 2013 5 24 144 2.8 9.4 16.5 1.8 2.2 -999.9 -999.9 365
sta6 2013 5 25 145 4 13 16.7 2.2 4 -999.9 -999.9 365
sta6 2013 5 26 146 4.1 9.6 7 1.4 0 -999.9 -999.9 365
sta6 2013 5 27 147 4.2 19.4 29.8 3.5 0 -999.9 -999.9 365
sta6 2013 5 28 148 6.6 19.2 12.2 2.6 3.6 -999.9 -999.9 365
sta6 2013 5 29 149 6.2 13.3 13.5 1.9 2.6 -999.9 -999.9 365
sta6 2013 5 30 150 6.6 13.2 11.2 1.7 1.4 -999.9 -999.9 365
sta6 2013 5 31 151 8.5 13.2 3.2 0.8 11.4 -999.9 -999.9 365
sta6 2013 6 1 152 8.8 18.9 19.8 3.3 0 -999.9 -999.9 365
sta6 2013 6 2 153 9 18.3 27.3 4.1 0 -999.9 -999.9 365
sta6 2013 6 3 154 6 16.6 24.1 3.5 0 -999.9 -999.9 365
sta6 2013 6 4 155 7.5 21.7 28.6 4.1 0 -999.9 -999.9 365
sta6 2013 6 5 156 7.8 25.2 28.6 4.2 0 -999.9 -999.9 365
sta6 2013 6 6 157 11.8 26.6 24.8 4.7 0 -999.9 -999.9 365
sta6 2013 6 7 158 10.2 27.5 29.5 5.1 0 -999.9 -999.9 365
sta6 2013 6 8 159 11.8 27.9 24.2 4.8 8.6 -999.9 -999.9 365
sta6 2013 6 9 160 13.1 21.9 17.8 3.4 0 -999.9 -999.9 365
sta6 2013 6 10 161 13 17.8 9.5 1.9 0.8 -999.9 -999.9 365
sta6 2013 6 11 162 8.7 23.3 21.3 2.9 0 -999.9 -999.9 365
sta6 2013 6 12 163 12 23.3 16.6 2.9 0.2 -999.9 -999.9 365
sta6 2013 6 13 164 11.3 26.8 14.2 3.4 10.8 -999.9 -999.9 365
sta6 2013 6 14 165 10 19.1 20.1 2.7 0.2 -999.9 -999.9 365
sta6 2013 6 15 166 11 21.9 20.2 3.5 0 -999.9 -999.9 365
sta6 2013 6 16 167 10 26.8 27.2 4.1 0 -999.9 -999.9 365
sta6 2013 6 17 168 18.2 32.1 28.2 6.3 0 -999.9 -999.9 365
sta6 2013 6 18 169 17.6 33.3 25 5.6 0 -999.9 -999.9 365
sta6 2013 6 19 170 18.6 30.9 19.7 5 44.6 -999.9 -999.9 365
sta6 2013 6 20 171 15.6 24.3 13.5 3.3 6 -999.9 -999.9 365
sta6 2013 6 21 172 12.7 20.5 15.8 3 0 -999.9 -999.9 365
sta6 2013 6 22 173 12.4 21.3 16.9 3.3 2.8 -999.9 -999.9 365
sta6 2013 6 23 174 12.1 18 16.1 3.3 2.8 -999.9 -999.9 365
sta6 2013 6 24 175 10.2 14.9 10.4 2.1 1 -999.9 -999.9 365
sta6 2013 6 25 176 7.5 16.4 14.9 2.2 0.8 -999.9 -999.9 365
sta6 2013 6 26 177 6.3 19 24 3.2 0.2 -999.9 -999.9 365
sta6 2013 6 27 178 8 17.8 18.3 3.2 0.6 -999.9 -999.9 365
sta6 2013 6 28 179 7.8 17 10.2 1.7 4.2 -999.9 -999.9 365
sta6 2013 6 29 180 12.9 18.8 12.8 2.7 0.6 -999.9 -999.9 365
sta6 2013 6 30 181 7.2 21 21.2 3.1 0 -999.9 -999.9 365
sta6 2013 7 1 182 8 25.2 27.3 3.9 0 -999.9 -999.9 365
sta6 2013 7 2 183 11.4 26.8 24.1 4.3 9 -999.9 -999.9 365
sta6 2013 7 3 184 14.7 18.4 7.5 1.8 12.8 -999.9 -999.9 365
sta6 2013 7 4 185 12.9 21.9 18.7 3.3 0 -999.9 -999.9 365
sta6 2013 7 5 186 15.1 23.9 20.5 3.7 0 -999.9 -999.9 365
sta6 2013 7 6 187 11.5 27.4 26.5 4.6 0 -999.9 -999.9 365
sta6 2013 7 7 188 15.6 27.8 27 5.3 0 -999.9 -999.9 365
sta6 2013 7 8 189 16.3 28.2 27.9 5.8 0 -999.9 -999.9 365
sta6 2013 7 9 190 15.2 28.1 24.9 5.1 0 -999.9 -999.9 365
sta6 2013 7 10 191 16.3 28.6 25.7 5.7 0 -999.9 -999.9 365
sta6 2013 7 11 192 13.2 23.6 27.1 4.8 0 -999.9 -999.9 365
sta6 2013 7 12 193 10.6 25.5 28.6 4.7 0 -999.9 -999.9 365
sta6 2013 7 13 194 11.4 25.6 27.1 4.5 0 -999.9 -999.9 365
sta6 2013 7 14 195 12.8 27.5 28.1 5.1 0 -999.9 -999.9 365
sta6 2013 7 15 196 12.9 27.6 26 5 0 -999.9 -999.9 365
sta6 2013 7 16 197 12.7 28.9 26.1 5.2 0 -999.9 -999.9 365
sta6 2013 7 17 198 13.5 28.8 23 5.2 0 -999.9 -999.9 365
sta6 2013 7 18 199 17.6 29.7 21 5.5 4.4 -999.9 -999.9 365
sta6 2013 7 19 200 15.9 30.4 25.6 6.1 0 -999.9 -999.9 365
sta6 2013 7 20 201 15.9 30.8 26.1 6 0 -999.9 -999.9 365
sta6 2013 7 21 202 16.6 32.8 24.9 6 0 -999.9 -999.9 365
sta6 2013 7 22 203 17.1 33.9 21.5 5.9 0 -999.9 -999.9 365
sta6 2013 7 23 204 17 33 20.6 5.4 0.4 -999.9 -999.9 365
sta6 2013 7 24 205 18.6 28.2 19.5 4.5 2.4 -999.9 -999.9 365
sta6 2013 7 25 206 17.9 31.7 24.1 5.7 0 -999.9 -999.9 365
sta6 2013 7 26 207 18.8 32.2 18.5 5.8 0 -999.9 -999.9 365
sta6 2013 7 27 208 21.3 34.6 25.7 8.2 0.8 -999.9 -999.9 365
sta6 2013 7 28 209 17.9 20.8 5.1 1.8 16.8 -999.9 -999.9 365
sta6 2013 7 29 210 16.4 24.8 14.6 3.7 0.4 -999.9 -999.9 365
sta6 2013 7 30 211 14.9 25.2 18 4.6 0 -999.9 -999.9 365
sta6 2013 7 31 212 17.7 28.9 22.7 5.2 0 -999.9 -999.9 365
sta6 2013 8 1 213 14.7 32.3 27.3 6.5 0 -999.9 -999.9 365
sta6 2013 8 2 214 20.1 33.7 25.5 8.1 1.6 -999.9 -999.9 365
sta6 2013 8 3 215 18.6 26 17.8 4.3 0 -999.9 -999.9 365
sta6 2013 8 4 216 14.6 29.1 24.3 4.8 0 -999.9 -999.9 365
sta6 2013 8 5 217 14.2 34.2 24.4 5.6 0 -999.9 -999.9 365
sta6 2013 8 6 218 15.1 24.1 16.7 3.7 22.4 -999.9 -999.9 365
sta6 2013 8 7 219 16.7 22.9 11.7 2.8 0 -999.9 -999.9 365
sta6 2013 8 8 220 15.3 19.8 8.5 2.5 0 -999.9 -999.9 365
sta6 2013 8 9 221 9.7 25.1 19.4 3.6 0.4 -999.9 -999.9 365
sta6 2013 8 10 222 13.5 23.4 21.3 4.1 0 -999.9 -999.9 365
sta6 2013 8 11 223 9.6 23.6 22.8 3.8 0 -999.9 -999.9 365
sta6 2013 8 12 224 12.6 26.6 16.8 3.6 2.4 -999.9 -999.9 365
sta6 2013 8 13 225 10.7 21.7 20.3 3.4 0 -999.9 -999.9 365
sta6 2013 8 14 226 9.5 22.9 22.3 3.8 0 -999.9 -999.9 365
sta6 2013 8 15 227 7.4 26.6 25 4.3 0 -999.9 -999.9 365
sta6 2013 8 16 228 10.2 30.5 24.8 4.8 0 -999.9 -999.9 365
sta6 2013 8 17 229 13.1 29.6 23.2 4.9 0 -999.9 -999.9 365
sta6 2013 8 18 230 14.1 25.2 11.2 4 2.4 -999.9 -999.9 365
sta6 2013 8 19 231 16.5 23.9 17.2 4.4 0 -999.9 -999.9 365
sta6 2013 8 20 232 10.2 24.1 23.8 4 0 -999.9 -999.9 365
sta6 2013 8 21 233 8.3 26.4 23.9 4.3 0 -999.9 -999.9 365
sta6 2013 8 22 234 10 26.8 21.6 4.3 0 -999.9 -999.9 365
sta6 2013 8 23 235 11.5 30.5 22.3 4.6 2.2 -999.9 -999.9 365
sta6 2013 8 24 236 15.3 23.8 10.7 2.7 19.8 -999.9 -999.9 365
sta6 2013 8 25 237 13 18.5 10.6 2.4 1.4 -999.9 -999.9 365
sta6 2013 8 26 238 8.9 18 5.3 1.1 7.6 -999.9 -999.9 365
sta6 2013 8 27 239 12.7 21.4 10.5 2.1 8.2 -999.9 -999.9 365
sta6 2013 8 28 240 11.6 22.8 16.6 3.1 0 -999.9 -999.9 365
sta6 2013 8 29 241 8.2 24 20.3 3.2 0 -999.9 -999.9 365
sta6 2013 8 30 242 9.3 25.1 18.6 3.4 0.2 -999.9 -999.9 365
sta6 2013 8 31 243 10.1 21.7 12.5 2.2 0.2 -999.9 -999.9 365
sta6 2013 9 1 244 11.5 19.1 18.2 3.1 0 -999.9 -999.9 365
sta6 2013 9 2 245 6.5 23.6 21.9 3.3 0 -999.9 -999.9 365
sta6 2013 9 3 246 8.1 27.4 21.1 3.4 0 -999.9 -999.9 365
sta6 2013 9 4 247 11.6 29 20.9 4.3 0.2 -999.9 -999.9 365
sta6 2013 9 5 248 13.6 30.9 20.6 4.9 0 -999.9 -999.9 365
sta6 2013 9 6 249 15.3 28.8 16.7 4.8 2.4 -999.9 -999.9 365
sta6 2013 9 7 250 13 16.1 3.9 0.9 13.2 -999.9 -999.9 365
sta6 2013 9 8 251 12.1 18.1 9.9 1.9 3.2 -999.9 -999.9 365
sta6 2013 9 9 252 8.1 19.2 13.2 2.1 4.8 -999.9 -999.9 365
sta6 2013 9 10 253 10.9 16.1 12.6 2.2 1.2 -999.9 -999.9 365
sta6 2013 9 11 254 8.6 14.5 4.4 1 8.2 -999.9 -999.9 365
sta6 2013 9 12 255 10.9 15.1 7.1 1.4 0.4 -999.9 -999.9 365
sta6 2013 9 13 256 10.7 19.6 10 1.5 4.8 -999.9 -999.9 365
sta6 2013 9 14 257 13.6 16.6 4.1 0.7 18.2 -999.9 -999.9 365
sta6 2013 9 15 258 13.5 15.7 4.8 1.5 5.2 -999.9 -999.9 365
sta6 2013 9 16 259 10.9 13.9 6 1.5 8.4 -999.9 -999.9 365
sta6 2013 9 17 260 6.4 15 8.5 1.5 23 -999.9 -999.9 365
sta6 2013 9 18 261 10.7 17.2 8.2 1.5 6.8 -999.9 -999.9 365
sta6 2013 9 19 262 8.8 15.1 9.8 1.7 1.4 -999.9 -999.9 365
sta6 2013 9 20 263 9.4 17.9 10.3 2 0.2 -999.9 -999.9 365
sta6 2013 9 21 264 5.4 19.9 15 1.7 0 -999.9 -999.9 365
sta6 2013 9 22 265 8.8 22.9 17.1 2.1 0.2 -999.9 -999.9 365
sta6 2013 9 23 266 8.3 22.8 16.6 2.3 0.2 -999.9 -999.9 365
sta6 2013 9 24 267 7.3 23.5 16.9 2.2 0.2 -999.9 -999.9 365
sta6 2013 9 25 268 9.6 24.2 15.4 2.3 0.4 -999.9 -999.9 365
sta6 2013 9 26 269 12.4 23.7 13 2.1 0 -999.9 -999.9 365
sta6 2013 9 27 270 12 24.4 13.4 2.2 0.2 -999.9 -999.9 365
sta6 2013 9 28 271 12.7 23.6 9.6 2 0 -999.9 -999.9 365
sta6 2013 9 29 272 13.6 18.5 4.5 1.3 3.4 -999.9 -999.9 365
sta6 2013 9 30 273 11.2 18.9 6.9 1.3 0 -999.9 -999.9 365
sta6 2013 10 1 274 10.6 18.9 9.1 1.5 0.2 -999.9 -999.9 365
sta6 2013 10 2 275 11 21.4 11.6 2.1 0 -999.9 -999.9 365
sta6 2013 10 3 276 12.7 22.7 9.9 2.2 0.4 -999.9 -999.9 365
sta6 2013 10 4 277 15.2 22.3 6 1.8 5.4 -999.9 -999.9 365
sta6 2013 10 5 278 13.5 15.5 1.7 0.5 60 -999.9 -999.9 365
sta6 2013 10 6 279 12.5 17.1 7.6 1.5 0.2 -999.9 -999.9 365
sta6 2013 10 7 280 8.3 15.4 5.1 0.5 0.2 -999.9 -999.9 365
sta6 2013 10 8 281 12.5 16.2 3.5 0.9 0 -999.9 -999.9 365
sta6 2013 10 9 282 11.9 16.1 4.2 1.4 9.2 -999.9 -999.9 365
sta6 2013 10 10 283 7 9.7 5.7 0.8 6.8 -999.9 -999.9 365
sta6 2013 10 11 284 6.1 9.4 5.1 0.7 3 -999.9 -999.9 365
sta6 2013 10 12 285 5.4 11.3 7.9 0.8 0 -999.9 -999.9 365
sta6 2013 10 13 286 4 12.5 10.5 1.1 0.2 -999.9 -999.9 365
sta6 2013 10 14 287 7.7 15.6 4.7 0.5 14.2 -999.9 -999.9 365
sta6 2013 10 15 288 10.3 13 2.3 0.7 21.6 -999.9 -999.9 365
sta6 2013 10 16 289 6.5 13.1 4.3 0.5 4.4 -999.9 -999.9 365
sta6 2013 10 17 290 9.3 16 6.7 1.1 0.2 -999.9 -999.9 365
sta6 2013 10 18 291 4.7 16.2 8.1 0.9 0 -999.9 -999.9 365
sta6 2013 10 19 292 9.6 21.7 8.2 0.8 6.8 -999.9 -999.9 365
sta6 2013 10 20 293 12.6 18.2 4.7 1.1 10.4 -999.9 -999.9 365
sta6 2013 10 21 294 11 18.2 7.5 1 0.2 -999.9 -999.9 365
sta6 2013 10 22 295 14.7 23.7 9.7 2.7 20.6 -999.9 -999.9 365
sta6 2013 10 23 296 13.9 18.4 7.2 1.7 1.6 -999.9 -999.9 365
sta6 2013 10 24 297 11.2 16.3 8.6 1.3 0.2 -999.9 -999.9 365
sta6 2013 10 25 298 10.8 19.8 5 1.4 3.4 -999.9 -999.9 365
sta6 2013 10 26 299 14.7 22.9 7 2.2 19.6 -999.9 -999.9 365
sta6 2013 10 27 300 11.9 16.8 3.1 1.6 8.2 -999.9 -999.9 365
sta6 2013 10 28 301 12.9 17.3 2.4 2.3 1.6 -999.9 -999.9 365
sta6 2013 10 29 302 8.3 14.3 8.5 1.6 0.2 -999.9 -999.9 365
sta6 2013 10 30 303 3.2 12.7 9.5 0.8 0 -999.9 -999.9 365
sta6 2013 10 31 304 -1.2 14.2 10.1 0.8 0 -999.9 -999.9 365
sta6 2013 11 1 305 2.9 12.8 3.3 0.8 7.6 -999.9 -999.9 365
sta6 2013 11 2 306 8.9 14.7 2.9 0.5 5.6 -999.9 -999.9 365
sta6 2013 11 3 307 6.6 10.6 5.5 1.3 4.2 -999.9 -999.9 365
sta6 2013 11 4 308 6.7 11.2 1.9 0.9 14.6 -999.9 -999.9 365
sta6 2013 11 5 309 3.1 10.3 1.8 0.4 15 -999.9 -999.9 365
sta6 2013 11 6 310 8.9 14.5 2.9 0.6 5.2 -999.9 -999.9 365
sta6 2013 11 7 311 12.4 15.5 3.5 1.2 5 -999.9 -999.9 365
sta6 2013 11 8 312 10.6 13.7 1.6 0.8 12.2 -999.9 -999.9 365
sta6 2013 11 9 313 6.5 11.3 6.9 1.2 24.8 -999.9 -999.9 365
sta6 2013 11 10 314 4.4 7.5 2.3 0.8 8.2 -999.9 -999.9 365
sta6 2013 11 11 315 2.1 8.9 6.1 0.5 0 -999.9 -999.9 365
sta6 2013 11 12 316 -0.2 9.6 5.5 0.4 0.2 -999.9 -999.9 365
sta6 2013 11 13 317 5.7 7.7 3.6 0.7 0 -999.9 -999.9 365
sta6 2013 11 14 318 2.9 7 2.2 0.3 9 -999.9 -999.9 365
sta6 2013 11 15 319 3.2 5.7 2.5 0.7 0 -999.9 -999.9 365
sta6 2013 11 16 320 -1.2 5 1.9 0.3 0 -999.9 -999.9 365
sta6 2013 11 17 321 4 5.3 1 0.4 0 -999.9 -999.9 365
sta6 2013 11 18 322 2.6 10.5 3 0.4 0 -999.9 -999.9 365
sta6 2013 11 19 323 3.4 4.3 0.5 0.2 10 -999.9 -999.9 365
sta6 2013 11 20 324 2 3.9 2.3 0.5 3.8 -999.9 -999.9 365
sta6 2013 11 21 325 -0.2 3.3 3.1 0.2 0.2 -999.9 -999.9 365
sta6 2013 11 22 326 0 2.9 0.6 0.2 4.4 -999.9 -999.9 365
sta6 2013 11 23 327 1.4 4.8 1.2 0.3 0 -999.9 -999.9 365
sta6 2013 11 24 328 4 6.5 4 0.9 0 -999.9 -999.9 365
sta6 2013 11 25 329 -1.5 5.3 5.1 0.8 0 -999.9 -999.9 365
sta6 2013 11 26 330 -1.2 4.6 6.3 0.7 0 -999.9 -999.9 365
sta6 2013 11 27 331 -6.8 3.1 7 0.6 0 -999.9 -999.9 365
sta6 2013 11 28 332 -4 1.8 1.7 0.1 0 -999.9 -999.9 365
sta6 2013 11 29 333 0.6 5.4 1.8 0.1 4 -999.9 -999.9 365
sta6 2013 11 30 334 2.4 5.1 1.6 0.2 0 -999.9 -999.9 365
sta6 2013 12 1 335 0.6 6.3 4.7 0.4 0 -999.9 -999.9 365
sta6 2013 12 2 336 2 8.3 6 1 0 -999.9 -999.9 365
sta6 2013 12 3 337 -4.5 6.2 6.2 0.3 0 -999.9 -999.9 365
sta6 2013 12 4 338 -3.7 2.1 1.5 0 0 -999.9 -999.9 365
sta6 2013 12 5 339 1.3 5.1 1.3 0.2 2 -999.9 -999.9 365
sta6 2013 12 6 340 3.1 5.6 4.5 0.9 0 -999.9 -999.9 365
sta6 2013 12 7 341 1.7 6 2.8 0.7 0 -999.9 -999.9 365
sta6 2013 12 8 342 1.8 9.2 4.4 0.8 0 -999.9 -999.9 365
sta6 2013 12 9 343 -2.7 6.9 5.2 0.4 0 -999.9 -999.9 365
sta6 2013 12 10 344 -4.2 7.7 5.4 0.7 0 -999.9 -999.9 365
sta6 2013 12 11 345 -3.1 6.9 5.5 0.8 0 -999.9 -999.9 365
sta6 2013 12 12 346 -1.7 5.8 5.9 0.5 0 -999.9 -999.9 365
sta6 2013 12 13 347 -6 2.1 5.6 0.3 2.2 -999.9 -999.9 365
sta6 2013 12 14 348 -3.8 5.3 2.3 0 0.2 -999.9 -999.9 365
sta6 2013 12 15 349 -0.9 6.3 4.9 0.8 0 -999.9 -999.9 365
sta6 2013 12 16 350 -0.2 10.5 5.2 1 0 -999.9 -999.9 365
sta6 2013 12 17 351 2.8 11.5 5.3 1.3 0.4 -999.9 -999.9 365
sta6 2013 12 18 352 4 9.7 3.3 1 5.4 -999.9 -999.9 365
sta6 2013 12 19 353 5.1 9 1.2 0.5 6.6 -999.9 -999.9 365
sta6 2013 12 20 354 1.5 5.6 3.1 0.4 0 -999.9 -999.9 365
sta6 2013 12 21 355 -2.7 9.1 2.9 0.6 2.4 -999.9 -999.9 365
sta6 2013 12 22 356 2.9 10.1 1.3 0.5 1.8 -999.9 -999.9 365
sta6 2013 12 23 357 7.2 11.9 4.1 1.2 0 -999.9 -999.9 365
sta6 2013 12 24 358 8 12.6 1.8 2 9.2 -999.9 -999.9 365
sta6 2013 12 25 359 5.3 6.9 1 0.3 3.6 -999.9 -999.9 365
sta6 2013 12 26 360 3.5 5.1 1 0.3 0.2 -999.9 -999.9 365
sta6 2013 12 27 361 1.4 9.2 2.1 0.8 0.4 -999.9 -999.9 365
sta6 2013 12 28 362 6.9 8.5 0.5 0.7 5 -999.9 -999.9 365
sta6 2013 12 29 363 3.1 6.3 1.5 0.6 0.2 -999.9 -999.9 365
sta6 2013 12 30 364 -2 2.6 4.4 0.3 0 -999.9 -999.9 365
sta6 2013 12 31 365 0.8 6.2 3.5 0.9 2.4 -999.9 -999.9 365
