sta6 2009 1 1 1 -2.1 0.3 1.5 0.1 0 -999.9 -999.9 365
sta6 2009 1 2 2 -2.1 1.3 3.5 0.4 0 -999.9 -999.9 365
sta6 2009 1 3 3 -5.9 0.1 6.2 0.7 0 -999.9 -999.9 365
sta6 2009 1 4 4 -11.6 -0.8 5.6 0.2 0 -999.9 -999.9 365
sta6 2009 1 5 5 -7.8 -2.4 1.7 0.1 0.4 -999.9 -999.9 365
sta6 2009 1 6 6 -4.8 -3 3 0.4 0 -999.9 -999.9 365
sta6 2009 1 7 7 -10.2 -2.3 5.9 0.7 0 -999.9 -999.9 365
sta6 2009 1 8 8 -5.3 -0.3 6.7 0.7 0 -999.9 -999.9 365
sta6 2009 1 9 9 -11.5 0.4 6.7 0.3 0 -999.9 -999.9 365
sta6 2009 1 10 10 -11.6 4.2 6.9 0.4 0 -999.9 -999.9 365
sta6 2009 1 11 11 -8.9 9 7.2 0.7 0 -999.9 -999.9 365
sta6 2009 1 12 12 -6.9 1.4 6 0.5 0 -999.9 -999.9 365
sta6 2009 1 13 13 -4.5 5.1 6 1.1 0.8 -999.9 -999.9 365
sta6 2009 1 14 14 -2.6 2.1 1.3 0.1 0 -999.9 -999.9 365
sta6 2009 1 15 15 -2.7 2.2 6.7 0.3 0 -999.9 -999.9 365
sta6 2009 1 16 16 -1.9 3.2 5.5 0.5 0 -999.9 -999.9 365
sta6 2009 1 17 17 -2.5 7.1 2.8 0.4 0 -999.9 -999.9 365
sta6 2009 1 18 18 0 6.1 1.3 0.5 14.6 -999.9 -999.9 365
sta6 2009 1 19 19 2.3 10 3.1 0.7 3.8 -999.9 -999.9 365
sta6 2009 1 20 20 -0.1 7.4 6.7 0.9 0 -999.9 -999.9 365
sta6 2009 1 21 21 -1 4.8 3.2 0.5 0 -999.9 -999.9 365
sta6 2009 1 22 22 -2.5 5 3.1 0.6 3.2 -999.9 -999.9 365
sta6 2009 1 23 23 1.7 11.3 2.2 1.3 13.8 -999.9 -999.9 365
sta6 2009 1 24 24 -0.2 4.2 2.6 0.5 0 -999.9 -999.9 365
sta6 2009 1 25 25 -1.1 6 8 0.7 0 -999.9 -999.9 365
sta6 2009 1 26 26 -0.1 3.9 2.6 0.2 0 -999.9 -999.9 365
sta6 2009 1 27 27 1.7 3 1.5 0.2 0.8 -999.9 -999.9 365
sta6 2009 1 28 28 -2.9 3.4 4.5 0.2 0 -999.9 -999.9 365
sta6 2009 1 29 29 -6.1 3.3 8.4 0.4 0 -999.9 -999.9 365
sta6 2009 1 30 30 -4.8 3.5 8.7 0.6 0 -999.9 -999.9 365
sta6 2009 1 31 31 -3.7 2.2 8.9 0.9 0 -999.9 -999.9 365
sta6 2009 2 1 32 -6.3 1.4 5.1 0.7 4.6 -999.9 -999.9 365
sta6 2009 2 2 33 -0.9 4.1 2.6 0.4 6 -999.9 -999.9 365
sta6 2009 2 3 34 -1 1.7 1.8 0.2 8.8 -999.9 -999.9 365
sta6 2009 2 4 35 -2 4.4 4.9 0.4 0 -999.9 -999.9 365
sta6 2009 2 5 36 0.9 10.6 6.9 0.8 0.4 -999.9 -999.9 365
sta6 2009 2 6 37 4.1 7.8 4.6 0.6 0.8 -999.9 -999.9 365
sta6 2009 2 7 38 2.7 4 1 0.3 8 -999.9 -999.9 365
sta6 2009 2 8 39 -0.5 2.7 5 0.6 0 -999.9 -999.9 365
sta6 2009 2 9 40 -0.6 9.1 2.5 1 10.2 -999.9 -999.9 365
sta6 2009 2 10 41 2.6 6 1.8 0.8 5.4 -999.9 -999.9 365
sta6 2009 2 11 42 0 4 8.2 0.6 1.2 -999.9 -999.9 365
sta6 2009 2 12 43 -0.3 3 5 0.6 0.8 -999.9 -999.9 365
sta6 2009 2 13 44 -1.2 2.8 3.6 0.4 0 -999.9 -999.9 365
sta6 2009 2 14 45 -0.8 3.1 5.3 0.7 0 -999.9 -999.9 365
sta6 2009 2 15 46 -7.8 3.2 9.7 0.5 0.2 -999.9 -999.9 365
sta6 2009 2 16 47 -3.1 2.2 2.4 0.2 3.6 -999.9 -999.9 365
sta6 2009 2 17 48 0.4 5.9 1.4 0 3.6 -999.9 -999.9 365
sta6 2009 2 18 49 -3.9 2.6 10.8 0.7 0 -999.9 -999.9 365
sta6 2009 2 19 50 -7.2 4.9 12.1 0.7 0 -999.9 -999.9 365
sta6 2009 2 20 51 -1.9 4.6 4 0.6 0 -999.9 -999.9 365
sta6 2009 2 21 52 -1.3 6.1 6.9 0.6 0 -999.9 -999.9 365
sta6 2009 2 22 53 2.8 5 1.8 0.2 2.2 -999.9 -999.9 365
sta6 2009 2 23 54 3.8 6 2.9 0.4 2 -999.9 -999.9 365
sta6 2009 2 24 55 2.3 7.4 6.1 1 0 -999.9 -999.9 365
sta6 2009 2 25 56 -3.9 9.1 13.2 0.9 0 -999.9 -999.9 365
sta6 2009 2 26 57 -2.8 7.3 6.9 0.7 0 -999.9 -999.9 365
sta6 2009 2 27 58 3.5 11 10.3 1 0 -999.9 -999.9 365
sta6 2009 2 28 59 -1.1 14.4 13.8 1.2 0 -999.9 -999.9 365
sta6 2009 3 1 60 4.1 13.1 5 1.4 0.2 -999.9 -999.9 365
sta6 2009 3 2 61 5.6 7.4 2.1 0.8 0.2 -999.9 -999.9 365
sta6 2009 3 3 62 0 11.6 10.6 1.2 0 -999.9 -999.9 365
sta6 2009 3 4 63 1.1 8.3 2.8 0.9 4 -999.9 -999.9 365
sta6 2009 3 5 64 1.3 5.9 6.6 0.8 0.8 -999.9 -999.9 365
sta6 2009 3 6 65 0.7 7.5 8.6 1.5 0.8 -999.9 -999.9 365
sta6 2009 3 7 66 -3.1 9.9 10.9 1 0 -999.9 -999.9 365
sta6 2009 3 8 67 4.3 10.2 5.3 1.2 7.6 -999.9 -999.9 365
sta6 2009 3 9 68 2 8.4 8.9 1.6 2.6 -999.9 -999.9 365
sta6 2009 3 10 69 3 6.8 2.7 0.6 10.2 -999.9 -999.9 365
sta6 2009 3 11 70 2.5 8.8 11.3 1.2 0 -999.9 -999.9 365
sta6 2009 3 12 71 -2.4 10.2 6.6 0.7 0 -999.9 -999.9 365
sta6 2009 3 13 72 4.5 13.6 11 1.4 0 -999.9 -999.9 365
sta6 2009 3 14 73 1.9 16.6 10.9 1.5 0.2 -999.9 -999.9 365
sta6 2009 3 15 74 6.3 12.9 14.1 2 0 -999.9 -999.9 365
sta6 2009 3 16 75 -0.7 14.1 16.7 1.6 0 -999.9 -999.9 365
sta6 2009 3 17 76 -1.3 16.1 16.6 1.7 0 -999.9 -999.9 365
sta6 2009 3 18 77 1.5 17 18.5 2.8 0 -999.9 -999.9 365
sta6 2009 3 19 78 -2 15.2 17.8 3 0 -999.9 -999.9 365
sta6 2009 3 20 79 -0.6 7.9 19 2.4 0 -999.9 -999.9 365
sta6 2009 3 21 80 -3.6 10 18 2.1 0 -999.9 -999.9 365
sta6 2009 3 22 81 -4.1 11.1 11.7 1.3 0 -999.9 -999.9 365
sta6 2009 3 23 82 -1.6 13 10.8 1.5 3.6 -999.9 -999.9 365
sta6 2009 3 24 83 1.9 7.2 6.6 1.3 3 -999.9 -999.9 365
sta6 2009 3 25 84 1.5 7.4 5.4 1 6 -999.9 -999.9 365
sta6 2009 3 26 85 3.2 9.9 7.3 1.1 3 -999.9 -999.9 365
sta6 2009 3 27 86 4.7 10 8.9 1.6 2.8 -999.9 -999.9 365
sta6 2009 3 28 87 5.4 11.2 8.5 2.1 1.8 -999.9 -999.9 365
sta6 2009 3 29 88 1.3 7.6 9.4 1.2 0 -999.9 -999.9 365
sta6 2009 3 30 89 0.3 10.9 13.4 1.7 0 -999.9 -999.9 365
sta6 2009 3 31 90 2 15 20.6 2.6 0 -999.9 -999.9 365
sta6 2009 4 1 91 2.5 12.2 16.9 2.2 0 -999.9 -999.9 365
sta6 2009 4 2 92 0.2 18.1 16.6 1.7 0 -999.9 -999.9 365
sta6 2009 4 3 93 7.5 19 9.8 1.9 0 -999.9 -999.9 365
sta6 2009 4 4 94 5.3 16 11.4 1.8 0 -999.9 -999.9 365
sta6 2009 4 5 95 4.7 17.9 17.2 2.3 0 -999.9 -999.9 365
sta6 2009 4 6 96 4.3 21.1 19.1 3.4 0 -999.9 -999.9 365
sta6 2009 4 7 97 9 15 4.7 1.7 1.2 -999.9 -999.9 365
sta6 2009 4 8 98 7.2 18.1 17.9 2.9 0 -999.9 -999.9 365
sta6 2009 4 9 99 6.7 21.6 21.1 3.4 0 -999.9 -999.9 365
sta6 2009 4 10 100 9.9 23.1 19.1 4.4 1.6 -999.9 -999.9 365
sta6 2009 4 11 101 8.1 20.7 15.7 3 0 -999.9 -999.9 365
sta6 2009 4 12 102 10.1 19.3 13.5 2.2 0 -999.9 -999.9 365
sta6 2009 4 13 103 10.1 13.4 8.4 1.1 0.2 -999.9 -999.9 365
sta6 2009 4 14 104 7.2 21.7 17.8 2.7 0 -999.9 -999.9 365
sta6 2009 4 15 105 8.8 22.1 19.3 4 13.2 -999.9 -999.9 365
sta6 2009 4 16 106 8.7 10.2 4.2 0.9 10.6 -999.9 -999.9 365
sta6 2009 4 17 107 5.5 16 16.7 2.1 0.8 -999.9 -999.9 365
sta6 2009 4 18 108 6.8 15.1 12 1.7 3.8 -999.9 -999.9 365
sta6 2009 4 19 109 4.6 18.5 19.7 2.7 0 -999.9 -999.9 365
sta6 2009 4 20 110 7.5 21 22.2 3.7 0 -999.9 -999.9 365
sta6 2009 4 21 111 8.1 21.7 22.4 3.6 0 -999.9 -999.9 365
sta6 2009 4 22 112 7.2 19 23.5 3.2 0 -999.9 -999.9 365
sta6 2009 4 23 113 4.6 18 25.7 3.3 0 -999.9 -999.9 365
sta6 2009 4 24 114 2.3 16.8 24.9 3.2 0 -999.9 -999.9 365
sta6 2009 4 25 115 3.8 18.3 8.5 1.6 4 -999.9 -999.9 365
sta6 2009 4 26 116 10.3 15 6.9 1.3 11.6 -999.9 -999.9 365
sta6 2009 4 27 117 7.2 15.1 15.5 2.5 2.8 -999.9 -999.9 365
sta6 2009 4 28 118 6.2 13.5 15.6 2.1 3.8 -999.9 -999.9 365
sta6 2009 4 29 119 6.2 13.6 14.6 1.9 0.4 -999.9 -999.9 365
sta6 2009 4 30 120 1.5 17.9 22.5 2.3 0 -999.9 -999.9 365
sta6 2009 5 1 121 5.4 20 20 2.7 0 -999.9 -999.9 365
sta6 2009 5 2 122 7.5 20.1 24.4 3.1 0 -999.9 -999.9 365
sta6 2009 5 3 123 6.3 17.5 14.9 2.3 0 -999.9 -999.9 365
sta6 2009 5 4 124 7.6 15.5 19.7 3.3 0 -999.9 -999.9 365
sta6 2009 5 5 125 3.2 12.1 9.7 1.2 0 -999.9 -999.9 365
sta6 2009 5 6 126 10.7 19.3 22.6 3.6 0 -999.9 -999.9 365
sta6 2009 5 7 127 4.4 25 26.8 3.5 7.6 -999.9 -999.9 365
sta6 2009 5 8 128 12.3 17.1 8 1.9 1.2 -999.9 -999.9 365
sta6 2009 5 9 129 5.2 22.7 15.9 2.4 10.8 -999.9 -999.9 365
sta6 2009 5 10 130 11.2 20.7 10.7 2.3 5.6 -999.9 -999.9 365
sta6 2009 5 11 131 12.5 23 21.1 3.2 0.6 -999.9 -999.9 365
sta6 2009 5 12 132 14.3 24.7 23.5 3.9 9.2 -999.9 -999.9 365
sta6 2009 5 13 133 13.1 24.1 18.3 3.4 25 -999.9 -999.9 365
sta6 2009 5 14 134 12.3 17.2 9.4 1.5 8.6 -999.9 -999.9 365
sta6 2009 5 15 135 11 15.5 9.9 2 3.4 -999.9 -999.9 365
sta6 2009 5 16 136 7.2 20.1 22.6 3.2 0 -999.9 -999.9 365
sta6 2009 5 17 137 9.2 18.1 14.4 2.4 0.2 -999.9 -999.9 365
sta6 2009 5 18 138 9.1 20.7 26 3.6 0 -999.9 -999.9 365
sta6 2009 5 19 139 7.6 24.4 22.6 3.5 0.2 -999.9 -999.9 365
sta6 2009 5 20 140 8.6 26.9 27.4 3.9 0 -999.9 -999.9 365
sta6 2009 5 21 141 13.7 22.3 9.9 2.4 11.8 -999.9 -999.9 365
sta6 2009 5 22 142 12 21.2 24.8 4.1 0 -999.9 -999.9 365
sta6 2009 5 23 143 5.7 25.5 22.8 3.4 0.2 -999.9 -999.9 365
sta6 2009 5 24 144 15.3 30.7 27.3 4.7 0 -999.9 -999.9 365
sta6 2009 5 25 145 17.1 31.2 28.4 5.9 0.2 -999.9 -999.9 365
sta6 2009 5 26 146 13.8 19.8 9.7 2.8 1.6 -999.9 -999.9 365
sta6 2009 5 27 147 5.7 17.1 23.4 2.9 0 -999.9 -999.9 365
sta6 2009 5 28 148 11 19.6 12.2 2.3 0 -999.9 -999.9 365
sta6 2009 5 29 149 10 21.5 29.1 4.9 0 -999.9 -999.9 365
sta6 2009 5 30 150 10.7 21.9 29.4 4.8 0 -999.9 -999.9 365
sta6 2009 5 31 151 9.3 21.2 26.6 4 0 -999.9 -999.9 365
sta6 2009 6 1 152 8.6 24.5 22.3 3.6 3.6 -999.9 -999.9 365
sta6 2009 6 2 153 10.9 25.3 28.5 4.9 0 -999.9 -999.9 365
sta6 2009 6 3 154 10.4 22.7 29.2 4.6 0 -999.9 -999.9 365
sta6 2009 6 4 155 8.2 18.6 29.8 4.3 0 -999.9 -999.9 365
sta6 2009 6 5 156 4.1 20 26.9 3.8 11 -999.9 -999.9 365
sta6 2009 6 6 157 9.1 16.4 6.8 1.4 14.8 -999.9 -999.9 365
sta6 2009 6 7 158 11.3 18.5 18.7 3.3 2 -999.9 -999.9 365
sta6 2009 6 8 159 8.9 17.9 13.2 2.1 12.8 -999.9 -999.9 365
sta6 2009 6 9 160 11.2 21.6 24.5 4 0 -999.9 -999.9 365
sta6 2009 6 10 161 10.4 20.8 17.8 2.7 2.8 -999.9 -999.9 365
sta6 2009 6 11 162 13.1 19.7 23.1 4.3 0 -999.9 -999.9 365
sta6 2009 6 12 163 7.5 22.2 21.9 3 0 -999.9 -999.9 365
sta6 2009 6 13 164 10.1 26.2 29.3 4.2 0 -999.9 -999.9 365
sta6 2009 6 14 165 13 25.2 14.5 2.9 3.4 -999.9 -999.9 365
sta6 2009 6 15 166 14.9 21.5 6.4 1.7 23.2 -999.9 -999.9 365
sta6 2009 6 16 167 12.9 21.2 25.4 4.2 0 -999.9 -999.9 365
sta6 2009 6 17 168 7.6 26.2 28.3 4.6 0 -999.9 -999.9 365
sta6 2009 6 18 169 13.9 27.3 26.7 4.8 4.4 -999.9 -999.9 365
sta6 2009 6 19 170 11.6 19.3 15.1 2.9 0.2 -999.9 -999.9 365
sta6 2009 6 20 171 7.2 17.9 19.1 3 0 -999.9 -999.9 365
sta6 2009 6 21 172 8.2 20.1 20 3 1.2 -999.9 -999.9 365
sta6 2009 6 22 173 9.3 19.3 25.7 3.7 0 -999.9 -999.9 365
sta6 2009 6 23 174 7.8 22.1 24.7 4 0 -999.9 -999.9 365
sta6 2009 6 24 175 10.1 24.8 29.1 5 0 -999.9 -999.9 365
sta6 2009 6 25 176 12.8 26.1 20.7 3.9 0 -999.9 -999.9 365
sta6 2009 6 26 177 13.8 25.3 13.4 3 24.8 -999.9 -999.9 365
sta6 2009 6 27 178 15.9 21.9 14.1 2.9 0 -999.9 -999.9 365
sta6 2009 6 28 179 12.8 27.5 25.2 4.2 0.2 -999.9 -999.9 365
sta6 2009 6 29 180 14.1 29.2 27.6 4.7 0 -999.9 -999.9 365
sta6 2009 6 30 181 15.9 30.6 27.1 5.3 0 -999.9 -999.9 365
sta6 2009 7 1 182 16.3 31.1 27.6 5.4 0 -999.9 -999.9 365
sta6 2009 7 2 183 16.3 31.8 26.7 5.6 21.2 -999.9 -999.9 365
sta6 2009 7 3 184 17.7 27.9 24.1 5.2 0.2 -999.9 -999.9 365
sta6 2009 7 4 185 15.7 27.8 26.3 4.9 0 -999.9 -999.9 365
sta6 2009 7 5 186 13.6 26.6 15.9 3 1 -999.9 -999.9 365
sta6 2009 7 6 187 14 25.2 24.3 4.6 0.2 -999.9 -999.9 365
sta6 2009 7 7 188 14.6 21.9 18.7 4.2 4.8 -999.9 -999.9 365
sta6 2009 7 8 189 11.9 21.1 11.4 2.8 2.4 -999.9 -999.9 365
sta6 2009 7 9 190 10.6 20.5 19.2 3.7 0 -999.9 -999.9 365
sta6 2009 7 10 191 11.5 20.5 19.3 4.2 0 -999.9 -999.9 365
sta6 2009 7 11 192 11.2 22.9 18.3 3.7 0.6 -999.9 -999.9 365
sta6 2009 7 12 193 13.8 22.4 11.2 2.5 0.4 -999.9 -999.9 365
sta6 2009 7 13 194 16.5 24.5 13.7 3.4 48.2 -999.9 -999.9 365
sta6 2009 7 14 195 16.7 20.2 8.7 2.6 14.4 -999.9 -999.9 365
sta6 2009 7 15 196 14.5 26.3 25.2 4.5 0.2 -999.9 -999.9 365
sta6 2009 7 16 197 12.1 29.2 28.7 5.4 15 -999.9 -999.9 365
sta6 2009 7 17 198 14.5 20.4 13.9 3.1 11.6 -999.9 -999.9 365
sta6 2009 7 18 199 11.7 20 15.6 3.5 1.2 -999.9 -999.9 365
sta6 2009 7 19 200 13.4 20.7 15.9 3.6 0 -999.9 -999.9 365
sta6 2009 7 20 201 15 24.7 23.7 5.1 0 -999.9 -999.9 365
sta6 2009 7 21 202 13.9 31 24.2 6.3 1 -999.9 -999.9 365
sta6 2009 7 22 203 17.2 27.6 19.4 5.6 5.4 -999.9 -999.9 365
sta6 2009 7 23 204 16.7 24.4 14 3.6 6.2 -999.9 -999.9 365
sta6 2009 7 24 205 14.1 22.8 15 3.6 13.6 -999.9 -999.9 365
sta6 2009 7 25 206 11.9 21.6 21.6 4 0.2 -999.9 -999.9 365
sta6 2009 7 26 207 9.3 24.7 27.4 4.4 0 -999.9 -999.9 365
sta6 2009 7 27 208 11.5 27.1 14.2 3.6 2.4 -999.9 -999.9 365
sta6 2009 7 28 209 11.7 25.6 26.6 4 0.2 -999.9 -999.9 365
sta6 2009 7 29 210 12 29.9 26.5 5.2 0 -999.9 -999.9 365
sta6 2009 7 30 211 16.2 22.7 20.6 4.9 0 -999.9 -999.9 365
sta6 2009 7 31 212 10.8 24 24.5 4.3 0 -999.9 -999.9 365
sta6 2009 8 1 213 11.5 28.7 24.4 5 0.4 -999.9 -999.9 365
sta6 2009 8 2 214 16.2 21.1 10.4 2.8 7.2 -999.9 -999.9 365
sta6 2009 8 3 215 10.8 23.1 17.2 3.5 0.2 -999.9 -999.9 365
sta6 2009 8 4 216 9.7 25 26.7 4 0 -999.9 -999.9 365
sta6 2009 8 5 217 11 27.6 25.4 4.8 0 -999.9 -999.9 365
sta6 2009 8 6 218 13.2 29.5 25.6 5.1 0 -999.9 -999.9 365
sta6 2009 8 7 219 14.7 28.4 14.6 3.5 0 -999.9 -999.9 365
sta6 2009 8 8 220 17.2 26.5 16.9 3.6 11.2 -999.9 -999.9 365
sta6 2009 8 9 221 13.5 24.3 16.7 2.8 6.8 -999.9 -999.9 365
sta6 2009 8 10 222 16.3 26.4 15.6 3.9 0.2 -999.9 -999.9 365
sta6 2009 8 11 223 15.7 23.1 14.1 3.2 0.2 -999.9 -999.9 365
sta6 2009 8 12 224 12.3 27.7 24.2 4.1 0 -999.9 -999.9 365
sta6 2009 8 13 225 13.6 27.1 18.5 3.9 0 -999.9 -999.9 365
sta6 2009 8 14 226 14.8 26.1 21.7 4 0.2 -999.9 -999.9 365
sta6 2009 8 15 227 11.9 31.8 24.8 4.7 0 -999.9 -999.9 365
sta6 2009 8 16 228 15.3 33.8 20.5 5.3 0 -999.9 -999.9 365
sta6 2009 8 17 229 16.9 30.3 19.2 5 0 -999.9 -999.9 365
sta6 2009 8 18 230 12.5 29.5 22.8 4.3 0 -999.9 -999.9 365
sta6 2009 8 19 231 15.3 33.6 22.8 5.7 0 -999.9 -999.9 365
sta6 2009 8 20 232 20.1 36.7 22.4 7.5 8.6 -999.9 -999.9 365
sta6 2009 8 21 233 13.1 21.9 15.2 3 1.4 -999.9 -999.9 365
sta6 2009 8 22 234 14.7 24.3 20.3 3.8 0 -999.9 -999.9 365
sta6 2009 8 23 235 10 25.5 24 4.4 0.2 -999.9 -999.9 365
sta6 2009 8 24 236 11.2 31.4 18.7 4.6 12.8 -999.9 -999.9 365
sta6 2009 8 25 237 17.1 23 9.6 2.7 0 -999.9 -999.9 365
sta6 2009 8 26 238 15 25.6 18.7 3.8 0.2 -999.9 -999.9 365
sta6 2009 8 27 239 13.6 29.4 22.1 4.5 0 -999.9 -999.9 365
sta6 2009 8 28 240 17.1 23.3 13.9 4.7 0 -999.9 -999.9 365
sta6 2009 8 29 241 8.5 20.5 18.9 3.2 0 -999.9 -999.9 365
sta6 2009 8 30 242 5.6 24.2 22.2 3.2 0 -999.9 -999.9 365
sta6 2009 8 31 243 8.5 27 22.2 4.7 0 -999.9 -999.9 365
sta6 2009 9 1 244 18 27.1 5.6 3.2 9.8 -999.9 -999.9 365
sta6 2009 9 2 245 12.4 20.8 14 2.5 2.4 -999.9 -999.9 365
sta6 2009 9 3 246 15 20.6 11.7 3.4 0.8 -999.9 -999.9 365
sta6 2009 9 4 247 12.5 17 8.6 2.2 13 -999.9 -999.9 365
sta6 2009 9 5 248 7.5 18.5 15.3 2.3 0 -999.9 -999.9 365
sta6 2009 9 6 249 5.3 21.4 20.2 2.4 0 -999.9 -999.9 365
sta6 2009 9 7 250 8.2 25.2 17.6 3.2 0 -999.9 -999.9 365
sta6 2009 9 8 251 8.7 28.6 19.7 3.7 0.2 -999.9 -999.9 365
sta6 2009 9 9 252 8.9 28.5 19.4 3.9 0 -999.9 -999.9 365
sta6 2009 9 10 253 10.2 23 10.2 2.1 0 -999.9 -999.9 365
sta6 2009 9 11 254 14.5 21.3 13.5 3.3 0 -999.9 -999.9 365
sta6 2009 9 12 255 11 21.8 17.1 3.6 0 -999.9 -999.9 365
sta6 2009 9 13 256 8.2 20.7 17.4 3 0 -999.9 -999.9 365
sta6 2009 9 14 257 9.5 18 10.8 1.9 0 -999.9 -999.9 365
sta6 2009 9 15 258 8.9 16 12.5 1.5 0 -999.9 -999.9 365
sta6 2009 9 16 259 11.5 20.1 5.6 1.3 7.8 -999.9 -999.9 365
sta6 2009 9 17 260 14.7 17.3 3.9 0.9 4 -999.9 -999.9 365
sta6 2009 9 18 261 9.6 22.5 14 2.1 0 -999.9 -999.9 365
sta6 2009 9 19 262 13.3 22.3 10.9 2.4 0.2 -999.9 -999.9 365
sta6 2009 9 20 263 11.8 21.8 9.8 1.7 0 -999.9 -999.9 365
sta6 2009 9 21 264 10.1 22.8 11 1.9 0 -999.9 -999.9 365
sta6 2009 9 22 265 10.7 24.2 14.9 2.4 0.2 -999.9 -999.9 365
sta6 2009 9 23 266 8.4 24.9 16.9 2.5 0 -999.9 -999.9 365
sta6 2009 9 24 267 6.9 20.3 9.5 1.7 0 -999.9 -999.9 365
sta6 2009 9 25 268 11.3 22.7 14.3 2.4 0 -999.9 -999.9 365
sta6 2009 9 26 269 5.8 22.5 15.7 2.2 0 -999.9 -999.9 365
sta6 2009 9 27 270 6.7 23.8 15.3 2.2 0 -999.9 -999.9 365
sta6 2009 9 28 271 6 23.4 15.3 2.2 0 -999.9 -999.9 365
sta6 2009 9 29 272 5.9 19.9 12.9 1.7 0 -999.9 -999.9 365
sta6 2009 9 30 273 8 18.5 10 1.8 0 -999.9 -999.9 365
sta6 2009 10 1 274 5.9 19.2 11 1.6 0 -999.9 -999.9 365
sta6 2009 10 2 275 6.5 16.8 8.6 1.5 0 -999.9 -999.9 365
sta6 2009 10 3 276 4.3 18.3 14 1.8 0 -999.9 -999.9 365
sta6 2009 10 4 277 9.2 16 7.2 2.2 0 -999.9 -999.9 365
sta6 2009 10 5 278 6.6 17 5.6 1 2 -999.9 -999.9 365
sta6 2009 10 6 279 12.9 21.4 4.6 1.4 0 -999.9 -999.9 365
sta6 2009 10 7 280 14.5 25.9 10 3.5 1.4 -999.9 -999.9 365
sta6 2009 10 8 281 14.9 21.5 6.8 1.6 5.4 -999.9 -999.9 365
sta6 2009 10 9 282 14.3 17.6 5.8 1.1 2.2 -999.9 -999.9 365
sta6 2009 10 10 283 13.4 16.2 5.6 1.2 0.4 -999.9 -999.9 365
sta6 2009 10 11 284 6.7 15.6 6.9 0.8 5.6 -999.9 -999.9 365
sta6 2009 10 12 285 9.2 14.2 7.1 1.5 0 -999.9 -999.9 365
sta6 2009 10 13 286 1.6 12.9 8.3 0.9 0 -999.9 -999.9 365
sta6 2009 10 14 287 2.8 9.8 13.5 1.4 0 -999.9 -999.9 365
sta6 2009 10 15 288 -3.8 7.8 13.1 1.1 0 -999.9 -999.9 365
sta6 2009 10 16 289 -3.6 8.5 5.1 0.3 0.6 -999.9 -999.9 365
sta6 2009 10 17 290 5 10.9 7.7 0.9 0.6 -999.9 -999.9 365
sta6 2009 10 18 291 -2.1 8.7 8.7 0.9 0 -999.9 -999.9 365
sta6 2009 10 19 292 -4 10.4 11.9 1 0 -999.9 -999.9 365
sta6 2009 10 20 293 2.4 15.3 9.1 1.5 0 -999.9 -999.9 365
sta6 2009 10 21 294 10.8 15 2.8 1.9 1.6 -999.9 -999.9 365
sta6 2009 10 22 295 8.1 14.7 10.6 1.1 0.8 -999.9 -999.9 365
sta6 2009 10 23 296 7.5 12.3 4.2 0.8 1.4 -999.9 -999.9 365
sta6 2009 10 24 297 4 14.9 3.3 0.3 3 -999.9 -999.9 365
sta6 2009 10 25 298 10 15.6 7.8 1.1 0 -999.9 -999.9 365
sta6 2009 10 26 299 5.4 15.5 8.4 1 0 -999.9 -999.9 365
sta6 2009 10 27 300 1.3 16.1 10.4 1 0 -999.9 -999.9 365
sta6 2009 10 28 301 4.6 18.7 9.3 0.8 0 -999.9 -999.9 365
sta6 2009 10 29 302 2.9 17.6 7.8 0.8 0 -999.9 -999.9 365
sta6 2009 10 30 303 6.1 9.3 6.4 0.6 0 -999.9 -999.9 365
sta6 2009 10 31 304 3.4 12.7 7.2 0.5 0 -999.9 -999.9 365
sta6 2009 11 1 305 5.8 14.5 4.4 0.3 13 -999.9 -999.9 365
sta6 2009 11 2 306 6.9 10.8 4.2 0.5 4.8 -999.9 -999.9 365
sta6 2009 11 3 307 3.8 11.1 2.1 0.2 14.2 -999.9 -999.9 365
sta6 2009 11 4 308 6.6 11.3 5.6 1.4 0.8 -999.9 -999.9 365
sta6 2009 11 5 309 6.6 10.6 4.4 1 2 -999.9 -999.9 365
sta6 2009 11 6 310 5.8 11.9 7.5 1 1.4 -999.9 -999.9 365
sta6 2009 11 7 311 4.2 11 2.9 0.7 7 -999.9 -999.9 365
sta6 2009 11 8 312 0.8 7.3 7.2 0.5 0 -999.9 -999.9 365
sta6 2009 11 9 313 3 5.6 0.8 0.1 3.6 -999.9 -999.9 365
sta6 2009 11 10 314 3.7 5.8 2 0.3 0.2 -999.9 -999.9 365
sta6 2009 11 11 315 -0.2 8.3 5.7 0.4 0.4 -999.9 -999.9 365
sta6 2009 11 12 316 0.6 10 3.1 0.1 1.8 -999.9 -999.9 365
sta6 2009 11 13 317 7.4 14.4 4.4 1 0 -999.9 -999.9 365
sta6 2009 11 14 318 10.3 14.4 2 1.7 4 -999.9 -999.9 365
sta6 2009 11 15 319 6.5 13.7 3.2 1.1 2.8 -999.9 -999.9 365
sta6 2009 11 16 320 9 15.1 2.2 0.4 2 -999.9 -999.9 365
sta6 2009 11 17 321 7.7 12.4 1.5 0.6 2.2 -999.9 -999.9 365
sta6 2009 11 18 322 4.9 13.2 6.9 0.8 0 -999.9 -999.9 365
sta6 2009 11 19 323 0.3 14.7 6.6 0.6 0 -999.9 -999.9 365
sta6 2009 11 20 324 7.2 19.1 5.9 1.4 0 -999.9 -999.9 365
sta6 2009 11 21 325 8.6 14.9 4.2 1.8 2 -999.9 -999.9 365
sta6 2009 11 22 326 9.4 13.1 4 1.8 0.8 -999.9 -999.9 365
sta6 2009 11 23 327 7.9 11.7 1.5 0.9 13.2 -999.9 -999.9 365
sta6 2009 11 24 328 9.8 12.3 1.5 0.7 1.8 -999.9 -999.9 365
sta6 2009 11 25 329 4.1 14.8 4.2 1.1 7.6 -999.9 -999.9 365
sta6 2009 11 26 330 5.6 11.1 5 1.1 1.8 -999.9 -999.9 365
sta6 2009 11 27 331 6.9 9.5 3.7 1.3 0.6 -999.9 -999.9 365
sta6 2009 11 28 332 6.4 9.8 1.9 1.5 1.2 -999.9 -999.9 365
sta6 2009 11 29 333 5.7 11.9 1.5 1.6 9.4 -999.9 -999.9 365
sta6 2009 11 30 334 3.4 5.9 1.7 0.3 1 -999.9 -999.9 365
sta6 2009 12 1 335 1.9 5.2 1.2 0.2 1.2 -999.9 -999.9 365
sta6 2009 12 2 336 -0.3 7.7 2.4 0.5 1.4 -999.9 -999.9 365
sta6 2009 12 3 337 4.6 10.4 2.6 0.8 1.8 -999.9 -999.9 365
sta6 2009 12 4 338 0.8 5 3.3 0.3 0.4 -999.9 -999.9 365
sta6 2009 12 5 339 -0.3 9.2 2 0.2 1.6 -999.9 -999.9 365
sta6 2009 12 6 340 6.5 11.4 1.7 1 3 -999.9 -999.9 365
sta6 2009 12 7 341 3 10 2.2 0.1 4.6 -999.9 -999.9 365
sta6 2009 12 8 342 4.9 8.7 4.9 0.8 0 -999.9 -999.9 365
sta6 2009 12 9 343 4.6 10.6 2.3 0.3 3.2 -999.9 -999.9 365
sta6 2009 12 10 344 7.3 10.4 3.1 0.3 0.8 -999.9 -999.9 365
sta6 2009 12 11 345 4.4 6.4 1.6 0.2 1.4 -999.9 -999.9 365
sta6 2009 12 12 346 1.6 3 1.5 0.6 0 -999.9 -999.9 365
sta6 2009 12 13 347 -1.8 2.4 3.8 0.6 0 -999.9 -999.9 365
sta6 2009 12 14 348 -2.8 -0.1 2.7 0.7 0 -999.9 -999.9 365
sta6 2009 12 15 349 -3.9 -2 0.7 0.6 0 -999.9 -999.9 365
sta6 2009 12 16 350 -2.6 -1.1 2.3 0.5 0 -999.9 -999.9 365
sta6 2009 12 17 351 -7.6 -1.2 3.4 0.3 0.6 -999.9 -999.9 365
sta6 2009 12 18 352 -6.5 -3.2 1.9 0.2 1 -999.9 -999.9 365
sta6 2009 12 19 353 -12.8 -5.8 3.3 0.2 0.4 -999.9 -999.9 365
sta6 2009 12 20 354 -18.6 0.1 1.5 0 9.2 -999.9 -999.9 365
sta6 2009 12 21 355 -1.9 6.1 2.7 0.5 11.8 -999.9 -999.9 365
sta6 2009 12 22 356 1 8.1 1.2 0.3 16.6 -999.9 -999.9 365
sta6 2009 12 23 357 0.3 4.4 2.7 0.2 3.2 -999.9 -999.9 365
sta6 2009 12 24 358 2.4 10.1 1.6 0.4 9.4 -999.9 -999.9 365
sta6 2009 12 25 359 3.1 4.9 1.5 0.6 0 -999.9 -999.9 365
sta6 2009 12 26 360 -3.3 3.7 5.2 0.4 0 -999.9 -999.9 365
sta6 2009 12 27 361 -4.5 5.1 1.9 0.1 0 -999.9 -999.9 365
sta6 2009 12 28 362 0 5.7 2.9 0.3 7.6 -999.9 -999.9 365
sta6 2009 12 29 363 3 12.1 1.7 0 7.8 -999.9 -999.9 365
sta6 2009 12 30 364 6.9 9.2 1.8 0.3 7.6 -999.9 -999.9 365
sta6 2009 12 31 365 5.8 8.9 2.2 0.5 0.6 -999.9 -999.9 365
