sta6 2012 1 1 1 10 12.6 1.8 0.5 4.4 -999.9 -999.9 365
sta6 2012 1 2 2 4.5 9.6 1.8 0.5 4.6 -999.9 -999.9 365
sta6 2012 1 3 3 1.6 9.6 2 0.3 16.6 -999.9 -999.9 365
sta6 2012 1 4 4 4.7 7.5 4.4 0.8 2 -999.9 -999.9 365
sta6 2012 1 5 5 5.4 9.4 0.9 1 12.4 -999.9 -999.9 365
sta6 2012 1 6 6 2.7 5.5 3.8 0.9 0.2 -999.9 -999.9 365
sta6 2012 1 7 7 0.7 7.8 0.7 0.1 5.8 -999.9 -999.9 365
sta6 2012 1 8 8 4.8 5.9 1.8 0.5 1.6 -999.9 -999.9 365
sta6 2012 1 9 9 3.6 6.9 1.6 0.1 2.6 -999.9 -999.9 365
sta6 2012 1 10 10 5.8 8 2.2 0.3 0.6 -999.9 -999.9 365
sta6 2012 1 11 11 1.8 7.1 2.2 0.2 0 -999.9 -999.9 365
sta6 2012 1 12 12 -1.8 2.6 2.5 0.1 1 -999.9 -999.9 365
sta6 2012 1 13 13 0.9 5.4 3.7 0.3 0 -999.9 -999.9 365
sta6 2012 1 14 14 -4.6 3.8 6.3 0.5 0 -999.9 -999.9 365
sta6 2012 1 15 15 -5.7 3.9 7 0.6 0 -999.9 -999.9 365
sta6 2012 1 16 16 -3.6 3.5 6.9 1.1 0 -999.9 -999.9 365
sta6 2012 1 17 17 -6.5 5.3 6.7 0.6 0 -999.9 -999.9 365
sta6 2012 1 18 18 -6 5.3 2.5 0.3 3.2 -999.9 -999.9 365
sta6 2012 1 19 19 -0.4 9 0.9 0 10.8 -999.9 -999.9 365
sta6 2012 1 20 20 4.1 6.9 1.9 0.5 7.6 -999.9 -999.9 365
sta6 2012 1 21 21 5.6 9.5 1.7 0.3 8.2 -999.9 -999.9 365
sta6 2012 1 22 22 5.6 6.9 1.4 0.6 0.4 -999.9 -999.9 365
sta6 2012 1 23 23 5.8 7.4 3.1 0.6 0.8 -999.9 -999.9 365
sta6 2012 1 24 24 3.3 5.8 2.4 0.3 1.2 -999.9 -999.9 365
sta6 2012 1 25 25 2.3 5.6 2 0.1 0.8 -999.9 -999.9 365
sta6 2012 1 26 26 5.1 7.1 1.5 0.3 1.6 -999.9 -999.9 365
sta6 2012 1 27 27 2.9 7.3 4.4 0.5 0 -999.9 -999.9 365
sta6 2012 1 28 28 -0.3 6.4 1.9 0.2 0 -999.9 -999.9 365
sta6 2012 1 29 29 -0.6 0.9 1.4 0.4 0.2 -999.9 -999.9 365
sta6 2012 1 30 30 -1.9 -1 1.4 0.2 0.8 -999.9 -999.9 365
sta6 2012 1 31 31 -2.3 -0.9 2.2 0.5 0.8 -999.9 -999.9 365
sta6 2012 2 1 32 -7.3 -3.2 7.2 0.6 0 -999.9 -999.9 365
sta6 2012 2 2 33 -10.4 -5.2 7.6 0.9 0 -999.9 -999.9 365
sta6 2012 2 3 34 -12.9 -5.6 8.9 0.8 0 -999.9 -999.9 365
sta6 2012 2 4 35 -13.7 -5 9.1 0.6 0 -999.9 -999.9 365
sta6 2012 2 5 36 -16 -3.7 9 0.5 0 -999.9 -999.9 365
sta6 2012 2 6 37 -12.4 -3.6 8.7 0.7 0 -999.9 -999.9 365
sta6 2012 2 7 38 -16.2 -6.1 9.5 0.7 0 -999.9 -999.9 365
sta6 2012 2 8 39 -9.7 -4.3 6.9 0.7 0 -999.9 -999.9 365
sta6 2012 2 9 40 -14.3 0.1 8.7 0.4 0 -999.9 -999.9 365
sta6 2012 2 10 41 -10.7 -3.6 9.3 0.6 0 -999.9 -999.9 365
sta6 2012 2 11 42 -11.9 -4.6 9.6 0.7 0 -999.9 -999.9 365
sta6 2012 2 12 43 -13.8 -0.9 10.5 0.7 0 -999.9 -999.9 365
sta6 2012 2 13 44 -7.5 0.4 3.5 0.3 3.2 -999.9 -999.9 365
sta6 2012 2 14 45 -1.1 2.3 3.2 0.2 3.6 -999.9 -999.9 365
sta6 2012 2 15 46 0.2 4.4 2.3 0.2 4.6 -999.9 -999.9 365
sta6 2012 2 16 47 3.4 6.6 3.4 0.5 0.8 -999.9 -999.9 365
sta6 2012 2 17 48 2.6 7 5.8 0.8 0 -999.9 -999.9 365
sta6 2012 2 18 49 2.6 5.9 3.5 0.4 3.6 -999.9 -999.9 365
sta6 2012 2 19 50 1.4 5.1 7.7 0.9 0 -999.9 -999.9 365
sta6 2012 2 20 51 -5.5 4.3 11.5 0.6 0 -999.9 -999.9 365
sta6 2012 2 21 52 -7.4 6.5 12.5 0.7 0 -999.9 -999.9 365
sta6 2012 2 22 53 -6.1 10.7 12.3 1 0 -999.9 -999.9 365
sta6 2012 2 23 54 -1.3 5.4 3 0.3 0.8 -999.9 -999.9 365
sta6 2012 2 24 55 3.6 8.9 3.2 0.2 0.2 -999.9 -999.9 365
sta6 2012 2 25 56 6.5 9.5 3.1 0.3 0.8 -999.9 -999.9 365
sta6 2012 2 26 57 2.1 8 7.5 1 0 -999.9 -999.9 365
sta6 2012 2 27 58 -2.5 9.4 10.2 0.8 0 -999.9 -999.9 365
sta6 2012 2 28 59 -1.1 11.8 7.6 0.9 0 -999.9 -999.9 365
sta6 2012 2 29 60 -0.8 15.4 8.7 0.9 0 -999.9 -999.9 365
sta6 2012 3 1 61 0.6 15.8 6.8 0.8 0 -999.9 -999.9 365
sta6 2012 3 2 62 4.2 17.5 7.7 0.9 0 -999.9 -999.9 365
sta6 2012 3 3 63 1.7 7.5 5.3 0.5 0.8 -999.9 -999.9 365
sta6 2012 3 4 64 6.6 10.7 4.6 1 5 -999.9 -999.9 365
sta6 2012 3 5 65 1.7 7.1 6.9 1.2 2.4 -999.9 -999.9 365
sta6 2012 3 6 66 1.3 5.6 4.2 0.7 0.2 -999.9 -999.9 365
sta6 2012 3 7 67 -2.4 7.5 8.7 0.7 9 -999.9 -999.9 365
sta6 2012 3 8 68 0.4 7.8 9.5 1.1 0 -999.9 -999.9 365
sta6 2012 3 9 69 -3.2 11 15.5 1.3 0 -999.9 -999.9 365
sta6 2012 3 10 70 -1.8 11.6 9 1.1 0 -999.9 -999.9 365
sta6 2012 3 11 71 6.9 11 5.1 1.2 0 -999.9 -999.9 365
sta6 2012 3 12 72 2.8 17 15.4 1.7 0 -999.9 -999.9 365
sta6 2012 3 13 73 3.3 18.4 16.3 1.9 0 -999.9 -999.9 365
sta6 2012 3 14 74 -1 18.3 16.7 1.7 0 -999.9 -999.9 365
sta6 2012 3 15 75 0.3 22.6 17 2.7 0 -999.9 -999.9 365
sta6 2012 3 16 76 2.1 22.1 17.5 3 0 -999.9 -999.9 365
sta6 2012 3 17 77 6.4 14.5 6.8 2.2 8.8 -999.9 -999.9 365
sta6 2012 3 18 78 5.9 9.6 6.5 1.1 9.6 -999.9 -999.9 365
sta6 2012 3 19 79 3.1 10.6 6.8 1.2 2.6 -999.9 -999.9 365
sta6 2012 3 20 80 -1.8 13 16.1 1.8 0 -999.9 -999.9 365
sta6 2012 3 21 81 -1.4 17.5 18.1 2.6 0 -999.9 -999.9 365
sta6 2012 3 22 82 2.7 20.4 16.8 2.9 0 -999.9 -999.9 365
sta6 2012 3 23 83 2.2 21.7 17.8 2.7 0 -999.9 -999.9 365
sta6 2012 3 24 84 2 20.6 17.8 2.8 0 -999.9 -999.9 365
sta6 2012 3 25 85 2.6 20.5 18 3.2 0 -999.9 -999.9 365
sta6 2012 3 26 86 6.8 20.1 19.5 4.1 0 -999.9 -999.9 365
sta6 2012 3 27 87 4.2 19.8 19.5 3.7 0 -999.9 -999.9 365
sta6 2012 3 28 88 6.4 21.8 18.9 3.2 0 -999.9 -999.9 365
sta6 2012 3 29 89 3.7 20 19.2 3.7 0 -999.9 -999.9 365
sta6 2012 3 30 90 3.5 17 19.1 2.4 0 -999.9 -999.9 365
sta6 2012 3 31 91 4.6 10.3 7.4 1.2 0 -999.9 -999.9 365
sta6 2012 4 1 92 0.9 13.5 20.8 3.1 0 -999.9 -999.9 365
sta6 2012 4 2 93 -1.6 18.6 21 3.2 0 -999.9 -999.9 365
sta6 2012 4 3 94 1.2 19.7 15 3 3 -999.9 -999.9 365
sta6 2012 4 4 95 4.2 14 10.7 1.8 0.4 -999.9 -999.9 365
sta6 2012 4 5 96 7.4 15.2 11.9 2.4 0 -999.9 -999.9 365
sta6 2012 4 6 97 2.6 16.7 18.9 2.2 0 -999.9 -999.9 365
sta6 2012 4 7 98 4.2 12 10.3 2 0 -999.9 -999.9 365
sta6 2012 4 8 99 1.3 11.1 20.1 2.3 0.6 -999.9 -999.9 365
sta6 2012 4 9 100 4.3 11.2 6.1 1.3 2.6 -999.9 -999.9 365
sta6 2012 4 10 101 6.9 11.9 4.9 1.5 8.6 -999.9 -999.9 365
sta6 2012 4 11 102 4.1 11.8 13.3 1.8 3.2 -999.9 -999.9 365
sta6 2012 4 12 103 3.4 13.9 14.1 1.9 0 -999.9 -999.9 365
sta6 2012 4 13 104 -1.2 13.8 20.2 2.2 0 -999.9 -999.9 365
sta6 2012 4 14 105 -1.2 13.9 14.1 2.3 1 -999.9 -999.9 365
sta6 2012 4 15 106 5.7 10.7 9.8 2.5 0.2 -999.9 -999.9 365
sta6 2012 4 16 107 1.9 11.1 17.4 2.8 0.2 -999.9 -999.9 365
sta6 2012 4 17 108 -4.1 13.6 20.6 2.2 0.6 -999.9 -999.9 365
sta6 2012 4 18 109 5.3 13.6 14.6 2.6 2.4 -999.9 -999.9 365
sta6 2012 4 19 110 5.5 11.9 11.7 1.8 4 -999.9 -999.9 365
sta6 2012 4 20 111 5.1 12.3 14.4 2.4 1.8 -999.9 -999.9 365
sta6 2012 4 21 112 6 12.1 9.4 1.6 6.2 -999.9 -999.9 365
sta6 2012 4 22 113 4 13.8 16.8 2.5 0.8 -999.9 -999.9 365
sta6 2012 4 23 114 3.8 12.5 11 1.8 7.4 -999.9 -999.9 365
sta6 2012 4 24 115 4.8 10.6 9.9 1.5 4 -999.9 -999.9 365
sta6 2012 4 25 116 4 13.5 8.3 1.7 3.4 -999.9 -999.9 365
sta6 2012 4 26 117 8 9.9 3.4 0.8 8.4 -999.9 -999.9 365
sta6 2012 4 27 118 8.4 16.8 5.7 1.3 1.4 -999.9 -999.9 365
sta6 2012 4 28 119 12.1 25.9 11.1 3.5 0 -999.9 -999.9 365
sta6 2012 4 29 120 13 21.2 20.3 4.6 0.4 -999.9 -999.9 365
sta6 2012 4 30 121 6.3 19.2 10.3 2.3 0.8 -999.9 -999.9 365
sta6 2012 5 1 122 8 17.5 20 2.8 21 -999.9 -999.9 365
sta6 2012 5 2 123 9.2 11.5 3.4 0.9 22.2 -999.9 -999.9 365
sta6 2012 5 3 124 4.4 20.2 24.8 3.3 0 -999.9 -999.9 365
sta6 2012 5 4 125 6.3 22.1 17.8 3.3 14.2 -999.9 -999.9 365
sta6 2012 5 5 126 9.9 17.7 13.9 2.3 9 -999.9 -999.9 365
sta6 2012 5 6 127 7.7 15.2 12.5 1.9 7 -999.9 -999.9 365
sta6 2012 5 7 128 8.1 18 19.8 2.7 0 -999.9 -999.9 365
sta6 2012 5 8 129 5.1 16.4 9.6 1.4 4.6 -999.9 -999.9 365
sta6 2012 5 9 130 12 23.3 17.8 3 1.8 -999.9 -999.9 365
sta6 2012 5 10 131 12.6 29.1 26.2 4.7 0 -999.9 -999.9 365
sta6 2012 5 11 132 15.7 29.9 22.3 5.1 0.4 -999.9 -999.9 365
sta6 2012 5 12 133 9.9 17.3 22.5 3.9 0 -999.9 -999.9 365
sta6 2012 5 13 134 3.4 16 26.9 3.5 0 -999.9 -999.9 365
sta6 2012 5 14 135 0.9 20.7 28.9 3.6 0 -999.9 -999.9 365
sta6 2012 5 15 136 4.3 14.4 16.1 2.4 3 -999.9 -999.9 365
sta6 2012 5 16 137 4.5 13.8 18.6 2.8 0 -999.9 -999.9 365
sta6 2012 5 17 138 -0.4 17.9 24.1 3.3 0.2 -999.9 -999.9 365
sta6 2012 5 18 139 10.6 16.6 7.8 2 1.2 -999.9 -999.9 365
sta6 2012 5 19 140 11.6 23 22.9 4.3 0.8 -999.9 -999.9 365
sta6 2012 5 20 141 12 23.5 18.7 3.5 11 -999.9 -999.9 365
sta6 2012 5 21 142 11.6 19.8 6.6 1.4 35 -999.9 -999.9 365
sta6 2012 5 22 143 10.4 13.4 2.2 0.8 0.4 -999.9 -999.9 365
sta6 2012 5 23 144 12.3 17.7 6.8 1.2 0 -999.9 -999.9 365
sta6 2012 5 24 145 13.7 27.9 21.7 4.1 0 -999.9 -999.9 365
sta6 2012 5 25 146 14.4 24.9 29 6.1 0 -999.9 -999.9 365
sta6 2012 5 26 147 10.9 25.6 29.8 5.4 0 -999.9 -999.9 365
sta6 2012 5 27 148 8.4 25 27.5 4.9 0 -999.9 -999.9 365
sta6 2012 5 28 149 9.2 25.8 25.1 4.3 0 -999.9 -999.9 365
sta6 2012 5 29 150 10.5 26.2 28.5 4.8 0 -999.9 -999.9 365
sta6 2012 5 30 151 10.6 26.4 26.1 4.3 0.2 -999.9 -999.9 365
sta6 2012 5 31 152 11 23.8 22.8 4.2 0 -999.9 -999.9 365
sta6 2012 6 1 153 12.7 20.5 14.5 2.8 0 -999.9 -999.9 365
sta6 2012 6 2 154 8.6 26.5 28.6 4.4 9 -999.9 -999.9 365
sta6 2012 6 3 155 15.7 19 7.4 2 8.2 -999.9 -999.9 365
sta6 2012 6 4 156 12 18.1 14.3 3 3.4 -999.9 -999.9 365
sta6 2012 6 5 157 5 18.4 24.4 2.8 0 -999.9 -999.9 365
sta6 2012 6 6 158 12 21.4 18.6 3.7 0.8 -999.9 -999.9 365
sta6 2012 6 7 159 13.4 24.5 15.3 3.1 16.6 -999.9 -999.9 365
sta6 2012 6 8 160 13.3 21.9 20.8 4.5 0.8 -999.9 -999.9 365
sta6 2012 6 9 161 9.3 18.4 22.5 3.9 0 -999.9 -999.9 365
sta6 2012 6 10 162 8.7 19 17.8 3.1 1.4 -999.9 -999.9 365
sta6 2012 6 11 163 12.3 19.3 15.9 3.2 2.6 -999.9 -999.9 365
sta6 2012 6 12 164 11.3 16.1 9.1 1.9 6.6 -999.9 -999.9 365
sta6 2012 6 13 165 11 16.2 10.2 2.3 0.4 -999.9 -999.9 365
sta6 2012 6 14 166 7.5 20.9 26.1 3.5 0 -999.9 -999.9 365
sta6 2012 6 15 167 13.3 24.6 22.1 4.2 0.8 -999.9 -999.9 365
sta6 2012 6 16 168 13.7 24 10.6 2.9 1.2 -999.9 -999.9 365
sta6 2012 6 17 169 12.8 22.7 27.3 4.3 0 -999.9 -999.9 365
sta6 2012 6 18 170 16 23.4 18.4 3.7 0 -999.9 -999.9 365
sta6 2012 6 19 171 14.6 21 8.9 2 5.2 -999.9 -999.9 365
sta6 2012 6 20 172 15.8 20.6 9.1 1.9 0.2 -999.9 -999.9 365
sta6 2012 6 21 173 12.1 26.4 15.5 3.4 7.4 -999.9 -999.9 365
sta6 2012 6 22 174 9.7 21.6 24.7 4.2 0 -999.9 -999.9 365
sta6 2012 6 23 175 9.7 22.3 27.9 4.5 0 -999.9 -999.9 365
sta6 2012 6 24 176 8.9 21.3 15.2 2.7 6.6 -999.9 -999.9 365
sta6 2012 6 25 177 12.6 22.9 24.2 4.1 0 -999.9 -999.9 365
sta6 2012 6 26 178 12.1 22.1 16.2 2.5 1 -999.9 -999.9 365
sta6 2012 6 27 179 17.3 27.1 23.2 4.2 0 -999.9 -999.9 365
sta6 2012 6 28 180 17.5 32.2 20.9 5.1 9 -999.9 -999.9 365
sta6 2012 6 29 181 17.3 24.7 17.2 3.8 0 -999.9 -999.9 365
sta6 2012 6 30 182 15.4 25.6 15.9 3.4 13 -999.9 -999.9 365
sta6 2012 7 1 183 14.4 20.8 16.9 3.9 2.6 -999.9 -999.9 365
sta6 2012 7 2 184 12 21 19.4 3.4 2.4 -999.9 -999.9 365
sta6 2012 7 3 185 11.6 24.6 26.8 4.2 0.2 -999.9 -999.9 365
sta6 2012 7 4 186 12.8 27.6 22.7 4.5 5.2 -999.9 -999.9 365
sta6 2012 7 5 187 15.6 25.5 12.7 3.2 6.4 -999.9 -999.9 365
sta6 2012 7 6 188 13.3 24.2 21.3 4.3 0.4 -999.9 -999.9 365
sta6 2012 7 7 189 14.1 26.6 25 5 6.2 -999.9 -999.9 365
sta6 2012 7 8 190 14.8 22.9 17.3 4.3 0 -999.9 -999.9 365
sta6 2012 7 9 191 11.3 22.9 16.2 3.1 0.4 -999.9 -999.9 365
sta6 2012 7 10 192 11.7 25.1 22.8 4.4 0 -999.9 -999.9 365
sta6 2012 7 11 193 11 18.3 13.4 3.1 0.2 -999.9 -999.9 365
sta6 2012 7 12 194 12 20.3 13.5 3.2 3 -999.9 -999.9 365
sta6 2012 7 13 195 13.1 19.3 9.1 2.2 11.4 -999.9 -999.9 365
sta6 2012 7 14 196 13.1 20.6 16.7 3.4 1.2 -999.9 -999.9 365
sta6 2012 7 15 197 11.8 18.4 14 2.9 13.8 -999.9 -999.9 365
sta6 2012 7 16 198 8.1 21.2 25.3 3.8 0 -999.9 -999.9 365
sta6 2012 7 17 199 12.6 23.4 19.9 4.2 0 -999.9 -999.9 365
sta6 2012 7 18 200 13.1 27.6 24.8 5.5 0 -999.9 -999.9 365
sta6 2012 7 19 201 14.5 22.6 14.7 4.1 0.2 -999.9 -999.9 365
sta6 2012 7 20 202 13.4 16.3 8 1.8 4 -999.9 -999.9 365
sta6 2012 7 21 203 11.9 20.7 20.3 3.5 0 -999.9 -999.9 365
sta6 2012 7 22 204 8.6 22.2 27.8 4.2 0 -999.9 -999.9 365
sta6 2012 7 23 205 9.5 25 29.2 5 0 -999.9 -999.9 365
sta6 2012 7 24 206 10.3 29.2 25.3 4.6 0 -999.9 -999.9 365
sta6 2012 7 25 207 12.5 31.2 27 5.3 0 -999.9 -999.9 365
sta6 2012 7 26 208 14.8 32.9 26 5.7 0 -999.9 -999.9 365
sta6 2012 7 27 209 17.1 32.4 21.3 5.6 3 -999.9 -999.9 365
sta6 2012 7 28 210 17.7 25.4 11.9 3.5 22 -999.9 -999.9 365
sta6 2012 7 29 211 12.6 21.9 21.9 4.2 0.2 -999.9 -999.9 365
sta6 2012 7 30 212 12.8 20.8 16.2 3.2 0 -999.9 -999.9 365
sta6 2012 7 31 213 13.7 26.5 24.6 4.5 0 -999.9 -999.9 365
sta6 2012 8 1 214 12.7 30.4 21.7 5.4 0 -999.9 -999.9 365
sta6 2012 8 2 215 16.8 24.5 17.2 4.4 0.2 -999.9 -999.9 365
sta6 2012 8 3 216 13.3 25.6 24 4.5 0 -999.9 -999.9 365
sta6 2012 8 4 217 12.5 26.9 21.9 4.5 0.8 -999.9 -999.9 365
sta6 2012 8 5 218 16 26 16.9 3.9 13 -999.9 -999.9 365
sta6 2012 8 6 219 13.9 22.3 14.2 3.5 0.2 -999.9 -999.9 365
sta6 2012 8 7 220 13.6 22.3 18.8 4 0 -999.9 -999.9 365
sta6 2012 8 8 221 9.1 25.5 25.7 4 0 -999.9 -999.9 365
sta6 2012 8 9 222 11.6 27.3 21.2 4 0 -999.9 -999.9 365
sta6 2012 8 10 223 12.4 25.8 25.5 4.6 0 -999.9 -999.9 365
sta6 2012 8 11 224 9.9 26.5 26.4 4.9 0 -999.9 -999.9 365
sta6 2012 8 12 225 10.6 26.1 19 3.7 0 -999.9 -999.9 365
sta6 2012 8 13 226 13.3 27 19.2 3.7 0.2 -999.9 -999.9 365
sta6 2012 8 14 227 13.3 27.4 16.1 3.6 0.2 -999.9 -999.9 365
sta6 2012 8 15 228 17.6 31.3 13.7 5.7 2.6 -999.9 -999.9 365
sta6 2012 8 16 229 12.6 25.2 23 4.1 0.2 -999.9 -999.9 365
sta6 2012 8 17 230 11.5 30.1 24.2 5.1 0 -999.9 -999.9 365
sta6 2012 8 18 231 16.8 34.6 23.9 7 0 -999.9 -999.9 365
sta6 2012 8 19 232 21.2 36.9 22.1 7.4 0 -999.9 -999.9 365
sta6 2012 8 20 233 19.8 30.8 13.3 4.5 0 -999.9 -999.9 365
sta6 2012 8 21 234 17.9 34.5 19.6 5 10.6 -999.9 -999.9 365
sta6 2012 8 22 235 15.5 26.4 22.4 4.8 0 -999.9 -999.9 365
sta6 2012 8 23 236 11.4 27 18.8 4.1 0 -999.9 -999.9 365
sta6 2012 8 24 237 18.7 25.1 10.4 3.5 0 -999.9 -999.9 365
sta6 2012 8 25 238 17.3 23.8 13.9 4.8 1.2 -999.9 -999.9 365
sta6 2012 8 26 239 13.1 21 11.9 4 0.4 -999.9 -999.9 365
sta6 2012 8 27 240 11.4 25.7 21.6 4.8 0 -999.9 -999.9 365
sta6 2012 8 28 241 13.4 25.8 12.8 3.8 0 -999.9 -999.9 365
sta6 2012 8 29 242 15.3 29.6 18.3 4.5 1.8 -999.9 -999.9 365
sta6 2012 8 30 243 15.1 20.8 10 3.2 0.2 -999.9 -999.9 365
sta6 2012 8 31 244 10.9 15.6 7 2.2 1.4 -999.9 -999.9 365
sta6 2012 9 1 245 7.5 17.1 12 2.4 0 -999.9 -999.9 365
sta6 2012 9 2 246 7.1 23.4 19.5 3.2 0 -999.9 -999.9 365
sta6 2012 9 3 247 9.2 25.4 20 3.7 0 -999.9 -999.9 365
sta6 2012 9 4 248 12.3 26.5 18.1 4 0 -999.9 -999.9 365
sta6 2012 9 5 249 12.9 23.8 11 3.2 0 -999.9 -999.9 365
sta6 2012 9 6 250 9.8 23.5 21 3.9 0 -999.9 -999.9 365
sta6 2012 9 7 251 5.4 26.9 20.2 3.7 0 -999.9 -999.9 365
sta6 2012 9 8 252 7 28.6 20.2 4.5 0 -999.9 -999.9 365
sta6 2012 9 9 253 10.7 31.5 19.5 4.7 0 -999.9 -999.9 365
sta6 2012 9 10 254 12.9 31.4 16.8 4.5 6.2 -999.9 -999.9 365
sta6 2012 9 11 255 16.2 23 7.9 2.8 8.2 -999.9 -999.9 365
sta6 2012 9 12 256 10.2 15.2 8.3 2 0.8 -999.9 -999.9 365
sta6 2012 9 13 257 7.5 17.5 10.2 1.7 0.2 -999.9 -999.9 365
sta6 2012 9 14 258 7.5 20.4 17.6 2.5 0 -999.9 -999.9 365
sta6 2012 9 15 259 12.8 20.1 12.4 2.6 0 -999.9 -999.9 365
sta6 2012 9 16 260 6.3 24 18.3 2.8 0 -999.9 -999.9 365
sta6 2012 9 17 261 9.3 26.2 17.3 3.4 0 -999.9 -999.9 365
sta6 2012 9 18 262 9.6 22.6 10.5 2.6 0.6 -999.9 -999.9 365
sta6 2012 9 19 263 6.8 17.6 15.7 2.5 0 -999.9 -999.9 365
sta6 2012 9 20 264 1.2 18.8 16.7 2.5 0 -999.9 -999.9 365
sta6 2012 9 21 265 4 25.6 13.5 2.9 13 -999.9 -999.9 365
sta6 2012 9 22 266 10.5 17.6 11.7 2 0 -999.9 -999.9 365
sta6 2012 9 23 267 9.7 20.7 11.2 2 0 -999.9 -999.9 365
sta6 2012 9 24 268 15.4 18.9 7.6 3.3 7.6 -999.9 -999.9 365
sta6 2012 9 25 269 10.9 13.6 3.8 1 27.2 -999.9 -999.9 365
sta6 2012 9 26 270 10.3 11.5 1.8 0.7 12 -999.9 -999.9 365
sta6 2012 9 27 271 9.8 15.4 8.4 1.9 5.8 -999.9 -999.9 365
sta6 2012 9 28 272 5.9 20.4 13.8 2 0 -999.9 -999.9 365
sta6 2012 9 29 273 4.9 17.8 11.7 1.7 0 -999.9 -999.9 365
sta6 2012 9 30 274 2.4 18.7 14.6 1.8 0 -999.9 -999.9 365
sta6 2012 10 1 275 2.6 18.8 14.9 1.7 0 -999.9 -999.9 365
sta6 2012 10 2 276 6.9 18.1 7.4 1.7 0 -999.9 -999.9 365
sta6 2012 10 3 277 10.5 18.1 9.5 2.3 3.6 -999.9 -999.9 365
sta6 2012 10 4 278 12.1 17.3 6.7 1.9 4.2 -999.9 -999.9 365
sta6 2012 10 5 279 9.4 21.9 11.6 2 0.2 -999.9 -999.9 365
sta6 2012 10 6 280 10 21.5 8.9 2.2 5.2 -999.9 -999.9 365
sta6 2012 10 7 281 10.1 15.8 7.1 1.3 0.4 -999.9 -999.9 365
sta6 2012 10 8 282 4.1 15.4 3.9 0.3 21.2 -999.9 -999.9 365
sta6 2012 10 9 283 12.7 17.3 3.3 0.7 5.8 -999.9 -999.9 365
sta6 2012 10 10 284 12.8 14.9 4.2 0.8 0.4 -999.9 -999.9 365
sta6 2012 10 11 285 11 17 7.7 1.3 5.2 -999.9 -999.9 365
sta6 2012 10 12 286 8.8 15.5 7.3 1.4 2.8 -999.9 -999.9 365
sta6 2012 10 13 287 4.1 15.6 7.7 1.5 6.8 -999.9 -999.9 365
sta6 2012 10 14 288 7.7 10.1 1.6 0.5 16.8 -999.9 -999.9 365
sta6 2012 10 15 289 4.4 12.2 10.3 1.4 0 -999.9 -999.9 365
sta6 2012 10 16 290 2.9 11.9 4.6 0.8 0.6 -999.9 -999.9 365
sta6 2012 10 17 291 7 18.6 5.7 1.3 0 -999.9 -999.9 365
sta6 2012 10 18 292 15.3 21 5.5 3.7 0 -999.9 -999.9 365
sta6 2012 10 19 293 15.5 21.8 6 2.8 0 -999.9 -999.9 365
sta6 2012 10 20 294 14.4 21.7 7.8 2.2 0 -999.9 -999.9 365
sta6 2012 10 21 295 13.1 22.3 6.6 2.1 0 -999.9 -999.9 365
sta6 2012 10 22 296 10.2 23.5 10.3 1.4 0.2 -999.9 -999.9 365
sta6 2012 10 23 297 6.6 10.3 6.5 0.6 0 -999.9 -999.9 365
sta6 2012 10 24 298 7.4 12.8 6.8 0.8 0 -999.9 -999.9 365
sta6 2012 10 25 299 4.2 15 7.8 0.7 0 -999.9 -999.9 365
sta6 2012 10 26 300 6.5 10.9 3.5 0.7 21.8 -999.9 -999.9 365
sta6 2012 10 27 301 1.2 5.2 7.8 1.3 0 -999.9 -999.9 365
sta6 2012 10 28 302 -2.4 6.2 9.9 1 0 -999.9 -999.9 365
sta6 2012 10 29 303 -5.1 6.6 5.9 0.6 0 -999.9 -999.9 365
sta6 2012 10 30 304 0.1 12.2 9.7 1.2 0 -999.9 -999.9 365
sta6 2012 10 31 305 -1.2 12.5 8.5 0.9 0 -999.9 -999.9 365
sta6 2012 11 1 306 3.5 10.5 2.9 1 6.6 -999.9 -999.9 365
sta6 2012 11 2 307 5.2 10.1 2.9 0.6 22.8 -999.9 -999.9 365
sta6 2012 11 3 308 6.8 13.8 2.5 0.9 22.6 -999.9 -999.9 365
sta6 2012 11 4 309 7 10.9 1.7 0.7 4.6 -999.9 -999.9 365
sta6 2012 11 5 310 6.1 10.2 4.1 1 2.6 -999.9 -999.9 365
sta6 2012 11 6 311 2.9 9.7 4.3 0.5 0.4 -999.9 -999.9 365
sta6 2012 11 7 312 0.2 8.4 2.6 0.1 0 -999.9 -999.9 365
sta6 2012 11 8 313 3.1 9.8 5.4 0.7 0 -999.9 -999.9 365
sta6 2012 11 9 314 -0.5 12.3 6.1 0.4 1.8 -999.9 -999.9 365
sta6 2012 11 10 315 8.1 11.8 1.2 0.3 11 -999.9 -999.9 365
sta6 2012 11 11 316 5.6 8.8 2.1 0.5 0 -999.9 -999.9 365
sta6 2012 11 12 317 0.9 5.7 2.3 0.3 0 -999.9 -999.9 365
sta6 2012 11 13 318 -0.2 10.3 7.2 0.5 0 -999.9 -999.9 365
sta6 2012 11 14 319 -1.1 7.2 3.1 0.2 0 -999.9 -999.9 365
sta6 2012 11 15 320 1.7 5.1 2.1 0.2 0 -999.9 -999.9 365
sta6 2012 11 16 321 1.5 5.8 5.4 0.4 0 -999.9 -999.9 365
sta6 2012 11 17 322 4.3 10.6 2.6 0.3 0 -999.9 -999.9 365
sta6 2012 11 18 323 5.2 12.8 3.7 0.5 0 -999.9 -999.9 365
sta6 2012 11 19 324 1.6 14.9 6.6 0.8 0 -999.9 -999.9 365
sta6 2012 11 20 325 1.6 4.8 2.3 0.2 0 -999.9 -999.9 365
sta6 2012 11 21 326 1.6 10.8 2.4 0.1 0.4 -999.9 -999.9 365
sta6 2012 11 22 327 4.2 11.1 2.7 0.3 0 -999.9 -999.9 365
sta6 2012 11 23 328 5.3 10.9 3.3 1 0 -999.9 -999.9 365
sta6 2012 11 24 329 5.2 13.9 2.9 0.8 0 -999.9 -999.9 365
sta6 2012 11 25 330 5.7 11.3 3 1.4 0.2 -999.9 -999.9 365
sta6 2012 11 26 331 3.3 11 0.9 0.2 4.4 -999.9 -999.9 365
sta6 2012 11 27 332 5.9 8.8 2.2 0.6 0.4 -999.9 -999.9 365
sta6 2012 11 28 333 3.6 6.8 2.8 0.7 0 -999.9 -999.9 365
sta6 2012 11 29 334 2.7 4.8 1.4 0.7 0 -999.9 -999.9 365
sta6 2012 11 30 335 -0.2 4 3.4 0.5 0 -999.9 -999.9 365
sta6 2012 12 1 336 -2.3 0.1 2.6 0.2 3 -999.9 -999.9 365
sta6 2012 12 2 337 -1.2 3 3.6 0.4 0 -999.9 -999.9 365
sta6 2012 12 3 338 -5.4 6.6 0.9 0.2 10.6 -999.9 -999.9 365
sta6 2012 12 4 339 2.4 3.9 1.3 0.2 4.8 -999.9 -999.9 365
sta6 2012 12 5 340 1 3.3 1.1 0.3 3 -999.9 -999.9 365
sta6 2012 12 6 341 -1.3 1.2 3.7 0.4 0 -999.9 -999.9 365
sta6 2012 12 7 342 -2.5 0.6 1.2 0.1 11.8 -999.9 -999.9 365
sta6 2012 12 8 343 -0.6 0.9 1.3 0.2 0 -999.9 -999.9 365
sta6 2012 12 9 344 -2.2 2.7 2.6 0.3 3.4 -999.9 -999.9 365
sta6 2012 12 10 345 0.9 2.9 1.6 0.3 2.4 -999.9 -999.9 365
sta6 2012 12 11 346 -2.7 -0.3 3.5 0.4 0 -999.9 -999.9 365
sta6 2012 12 12 347 -7.3 -0.8 5.9 0.4 0 -999.9 -999.9 365
sta6 2012 12 13 348 -4.9 4.6 1.8 0 3.4 -999.9 -999.9 365
sta6 2012 12 14 349 2.7 9.3 1.1 0.3 6.6 -999.9 -999.9 365
sta6 2012 12 15 350 6.7 9.2 2.5 0.8 8.6 -999.9 -999.9 365
sta6 2012 12 16 351 6.2 8.9 2.2 0.6 5.4 -999.9 -999.9 365
sta6 2012 12 17 352 6.1 7.9 1.3 0.6 7.6 -999.9 -999.9 365
sta6 2012 12 18 353 2.6 5.8 1.6 0.2 5.8 -999.9 -999.9 365
sta6 2012 12 19 354 2.4 5.9 4.2 0.4 0 -999.9 -999.9 365
sta6 2012 12 20 355 2.1 8 0.6 0.4 8.8 -999.9 -999.9 365
sta6 2012 12 21 356 5.6 8.1 1.7 0.4 1.2 -999.9 -999.9 365
sta6 2012 12 22 357 4.7 11.6 0.6 0.7 24.6 -999.9 -999.9 365
sta6 2012 12 23 358 7.7 12.9 1.7 0.7 0 -999.9 -999.9 365
sta6 2012 12 24 359 3.6 13 3.3 1.3 0 -999.9 -999.9 365
sta6 2012 12 25 360 7.9 12.5 1.6 1.6 4 -999.9 -999.9 365
sta6 2012 12 26 361 6.1 8.9 3 1.2 2.6 -999.9 -999.9 365
sta6 2012 12 27 362 6.3 9.7 1.7 1 15 -999.9 -999.9 365
sta6 2012 12 28 363 5.2 7.4 1.6 0.5 0 -999.9 -999.9 365
sta6 2012 12 29 364 4.9 10.4 4.6 1.4 0 -999.9 -999.9 365
sta6 2012 12 30 365 6.3 8.5 3.7 1.2 0 -999.9 -999.9 365
sta6 2012 12 31 366 5.6 10.2 3.8 1.2 2.8 -999.9 -999.9 365
