sta7 2015 1 1 1 1.3 12.2 4 0.6 0 -999.9 -999.9 365
sta7 2015 1 2 2 4.8 12.5 3.7 0.5 1.2 -999.9 -999.9 365
sta7 2015 1 3 3 1.5 13 1.3 0 1 -999.9 -999.9 365
sta7 2015 1 4 4 9 11.3 2.3 0.5 0 -999.9 -999.9 365
sta7 2015 1 5 5 6.9 9.9 2.7 0.8 0 -999.9 -999.9 365
sta7 2015 1 6 6 5.5 10.6 2.5 0.7 0.8 -999.9 -999.9 365
sta7 2015 1 7 7 -2.4 11.2 3.8 0.5 0.2 -999.9 -999.9 365
sta7 2015 1 8 8 6.4 13 4.3 0.9 12.3 -999.9 -999.9 365
sta7 2015 1 9 9 6.6 13.1 2.1 0 0 -999.9 -999.9 365
sta7 2015 1 10 10 9.8 12.4 2.1 0.8 0.5 -999.9 -999.9 365
sta7 2015 1 11 11 3.1 11 5.6 1.3 0 -999.9 -999.9 365
sta7 2015 1 12 12 8.4 12.3 3 1.2 11 -999.9 -999.9 365
sta7 2015 1 13 13 8 11.8 5 1.3 4.8 -999.9 -999.9 365
sta7 2015 1 14 14 4.4 11.5 4.1 1.2 26 -999.9 -999.9 365
sta7 2015 1 15 15 5.3 11 2.6 1.5 11.9 -999.9 -999.9 365
sta7 2015 1 16 16 1.1 8 5 0.8 1.4 -999.9 -999.9 365
sta7 2015 1 17 17 -3 8.5 5.7 0.6 4 -999.9 -999.9 365
sta7 2015 1 18 18 3.3 4.9 1.3 0.5 10.7 -999.9 -999.9 365
sta7 2015 1 19 19 0.6 5.7 5.3 0.8 0.4 -999.9 -999.9 365
sta7 2015 1 20 20 -1.6 5.1 2.8 0.6 1.2 -999.9 -999.9 365
sta7 2015 1 21 21 1 3.4 2.8 0.3 5 -999.9 -999.9 365
sta7 2015 1 22 22 -1 4.9 6 0.5 0 -999.9 -999.9 365
sta7 2015 1 23 23 -3.1 9.3 6.9 0.5 0.4 -999.9 -999.9 365
sta7 2015 1 24 24 1.8 9.5 6.6 0.8 0 -999.9 -999.9 365
sta7 2015 1 25 25 -1.8 8.9 3.9 0.7 0 -999.9 -999.9 365
sta7 2015 1 26 26 4.2 11.7 2.8 0.7 0 -999.9 -999.9 365
sta7 2015 1 27 27 3.8 9.2 3.4 0.9 0 -999.9 -999.9 365
sta7 2015 1 28 28 5 11.8 3.3 1.1 0.8 -999.9 -999.9 365
sta7 2015 1 29 29 5.7 8.5 1.8 1.2 10.7 -999.9 -999.9 365
sta7 2015 1 30 30 0.6 8.8 4.9 1.2 4 -999.9 -999.9 365
sta7 2015 1 31 31 1.1 7.1 4.8 1.1 2.4 -999.9 -999.9 365
sta7 2015 2 1 32 1.3 7.3 7.5 1.6 0 -999.9 -999.9 365
sta7 2015 2 2 33 -3.1 5.9 6.6 0.8 0 -999.9 -999.9 365
sta7 2015 2 3 34 -0.8 4.9 5.8 0.7 0 -999.9 -999.9 365
sta7 2015 2 4 35 -0.8 6.2 6.8 0.9 0.2 -999.9 -999.9 365
sta7 2015 2 5 36 -0.7 5.8 4.1 1 2.8 -999.9 -999.9 365
sta7 2015 2 6 37 -0.6 5.2 9.1 1.6 0.2 -999.9 -999.9 365
sta7 2015 2 7 38 -0.6 7.4 9.9 1.8 0 -999.9 -999.9 365
sta7 2015 2 8 39 3.1 8.5 7.4 1.4 0 -999.9 -999.9 365
sta7 2015 2 9 40 -2.4 9.9 8.9 0.6 0.2 -999.9 -999.9 365
sta7 2015 2 10 41 1.6 4.3 3.6 0.8 0 -999.9 -999.9 365
sta7 2015 2 11 42 -2 9.3 10.2 0.7 0.2 -999.9 -999.9 365
sta7 2015 2 12 43 -0.9 10 6.3 0.5 2.8 -999.9 -999.9 365
sta7 2015 2 13 44 6 10.6 4.8 1.2 15.5 -999.9 -999.9 365
sta7 2015 2 14 45 4.7 8.7 7.2 1.2 1.4 -999.9 -999.9 365
sta7 2015 2 15 46 2.2 10.2 8.2 0.9 0 -999.9 -999.9 365
sta7 2015 2 16 47 0.4 8.2 2.3 0.3 7.7 -999.9 -999.9 365
sta7 2015 2 17 48 2.6 9.6 11.2 1.4 0 -999.9 -999.9 365
sta7 2015 2 18 49 -2.5 10.2 11.2 0.9 0.2 -999.9 -999.9 365
sta7 2015 2 19 50 -2.7 9.4 6.2 0.6 5.4 -999.9 -999.9 365
sta7 2015 2 20 51 6.6 10.9 3.8 1.1 9.1 -999.9 -999.9 365
sta7 2015 2 21 52 1.4 8 9.5 1.2 2.6 -999.9 -999.9 365
sta7 2015 2 22 53 -1.9 11.2 4.9 0.3 3.2 -999.9 -999.9 365
sta7 2015 2 23 54 3.8 9.7 8 1.2 2.4 -999.9 -999.9 365
sta7 2015 2 24 55 2.8 10.6 10.7 1.5 1.6 -999.9 -999.9 365
sta7 2015 2 25 56 4.4 12.6 4.1 0.3 0.2 -999.9 -999.9 365
sta7 2015 2 26 57 8.3 12.1 2.9 1 3 -999.9 -999.9 365
sta7 2015 2 27 58 0.5 10.7 11.1 1.2 0.4 -999.9 -999.9 365
sta7 2015 2 28 59 6.1 12 4.5 0.5 3.4 -999.9 -999.9 365
sta7 2015 3 1 60 9.2 12.3 5.2 1.3 0.8 -999.9 -999.9 365
sta7 2015 3 2 61 6.2 11.6 11.2 2.2 0.8 -999.9 -999.9 365
sta7 2015 3 3 62 3.5 11.9 8.7 1.6 1 -999.9 -999.9 365
sta7 2015 3 4 63 0.6 10.6 11.9 1.6 0.6 -999.9 -999.9 365
sta7 2015 3 5 64 -2.1 11.9 14.4 1.2 0 -999.9 -999.9 365
sta7 2015 3 6 65 -1.8 13 13.5 1.5 0.2 -999.9 -999.9 365
sta7 2015 3 7 66 0.3 16.9 14.4 1.7 0.2 -999.9 -999.9 365
sta7 2015 3 8 67 3 17 12.9 1 0.2 -999.9 -999.9 365
sta7 2015 3 9 68 7.7 10.3 6.9 1.1 0.4 -999.9 -999.9 365
sta7 2015 3 10 69 6.9 10.9 6.4 1.2 3.2 -999.9 -999.9 365
sta7 2015 3 11 70 9 15.1 7 1.3 0.2 -999.9 -999.9 365
sta7 2015 3 12 71 4.8 12.4 9 1 1.8 -999.9 -999.9 365
sta7 2015 3 13 72 4.9 8.9 4.9 0.9 0 -999.9 -999.9 365
sta7 2015 3 14 73 4.6 7.8 6.8 1.6 0 -999.9 -999.9 365
sta7 2015 3 15 74 3.1 8 5.3 1.1 0.2 -999.9 -999.9 365
sta7 2015 3 16 75 1.4 10.8 8.2 1.5 0 -999.9 -999.9 365
sta7 2015 3 17 76 2.8 14.6 14.2 1.9 0.2 -999.9 -999.9 365
sta7 2015 3 18 77 4.4 14.8 13.5 2.2 0 -999.9 -999.9 365
sta7 2015 3 19 78 4.5 11.8 13.1 2.2 0 -999.9 -999.9 365
sta7 2015 3 20 79 6.3 7.3 3.3 1.2 0.2 -999.9 -999.9 365
sta7 2015 3 21 80 3.8 12.5 12.1 2.3 0 -999.9 -999.9 365
sta7 2015 3 22 81 5.9 8.3 8.5 2.2 0 -999.9 -999.9 365
sta7 2015 3 23 82 -0.1 12.5 15.9 1.7 0.2 -999.9 -999.9 365
sta7 2015 3 24 83 3.3 10.9 11.2 1.9 1 -999.9 -999.9 365
sta7 2015 3 25 84 -0.9 10.5 14.2 1.7 2 -999.9 -999.9 365
sta7 2015 3 26 85 2.4 14 10.9 1.4 0.6 -999.9 -999.9 365
sta7 2015 3 27 86 0.6 11.4 6.5 0.5 1.6 -999.9 -999.9 365
sta7 2015 3 28 87 9.8 13.8 8.7 1.6 0.4 -999.9 -999.9 365
sta7 2015 3 29 88 10.4 12 3.4 0.9 3.8 -999.9 -999.9 365
sta7 2015 3 30 89 11.1 14.7 7.7 1.5 0.6 -999.9 -999.9 365
sta7 2015 3 31 90 10.4 14.6 15.6 3.2 0 -999.9 -999.9 365
sta7 2015 4 1 91 4.4 13.5 14.5 2.2 0 -999.9 -999.9 365
sta7 2015 4 2 92 7.6 14 8.2 1.5 0.2 -999.9 -999.9 365
sta7 2015 4 3 93 8.8 14.4 9.8 1.7 2.2 -999.9 -999.9 365
sta7 2015 4 4 94 8.4 10.6 6.9 1.9 0 -999.9 -999.9 365
sta7 2015 4 5 95 1.6 11.5 19.4 2.4 0 -999.9 -999.9 365
sta7 2015 4 6 96 1.2 14.9 22 2.7 0 -999.9 -999.9 365
sta7 2015 4 7 97 4.5 17.2 22.2 3.5 0 -999.9 -999.9 365
sta7 2015 4 8 98 1.3 19.4 22.6 3.7 0 -999.9 -999.9 365
sta7 2015 4 9 99 2.4 20.7 20.4 3.5 0 -999.9 -999.9 365
sta7 2015 4 10 100 4.8 17.4 13.9 2.8 1.2 -999.9 -999.9 365
sta7 2015 4 11 101 10 15.9 15.1 2.7 0.4 -999.9 -999.9 365
sta7 2015 4 12 102 0.9 17.5 21.3 2.4 0.2 -999.9 -999.9 365
sta7 2015 4 13 103 3.6 23 23.2 2.9 0 -999.9 -999.9 365
sta7 2015 4 14 104 6.2 25.5 23.7 4.2 0 -999.9 -999.9 365
sta7 2015 4 15 105 7.7 27.8 21.3 4.3 0 -999.9 -999.9 365
sta7 2015 4 16 106 9.5 21.1 13.4 3.4 0 -999.9 -999.9 365
sta7 2015 4 17 107 9.9 16.9 11.2 2.1 27.1 -999.9 -999.9 365
sta7 2015 4 18 108 8.3 15.7 9.7 2.6 2 -999.9 -999.9 365
sta7 2015 4 19 109 5.9 16 23.9 3.8 0 -999.9 -999.9 365
sta7 2015 4 20 110 4.2 20.1 22.3 3 0 -999.9 -999.9 365
sta7 2015 4 21 111 7.8 22.3 23.9 4.3 0 -999.9 -999.9 365
sta7 2015 4 22 112 8.5 23.6 23.8 4.5 0 -999.9 -999.9 365
sta7 2015 4 23 113 7.5 22.8 22.1 3.2 0 -999.9 -999.9 365
sta7 2015 4 24 114 10.2 16.8 11.5 2.2 3.6 -999.9 -999.9 365
sta7 2015 4 25 115 10.7 15.7 11.4 2 7.4 -999.9 -999.9 365
sta7 2015 4 26 116 11.1 18.6 12.1 2 1 -999.9 -999.9 365
sta7 2015 4 27 117 8.9 14.1 21 3.9 0 -999.9 -999.9 365
sta7 2015 4 28 118 1.7 13.3 21.6 2.8 0.4 -999.9 -999.9 365
sta7 2015 4 29 119 0.7 13.6 15.1 2.1 16.7 -999.9 -999.9 365
sta7 2015 4 30 120 9.3 12.6 5.2 0.9 29.9 -999.9 -999.9 365
sta7 2015 5 1 121 9.1 17 7.4 1.1 1.2 -999.9 -999.9 365
sta7 2015 5 2 122 11.6 14.5 4.5 0.7 22 -999.9 -999.9 365
sta7 2015 5 3 123 13.2 16.7 16.6 3 1 -999.9 -999.9 365
sta7 2015 5 4 124 12.2 16.4 6.5 1.6 8.2 -999.9 -999.9 365
sta7 2015 5 5 125 10.2 14.7 22.6 3.7 5 -999.9 -999.9 365
sta7 2015 5 6 126 8.6 14.4 23.3 3.6 1.6 -999.9 -999.9 365
sta7 2015 5 7 127 5.2 15.7 15.1 2.2 0.8 -999.9 -999.9 365
sta7 2015 5 8 128 10.3 17.1 11.8 2.3 0.4 -999.9 -999.9 365
sta7 2015 5 9 129 10.4 16 14.1 2.4 0.2 -999.9 -999.9 365
sta7 2015 5 10 130 12 21.5 24.7 3.9 0 -999.9 -999.9 365
sta7 2015 5 11 131 9 23.7 24.2 3 0.2 -999.9 -999.9 365
sta7 2015 5 12 132 11 18.3 22.5 3.5 0 -999.9 -999.9 365
sta7 2015 5 13 133 7.6 18.2 17.1 2.4 1.8 -999.9 -999.9 365
sta7 2015 5 14 134 9.4 14.8 18.4 3 5.4 -999.9 -999.9 365
sta7 2015 5 15 135 6.9 15.6 15.7 2 0 -999.9 -999.9 365
sta7 2015 5 16 136 7.6 19.3 18.3 2.9 0.2 -999.9 -999.9 365
sta7 2015 5 17 137 3.6 18.4 26.2 3 0 -999.9 -999.9 365
sta7 2015 5 18 138 5 14.6 11.7 2 1.6 -999.9 -999.9 365
sta7 2015 5 19 139 7 14.6 22.1 3.3 5.2 -999.9 -999.9 365
sta7 2015 5 20 140 4.8 15.4 23.9 3.4 1.4 -999.9 -999.9 365
sta7 2015 5 21 141 2.6 18.5 23 2.7 0 -999.9 -999.9 365
sta7 2015 5 22 142 4.2 17.4 18.6 1.9 0 -999.9 -999.9 365
sta7 2015 5 23 143 12.5 21 16.1 3.2 0.2 -999.9 -999.9 365
sta7 2015 5 24 144 8.8 22.2 24 3.2 0 -999.9 -999.9 365
sta7 2015 5 25 145 12.3 20.4 23.1 4.3 0 -999.9 -999.9 365
sta7 2015 5 26 146 9 20.5 23.5 3.5 0.2 -999.9 -999.9 365
sta7 2015 5 27 147 7.9 21 28.2 3.6 0.2 -999.9 -999.9 365
sta7 2015 5 28 148 7.7 19 18 3 0 -999.9 -999.9 365
sta7 2015 5 29 149 6.4 16.1 16.6 2.5 0 -999.9 -999.9 365
sta7 2015 5 30 150 8.1 19.1 21.5 3.1 0.8 -999.9 -999.9 365
sta7 2015 5 31 151 12.6 16.4 7.8 2.3 2.2 -999.9 -999.9 365
sta7 2015 6 1 152 4.1 15.8 24.6 3.6 0 -999.9 -999.9 365
sta7 2015 6 2 153 12.1 15.4 8.7 2 1.6 -999.9 -999.9 365
sta7 2015 6 3 154 11.5 20.4 27 4.3 0 -999.9 -999.9 365
sta7 2015 6 4 155 9.1 25.7 26.3 4.3 0 -999.9 -999.9 365
sta7 2015 6 5 156 14.5 23 24.4 4.5 0 -999.9 -999.9 365
sta7 2015 6 6 157 5.1 20.9 30.3 4.1 0.2 -999.9 -999.9 365
sta7 2015 6 7 158 6.8 20.5 30.4 4.7 0 -999.9 -999.9 365
sta7 2015 6 8 159 10 20.5 30.9 6.1 0 -999.9 -999.9 365
sta7 2015 6 9 160 9.8 18.4 27.4 5 0 -999.9 -999.9 365
sta7 2015 6 10 161 9.9 19.9 16 3.9 0.4 -999.9 -999.9 365
sta7 2015 6 11 162 13.7 22.5 13.2 3 4.6 -999.9 -999.9 365
sta7 2015 6 12 163 15 18.8 12.7 2.3 6.5 -999.9 -999.9 365
sta7 2015 6 13 164 10.1 21 21.4 3.4 0.2 -999.9 -999.9 365
sta7 2015 6 14 165 13.1 21.5 19.2 3.7 0 -999.9 -999.9 365
sta7 2015 6 15 166 10.9 18.7 15.5 3 0 -999.9 -999.9 365
sta7 2015 6 16 167 9.8 21.5 28.7 4.6 0.2 -999.9 -999.9 365
sta7 2015 6 17 168 8.3 25.6 29.6 4.1 0 -999.9 -999.9 365
sta7 2015 6 18 169 15.6 22.2 18.2 3.6 0 -999.9 -999.9 365
sta7 2015 6 19 170 8.2 23 30.6 4.5 0.2 -999.9 -999.9 365
sta7 2015 6 20 171 8.2 25.8 28.9 4.1 0 -999.9 -999.9 365
sta7 2015 6 21 172 12.7 25.1 26.8 4.7 0 -999.9 -999.9 365
sta7 2015 6 22 173 8.2 22 17.6 3.3 0 -999.9 -999.9 365
sta7 2015 6 23 174 9.8 23.1 30.4 4.1 0.2 -999.9 -999.9 365
sta7 2015 6 24 175 9.1 25.2 28.9 4.9 0 -999.9 -999.9 365
sta7 2015 6 25 176 9.4 26.8 29.1 5.3 0 -999.9 -999.9 365
sta7 2015 6 26 177 10.2 24 21 4.1 0 -999.9 -999.9 365
sta7 2015 6 27 178 12.8 26.3 29.2 4.9 0 -999.9 -999.9 365
sta7 2015 6 28 179 10 25.9 29.8 4.3 0 -999.9 -999.9 365
sta7 2015 6 29 180 12.6 28.2 28.1 5.3 0 -999.9 -999.9 365
sta7 2015 6 30 181 14.8 34.1 29.3 8 2.2 -999.9 -999.9 365
sta7 2015 7 1 182 17.5 27.6 18.9 5 7.1 -999.9 -999.9 365
sta7 2015 7 2 183 15.3 23.5 17.4 3.8 0.4 -999.9 -999.9 365
sta7 2015 7 3 184 11.6 29.7 23.2 4.7 0 -999.9 -999.9 365
sta7 2015 7 4 185 16.8 24.3 25.9 6 3 -999.9 -999.9 365
sta7 2015 7 5 186 12.3 22 23.5 4.5 0.2 -999.9 -999.9 365
sta7 2015 7 6 187 9.2 24.2 28.9 4.7 0 -999.9 -999.9 365
sta7 2015 7 7 188 14.5 21.6 18.7 4.5 3.8 -999.9 -999.9 365
sta7 2015 7 8 189 13.4 20 14.6 3.8 0 -999.9 -999.9 365
sta7 2015 7 9 190 10.8 24.4 27 4.2 0 -999.9 -999.9 365
sta7 2015 7 10 191 11.2 28.9 29.4 6.5 0 -999.9 -999.9 365
sta7 2015 7 11 192 13.1 23.7 24.1 4.6 0 -999.9 -999.9 365
sta7 2015 7 12 193 10.7 21.5 17.8 3.4 0 -999.9 -999.9 365
sta7 2015 7 13 194 16.7 23 17.4 4.6 0 -999.9 -999.9 365
sta7 2015 7 14 195 16.5 24.4 16.5 4 0 -999.9 -999.9 365
sta7 2015 7 15 196 17.2 25.5 17.1 3.7 0.2 -999.9 -999.9 365
sta7 2015 7 16 197 15.1 32.1 25.6 5.9 0 -999.9 -999.9 365
sta7 2015 7 17 198 17 21.5 14.2 3.6 4 -999.9 -999.9 365
sta7 2015 7 18 199 12.5 22.9 15.7 3.9 0.6 -999.9 -999.9 365
sta7 2015 7 19 200 14.3 22 12.1 2.5 2.2 -999.9 -999.9 365
sta7 2015 7 20 201 17.7 21.8 14.8 3.5 2 -999.9 -999.9 365
sta7 2015 7 21 202 19 23 20.2 4.2 1 -999.9 -999.9 365
sta7 2015 7 22 203 10.6 22.4 18.2 3.8 0 -999.9 -999.9 365
sta7 2015 7 23 204 7.9 22.7 21.2 3.7 0 -999.9 -999.9 365
sta7 2015 7 24 205 14.1 21.3 12.3 3.4 0.4 -999.9 -999.9 365
sta7 2015 7 25 206 11.3 21.5 23.8 4.5 2.2 -999.9 -999.9 365
sta7 2015 7 26 207 12.2 20.6 12.2 2.9 10.1 -999.9 -999.9 365
sta7 2015 7 27 208 14.6 19.5 16.7 4.1 0 -999.9 -999.9 365
sta7 2015 7 28 209 12.4 16 7.2 2.1 3.2 -999.9 -999.9 365
sta7 2015 7 29 210 5.5 20.3 23.4 3.3 0 -999.9 -999.9 365
sta7 2015 7 30 211 6.8 21.1 22.8 3.7 0 -999.9 -999.9 365
sta7 2015 7 31 212 6.9 22.5 24.4 4.1 0.2 -999.9 -999.9 365
sta7 2015 8 1 213 8 23.6 25.5 3.8 0.2 -999.9 -999.9 365
sta7 2015 8 2 214 7.7 26.1 26.7 5.2 0 -999.9 -999.9 365
sta7 2015 8 3 215 15.5 20.9 14.4 3.5 1.2 -999.9 -999.9 365
sta7 2015 8 4 216 10.7 21.1 22.3 4.2 0 -999.9 -999.9 365
sta7 2015 8 5 217 9.5 22.9 20.1 4.1 0.2 -999.9 -999.9 365
sta7 2015 8 6 218 14.1 23.5 22.7 4.8 0 -999.9 -999.9 365
sta7 2015 8 7 219 8.8 24 22 4 0.2 -999.9 -999.9 365
sta7 2015 8 8 220 8.2 25.8 23.8 4 0 -999.9 -999.9 365
sta7 2015 8 9 221 11.4 26.4 24.8 4.3 0 -999.9 -999.9 365
sta7 2015 8 10 222 11.2 24.8 15.7 3.3 2.2 -999.9 -999.9 365
sta7 2015 8 11 223 16.8 20.9 7.7 2.4 0 -999.9 -999.9 365
sta7 2015 8 12 224 17.3 29.3 17.8 4.6 6.2 -999.9 -999.9 365
sta7 2015 8 13 225 18.5 21.8 8.7 2.2 0.2 -999.9 -999.9 365
sta7 2015 8 14 226 15.3 18.1 6.9 2.2 15.5 -999.9 -999.9 365
sta7 2015 8 15 227 8.3 20.5 22 3.6 0 -999.9 -999.9 365
sta7 2015 8 16 228 7.2 18.3 13.3 2.5 0.2 -999.9 -999.9 365
sta7 2015 8 17 229 7.6 22 23.9 3.4 0.2 -999.9 -999.9 365
sta7 2015 8 18 230 8.7 23.3 21.6 3.4 0 -999.9 -999.9 365
sta7 2015 8 19 231 9.4 19.9 12.7 2.5 0 -999.9 -999.9 365
sta7 2015 8 20 232 16.4 22.3 14.9 3.3 0.2 -999.9 -999.9 365
sta7 2015 8 21 233 12.3 26.5 23.2 4.2 0.2 -999.9 -999.9 365
sta7 2015 8 22 234 10.9 23.5 9.6 2.6 10.3 -999.9 -999.9 365
sta7 2015 8 23 235 14.2 20.2 17.1 3.5 20.9 -999.9 -999.9 365
sta7 2015 8 24 236 13.6 18 12.7 2.8 2 -999.9 -999.9 365
sta7 2015 8 25 237 8.9 19.2 8.4 1.5 12.7 -999.9 -999.9 365
sta7 2015 8 26 238 16.4 19.4 7.4 2.4 13.1 -999.9 -999.9 365
sta7 2015 8 27 239 13.5 14.8 5.3 1.5 19.2 -999.9 -999.9 365
sta7 2015 8 28 240 7.4 22.7 21.8 3 0.2 -999.9 -999.9 365
sta7 2015 8 29 241 11.6 25.3 17.4 3.2 0 -999.9 -999.9 365
sta7 2015 8 30 242 15.5 25.6 12.3 2.6 0.4 -999.9 -999.9 365
sta7 2015 8 31 243 16.9 21.5 6.3 2.1 0.2 -999.9 -999.9 365
sta7 2015 9 1 244 11.5 21.2 19.9 3.5 0.2 -999.9 -999.9 365
sta7 2015 9 2 245 7.4 19.8 17.5 2.8 0.2 -999.9 -999.9 365
sta7 2015 9 3 246 5.9 18.8 15.3 2.6 0.2 -999.9 -999.9 365
sta7 2015 9 4 247 7 18.3 10.4 2.3 0 -999.9 -999.9 365
sta7 2015 9 5 248 8.2 21.1 14.3 2.3 0.2 -999.9 -999.9 365
sta7 2015 9 6 249 6 20.2 16.1 2.6 0.2 -999.9 -999.9 365
sta7 2015 9 7 250 6.5 20.8 20.7 2.9 0.2 -999.9 -999.9 365
sta7 2015 9 8 251 9.2 20.9 18.9 3.3 0.2 -999.9 -999.9 365
sta7 2015 9 9 252 9.1 23 18.7 3.3 0.2 -999.9 -999.9 365
sta7 2015 9 10 253 9.2 25.9 19.9 3.1 0.2 -999.9 -999.9 365
sta7 2015 9 11 254 10.3 21.1 11.8 2.5 2 -999.9 -999.9 365
sta7 2015 9 12 255 12.9 19.5 16.2 3.3 0 -999.9 -999.9 365
sta7 2015 9 13 256 9 16.5 8.3 1.7 10.4 -999.9 -999.9 365
sta7 2015 9 14 257 11.9 16.8 15.1 3.4 1.8 -999.9 -999.9 365
sta7 2015 9 15 258 7.4 17.5 11.1 2 24 -999.9 -999.9 365
sta7 2015 9 16 259 13.5 19.2 10.8 2.3 8.1 -999.9 -999.9 365
sta7 2015 9 17 260 11.3 18.1 14 2.7 14.5 -999.9 -999.9 365
sta7 2015 9 18 261 11.8 19.3 11.7 2.6 2.8 -999.9 -999.9 365
sta7 2015 9 19 262 8.8 20.7 15.1 2.3 0.2 -999.9 -999.9 365
sta7 2015 9 20 263 9 20.9 15.9 2 0.2 -999.9 -999.9 365
sta7 2015 9 21 264 6.1 16.5 7.7 1.4 7.3 -999.9 -999.9 365
sta7 2015 9 22 265 11.8 16 12.9 2.8 0.6 -999.9 -999.9 365
sta7 2015 9 23 266 4.5 18.3 16.3 1.8 1.2 -999.9 -999.9 365
sta7 2015 9 24 267 11.8 19.7 9.7 2.2 0.2 -999.9 -999.9 365
sta7 2015 9 25 268 5.1 18.7 14 1.9 0.2 -999.9 -999.9 365
sta7 2015 9 26 269 6.4 18.5 16 2.4 0.4 -999.9 -999.9 365
sta7 2015 9 27 270 6.7 19.3 16.5 2.7 0 -999.9 -999.9 365
sta7 2015 9 28 271 8.4 20.6 17.1 3.4 0 -999.9 -999.9 365
sta7 2015 9 29 272 8.3 19.3 16.9 3.9 0 -999.9 -999.9 365
sta7 2015 9 30 273 8.2 19.2 16.1 3.2 0 -999.9 -999.9 365
sta7 2015 10 1 274 6.6 17.7 15.8 2.8 0.2 -999.9 -999.9 365
sta7 2015 10 2 275 4.8 18.8 14.7 2.1 0 -999.9 -999.9 365
sta7 2015 10 3 276 9.4 19.5 9.2 1.6 0.2 -999.9 -999.9 365
sta7 2015 10 4 277 5.9 17.2 3.2 0.8 8.2 -999.9 -999.9 365
sta7 2015 10 5 278 11.9 18.5 4.1 0.7 1.2 -999.9 -999.9 365
sta7 2015 10 6 279 13.1 18.3 7.8 2.4 1.2 -999.9 -999.9 365
sta7 2015 10 7 280 11.5 16.4 9.8 2.3 0 -999.9 -999.9 365
sta7 2015 10 8 281 8.9 17.9 10.9 1.6 0 -999.9 -999.9 365
sta7 2015 10 9 282 6.2 16.7 12.3 1.8 0 -999.9 -999.9 365
sta7 2015 10 10 283 5.5 17 11.5 1.7 0 -999.9 -999.9 365
sta7 2015 10 11 284 9.8 17.2 10.9 2.1 0 -999.9 -999.9 365
sta7 2015 10 12 285 9.2 16.8 11.1 2.3 0 -999.9 -999.9 365
sta7 2015 10 13 286 5.1 14.2 9.1 2 0 -999.9 -999.9 365
sta7 2015 10 14 287 3.7 14.5 9.1 2.1 0.8 -999.9 -999.9 365
sta7 2015 10 15 288 4.8 14.1 7.7 1.5 0.2 -999.9 -999.9 365
sta7 2015 10 16 289 0 14.9 6.8 0.8 0 -999.9 -999.9 365
sta7 2015 10 17 290 10.4 15.8 6 1.8 0.2 -999.9 -999.9 365
sta7 2015 10 18 291 5.8 16.5 8.2 1.5 0 -999.9 -999.9 365
sta7 2015 10 19 292 4.6 15.7 11 1.4 0 -999.9 -999.9 365
sta7 2015 10 20 293 10.2 14 5.9 1.7 0 -999.9 -999.9 365
sta7 2015 10 21 294 3.3 13.1 3.7 0.5 0 -999.9 -999.9 365
sta7 2015 10 22 295 11.6 15.6 4 1.4 0 -999.9 -999.9 365
sta7 2015 10 23 296 9.7 14.3 5 1.4 0 -999.9 -999.9 365
sta7 2015 10 24 297 9.9 17 5.5 1.7 0 -999.9 -999.9 365
sta7 2015 10 25 298 2.6 14.7 11.1 1.2 0 -999.9 -999.9 365
sta7 2015 10 26 299 7.9 19.4 7.8 0.9 1.6 -999.9 -999.9 365
sta7 2015 10 27 300 10.9 14.2 2.8 0.9 4.6 -999.9 -999.9 365
sta7 2015 10 28 301 7.2 16.1 7.4 1.1 4.6 -999.9 -999.9 365
sta7 2015 10 29 302 11.2 15.8 3.9 0.8 3.2 -999.9 -999.9 365
sta7 2015 10 30 303 13.5 16.7 3.7 1.7 0 -999.9 -999.9 365
sta7 2015 10 31 304 10 19.1 9.5 1.7 0 -999.9 -999.9 365
sta7 2015 11 1 305 8.1 20.2 10 2 0.2 -999.9 -999.9 365
sta7 2015 11 2 306 6.6 18 9.7 2 0.2 -999.9 -999.9 365
sta7 2015 11 3 307 11.9 17.4 5.1 1.5 3 -999.9 -999.9 365
sta7 2015 11 4 308 10.2 16 4.8 0.9 0.8 -999.9 -999.9 365
sta7 2015 11 5 309 13.7 16.6 1.9 0.8 13.7 -999.9 -999.9 365
sta7 2015 11 6 310 13.6 16.9 1.8 0.6 24.8 -999.9 -999.9 365
sta7 2015 11 7 311 14.5 18.6 4.7 1.5 0 -999.9 -999.9 365
sta7 2015 11 8 312 11.3 16.4 4.8 0.6 0 -999.9 -999.9 365
sta7 2015 11 9 313 9.9 16 7.8 1.4 0.4 -999.9 -999.9 365
sta7 2015 11 10 314 9.2 16.4 6.8 1.2 0.2 -999.9 -999.9 365
sta7 2015 11 11 315 10.2 16.5 4.6 0.8 0.2 -999.9 -999.9 365
sta7 2015 11 12 316 10.5 16.3 4.1 0.7 0.8 -999.9 -999.9 365
sta7 2015 11 13 317 10.5 15.3 6.1 1.7 0.2 -999.9 -999.9 365
sta7 2015 11 14 318 3.2 14.5 5.1 1.1 0 -999.9 -999.9 365
sta7 2015 11 15 319 12.1 14.7 5 1.9 0 -999.9 -999.9 365
sta7 2015 11 16 320 12.2 15.7 2.7 1.1 9.9 -999.9 -999.9 365
sta7 2015 11 17 321 14.1 16.1 1.6 1.2 4.4 -999.9 -999.9 365
sta7 2015 11 18 322 10.1 16.8 5.2 1.3 0 -999.9 -999.9 365
sta7 2015 11 19 323 13.1 15.7 2.2 1 6.6 -999.9 -999.9 365
sta7 2015 11 20 324 9.1 15.4 0.8 0.8 11.9 -999.9 -999.9 365
sta7 2015 11 21 325 3.2 9.4 5.1 1.7 1.2 -999.9 -999.9 365
sta7 2015 11 22 326 0.4 10.1 6.4 0.7 0.4 -999.9 -999.9 365
sta7 2015 11 23 327 1.1 9.6 6.6 0.8 0.6 -999.9 -999.9 365
sta7 2015 11 24 328 3.5 12.4 2.6 0.5 1.2 -999.9 -999.9 365
sta7 2015 11 25 329 9 13 3.2 1 1.6 -999.9 -999.9 365
sta7 2015 11 26 330 8.5 12.1 2.3 0.6 0.8 -999.9 -999.9 365
sta7 2015 11 27 331 8.9 12.3 2.6 0.8 2.4 -999.9 -999.9 365
sta7 2015 11 28 332 1.4 11.7 3.9 1.1 1.6 -999.9 -999.9 365
sta7 2015 11 29 333 9.3 13.7 2.6 1.6 0.4 -999.9 -999.9 365
sta7 2015 11 30 334 10.8 13.6 2.1 1.6 0 -999.9 -999.9 365
sta7 2015 12 1 335 11.5 12.9 1.7 1.5 0 -999.9 -999.9 365
sta7 2015 12 2 336 10.3 12.6 1.8 1.3 0.4 -999.9 -999.9 365
sta7 2015 12 3 337 10.2 13.4 2.6 0.9 5.2 -999.9 -999.9 365
sta7 2015 12 4 338 4.1 12.5 5.6 1.1 0 -999.9 -999.9 365
sta7 2015 12 5 339 6.5 12.3 3.1 1.2 0 -999.9 -999.9 365
sta7 2015 12 6 340 10.2 13.9 2.5 0.9 1.8 -999.9 -999.9 365
sta7 2015 12 7 341 9.3 13.5 3.9 0.8 7.3 -999.9 -999.9 365
sta7 2015 12 8 342 8.6 13.7 4 1.2 3.4 -999.9 -999.9 365
sta7 2015 12 9 343 0.6 12.7 5.3 0.7 0.2 -999.9 -999.9 365
sta7 2015 12 10 344 6.7 11.8 3.6 1.2 0.2 -999.9 -999.9 365
sta7 2015 12 11 345 7.6 13.7 4.3 0.9 0 -999.9 -999.9 365
sta7 2015 12 12 346 9 14 4.7 1 0 -999.9 -999.9 365
sta7 2015 12 13 347 6.3 9.7 2.4 0.4 0 -999.9 -999.9 365
sta7 2015 12 14 348 5.8 12.7 2.1 0.4 8.9 -999.9 -999.9 365
sta7 2015 12 15 349 10.8 15 0.5 0.7 14.1 -999.9 -999.9 365
sta7 2015 12 16 350 12.7 14.4 1.2 1 1 -999.9 -999.9 365
sta7 2015 12 17 351 11.6 14.2 1.8 1.1 2.2 -999.9 -999.9 365
sta7 2015 12 18 352 9.9 14.7 3.2 0.5 0.4 -999.9 -999.9 365
sta7 2015 12 19 353 12 15.7 3.7 1.7 0 -999.9 -999.9 365
sta7 2015 12 20 354 10.1 13.5 2.3 1.4 1 -999.9 -999.9 365
sta7 2015 12 21 355 8.1 13.5 2.3 0.9 9.7 -999.9 -999.9 365
sta7 2015 12 22 356 12.2 13.4 1.3 1 7.4 -999.9 -999.9 365
sta7 2015 12 23 357 9.4 13.3 4.6 1.2 2 -999.9 -999.9 365
sta7 2015 12 24 358 7.5 12.8 2.2 1.4 10.5 -999.9 -999.9 365
sta7 2015 12 25 359 6.5 14.7 2.3 0.2 2.8 -999.9 -999.9 365
sta7 2015 12 26 360 10.5 14.3 4.6 1.1 0.2 -999.9 -999.9 365
sta7 2015 12 27 361 10.3 15.1 3 1.5 0.2 -999.9 -999.9 365
sta7 2015 12 28 362 8.9 14.2 3.2 1.5 6.6 -999.9 -999.9 365
sta7 2015 12 29 363 6.6 12.9 4.7 1.2 0.4 -999.9 -999.9 365
sta7 2015 12 30 364 11.5 12.7 2.5 1.8 6.1 -999.9 -999.9 365
sta7 2015 12 31 365 6 12.1 4.2 1.8 3.2 -999.9 -999.9 365
