sta7 2012 1 1 1 11.3 12.9 1.3 0.5 13.7 -999.9 -999.9 365
sta7 2012 1 2 2 5.5 11.1 5 1.2 2.6 -999.9 -999.9 365
sta7 2012 1 3 3 4.8 13.3 1.1 0.5 7.5 -999.9 -999.9 365
sta7 2012 1 4 4 4.5 10.9 3.9 1.1 0 -999.9 -999.9 365
sta7 2012 1 5 5 9.7 12.9 1.7 1.6 0.6 -999.9 -999.9 365
sta7 2012 1 6 6 3.6 11.1 4.2 0.6 0 -999.9 -999.9 365
sta7 2012 1 7 7 8.4 12.3 2.4 0.8 0.4 -999.9 -999.9 365
sta7 2012 1 8 8 8 10.5 2 0.9 0 -999.9 -999.9 365
sta7 2012 1 9 9 8.8 12.9 3.4 0.7 0.2 -999.9 -999.9 365
sta7 2012 1 10 10 3.4 11.6 2.4 0.9 0 -999.9 -999.9 365
sta7 2012 1 11 11 6.1 10.2 2.5 1.1 0 -999.9 -999.9 365
sta7 2012 1 12 12 2.1 11.7 4.9 0.6 0.4 -999.9 -999.9 365
sta7 2012 1 13 13 4.6 9.9 4.7 0.8 0 -999.9 -999.9 365
sta7 2012 1 14 14 0.1 6.5 6.3 0.9 0.2 -999.9 -999.9 365
sta7 2012 1 15 15 -2.1 1.8 5 0.7 0 -999.9 -999.9 365
sta7 2012 1 16 16 -4.3 3.9 6.5 0.7 0.2 -999.9 -999.9 365
sta7 2012 1 17 17 -5 3.4 3.9 0.4 0.2 -999.9 -999.9 365
sta7 2012 1 18 18 -0.8 12 2.2 0.1 1 -999.9 -999.9 365
sta7 2012 1 19 19 11 12.9 2.1 0.9 0.8 -999.9 -999.9 365
sta7 2012 1 20 20 5.8 11.9 3.6 1 0 -999.9 -999.9 365
sta7 2012 1 21 21 7.8 12.7 2.1 0.3 0 -999.9 -999.9 365
sta7 2012 1 22 22 8.4 11.6 2.7 1 0 -999.9 -999.9 365
sta7 2012 1 23 23 7.6 10.8 2.5 0.9 0 -999.9 -999.9 365
sta7 2012 1 24 24 7.4 11.7 3 0.4 0.4 -999.9 -999.9 365
sta7 2012 1 25 25 8.6 10.4 2.2 0.9 3.2 -999.9 -999.9 365
sta7 2012 1 26 26 4.9 10.4 7.3 1.2 0.2 -999.9 -999.9 365
sta7 2012 1 27 27 -2.1 10.9 7.1 0.7 1 -999.9 -999.9 365
sta7 2012 1 28 28 1.2 7.5 5.4 0.9 0.4 -999.9 -999.9 365
sta7 2012 1 29 29 -1 7.5 5.9 0.8 5 -999.9 -999.9 365
sta7 2012 1 30 30 3.5 8.7 2.5 0.5 6.9 -999.9 -999.9 365
sta7 2012 1 31 31 0.7 3.1 3.6 0.7 0.2 -999.9 -999.9 365
sta7 2012 2 1 32 -3.5 0.9 6.5 1 0 -999.9 -999.9 365
sta7 2012 2 2 33 -3.6 3 8.8 1.8 0 -999.9 -999.9 365
sta7 2012 2 3 34 -4.8 2.8 8.4 1.1 0 -999.9 -999.9 365
sta7 2012 2 4 35 -7.4 6.5 6.5 0.7 8.1 -999.9 -999.9 365
sta7 2012 2 5 36 0.7 7.9 6.1 0.8 0.2 -999.9 -999.9 365
sta7 2012 2 6 37 1.5 4.7 2.6 0.3 1 -999.9 -999.9 365
sta7 2012 2 7 38 0.7 5.4 9.3 1 0 -999.9 -999.9 365
sta7 2012 2 8 39 -3.1 0.5 2.7 0.7 0 -999.9 -999.9 365
sta7 2012 2 9 40 -6.4 2 3.4 0.5 0 -999.9 -999.9 365
sta7 2012 2 10 41 -2.4 1.7 5.8 1.1 0 -999.9 -999.9 365
sta7 2012 2 11 42 -8.4 2.2 10.3 0.8 0 -999.9 -999.9 365
sta7 2012 2 12 43 -4.3 6.8 7.5 0.4 0.2 -999.9 -999.9 365
sta7 2012 2 13 44 3.1 7.1 3.7 0.6 0.8 -999.9 -999.9 365
sta7 2012 2 14 45 4.6 8.6 7.3 1.3 0.2 -999.9 -999.9 365
sta7 2012 2 15 46 4.5 9.5 3.7 1.1 0 -999.9 -999.9 365
sta7 2012 2 16 47 2.6 9.5 3.1 1.1 0 -999.9 -999.9 365
sta7 2012 2 17 48 5.1 10.9 3.9 0.5 0.6 -999.9 -999.9 365
sta7 2012 2 18 49 6.9 10.5 5.5 1 2.8 -999.9 -999.9 365
sta7 2012 2 19 50 1.3 9.5 10 1.4 0 -999.9 -999.9 365
sta7 2012 2 20 51 -1.8 9.5 9.2 1.1 0.2 -999.9 -999.9 365
sta7 2012 2 21 52 -1.4 9.9 10 1.3 0 -999.9 -999.9 365
sta7 2012 2 22 53 -3.8 10.3 8.1 0.7 2.2 -999.9 -999.9 365
sta7 2012 2 23 54 6.7 13.2 3.5 0.3 0.2 -999.9 -999.9 365
sta7 2012 2 24 55 9.2 11.1 3.9 0.4 0.2 -999.9 -999.9 365
sta7 2012 2 25 56 8.9 13.4 5.6 0.9 0 -999.9 -999.9 365
sta7 2012 2 26 57 7.2 13.7 10.9 1.4 0.2 -999.9 -999.9 365
sta7 2012 2 27 58 3.1 13.5 7.2 0.9 0 -999.9 -999.9 365
sta7 2012 2 28 59 3.9 15.2 9.3 1.2 0.2 -999.9 -999.9 365
sta7 2012 2 29 60 0.4 16.9 13.4 1.2 0.2 -999.9 -999.9 365
sta7 2012 3 1 61 -0.3 15.2 11.3 1 0.2 -999.9 -999.9 365
sta7 2012 3 2 62 6.5 11.9 5.1 0.8 0.2 -999.9 -999.9 365
sta7 2012 3 3 63 7.1 14.3 10.5 1.5 2 -999.9 -999.9 365
sta7 2012 3 4 64 6.5 10.4 7.7 1.6 6.7 -999.9 -999.9 365
sta7 2012 3 5 65 1.1 11.1 12 1.7 1 -999.9 -999.9 365
sta7 2012 3 6 66 0.1 11.2 11.9 1.6 0 -999.9 -999.9 365
sta7 2012 3 7 67 1 12.6 5.2 1.2 2 -999.9 -999.9 365
sta7 2012 3 8 68 1.6 12.2 9.7 1.5 0 -999.9 -999.9 365
sta7 2012 3 9 69 -0.3 13.7 11.5 1.3 0 -999.9 -999.9 365
sta7 2012 3 10 70 5.6 12.6 7.8 1.5 0 -999.9 -999.9 365
sta7 2012 3 11 71 5.2 14.1 9 1.1 0 -999.9 -999.9 365
sta7 2012 3 12 72 2.7 16.6 14.7 1.5 0 -999.9 -999.9 365
sta7 2012 3 13 73 4.3 16.6 13.8 1.6 0.2 -999.9 -999.9 365
sta7 2012 3 14 74 4.5 19.4 14.2 1.9 0.2 -999.9 -999.9 365
sta7 2012 3 15 75 2.2 16.5 12.5 1.4 0.2 -999.9 -999.9 365
sta7 2012 3 16 76 3.8 13.1 8.3 1.5 0 -999.9 -999.9 365
sta7 2012 3 17 77 7.2 10.9 4.3 1.1 11.2 -999.9 -999.9 365
sta7 2012 3 18 78 1.3 10.1 9 1 2 -999.9 -999.9 365
sta7 2012 3 19 79 2.2 13 15.9 1.8 0.2 -999.9 -999.9 365
sta7 2012 3 20 80 -1.8 14 14.5 1.5 0.2 -999.9 -999.9 365
sta7 2012 3 21 81 3.7 11.1 8.2 1.4 1.4 -999.9 -999.9 365
sta7 2012 3 22 82 8.8 15.1 9.2 2 0.6 -999.9 -999.9 365
sta7 2012 3 23 83 0.9 18.9 16.2 2.1 0 -999.9 -999.9 365
sta7 2012 3 24 84 9.4 21.5 18.2 3.5 0 -999.9 -999.9 365
sta7 2012 3 25 85 5.9 20.7 17.4 2.6 0.2 -999.9 -999.9 365
sta7 2012 3 26 86 6.4 21.3 18 3.5 0 -999.9 -999.9 365
sta7 2012 3 27 87 6.7 21.1 19.7 3.5 0 -999.9 -999.9 365
sta7 2012 3 28 88 5.4 20.7 19 2.9 0 -999.9 -999.9 365
sta7 2012 3 29 89 5.6 20.8 19.9 3.4 0 -999.9 -999.9 365
sta7 2012 3 30 90 4 20.3 19.6 3.1 0.2 -999.9 -999.9 365
sta7 2012 3 31 91 4.1 17 15.7 2.3 0 -999.9 -999.9 365
sta7 2012 4 1 92 3 12.8 21.1 3 0.2 -999.9 -999.9 365
sta7 2012 4 2 93 1.2 15.7 21 2.4 0.2 -999.9 -999.9 365
sta7 2012 4 3 94 0.7 13 12.7 1.4 0.2 -999.9 -999.9 365
sta7 2012 4 4 95 3.3 12.5 16.9 2.1 0 -999.9 -999.9 365
sta7 2012 4 5 96 -2.4 16.4 16.8 2.2 0.2 -999.9 -999.9 365
sta7 2012 4 6 97 4.6 12.3 18 3 0 -999.9 -999.9 365
sta7 2012 4 7 98 2 14.1 10 1.1 0 -999.9 -999.9 365
sta7 2012 4 8 99 7.4 15.7 13.7 2 0 -999.9 -999.9 365
sta7 2012 4 9 100 8.9 12.3 6.9 1.5 19.8 -999.9 -999.9 365
sta7 2012 4 10 101 7 13.5 17.2 2.5 1 -999.9 -999.9 365
sta7 2012 4 11 102 3.7 13.2 18.9 2.2 0.2 -999.9 -999.9 365
sta7 2012 4 12 103 0.1 15.2 16.6 1.8 0.6 -999.9 -999.9 365
sta7 2012 4 13 104 3.6 13.7 15.7 1.8 0 -999.9 -999.9 365
sta7 2012 4 14 105 3.4 12.8 14.2 1.8 1.6 -999.9 -999.9 365
sta7 2012 4 15 106 5.5 10.3 17.2 3.1 0 -999.9 -999.9 365
sta7 2012 4 16 107 -0.3 13 20.1 2.5 0.4 -999.9 -999.9 365
sta7 2012 4 17 108 5.1 13.9 16.4 2.6 10.3 -999.9 -999.9 365
sta7 2012 4 18 109 5.6 12.5 12.9 2.2 9.2 -999.9 -999.9 365
sta7 2012 4 19 110 4 13.1 17.1 2.2 2.2 -999.9 -999.9 365
sta7 2012 4 20 111 2.9 12.6 17.5 2.1 7.1 -999.9 -999.9 365
sta7 2012 4 21 112 5.2 13 17.3 2.4 3.2 -999.9 -999.9 365
sta7 2012 4 22 113 4.1 12.8 18.7 2.4 11.1 -999.9 -999.9 365
sta7 2012 4 23 114 5.2 11.6 11.9 1.6 13.3 -999.9 -999.9 365
sta7 2012 4 24 115 6.8 14 18.7 2.8 28.6 -999.9 -999.9 365
sta7 2012 4 25 116 7.1 12.7 15.9 2.2 9.2 -999.9 -999.9 365
sta7 2012 4 26 117 8.3 14.1 21.9 3.2 0.8 -999.9 -999.9 365
sta7 2012 4 27 118 7.3 14.8 17.2 2.6 0 -999.9 -999.9 365
sta7 2012 4 28 119 7.4 12.6 6.9 1.5 9.9 -999.9 -999.9 365
sta7 2012 4 29 120 7.1 8.5 5.8 1.1 13.4 -999.9 -999.9 365
sta7 2012 4 30 121 6.6 12.3 13.5 2.6 1.6 -999.9 -999.9 365
sta7 2012 5 1 122 6.3 15.5 20.2 2.7 0.6 -999.9 -999.9 365
sta7 2012 5 2 123 4.8 20.9 25.8 3.5 0 -999.9 -999.9 365
sta7 2012 5 3 124 6.3 21.4 25.1 3.6 0 -999.9 -999.9 365
sta7 2012 5 4 125 8.6 16.5 10.2 1.6 1.4 -999.9 -999.9 365
sta7 2012 5 5 126 3.8 15.5 13.2 2.2 0.6 -999.9 -999.9 365
sta7 2012 5 6 127 7.8 14.1 15.5 2.3 0 -999.9 -999.9 365
sta7 2012 5 7 128 5.4 16.1 17.5 2.3 2.8 -999.9 -999.9 365
sta7 2012 5 8 129 11.5 18.7 14.5 2.4 1.6 -999.9 -999.9 365
sta7 2012 5 9 130 12.7 16.4 9.3 1.8 15.7 -999.9 -999.9 365
sta7 2012 5 10 131 13.8 20.9 10 2.7 1 -999.9 -999.9 365
sta7 2012 5 11 132 12 15.5 14.3 3.2 0.4 -999.9 -999.9 365
sta7 2012 5 12 133 8.2 15.3 27.9 4.5 0 -999.9 -999.9 365
sta7 2012 5 13 134 3.8 16.9 29 3.9 0.2 -999.9 -999.9 365
sta7 2012 5 14 135 1.7 19.3 26.6 3.1 0 -999.9 -999.9 365
sta7 2012 5 15 136 5.1 13.7 24.1 3.4 0.6 -999.9 -999.9 365
sta7 2012 5 16 137 1.5 16.8 28 3.3 0 -999.9 -999.9 365
sta7 2012 5 17 138 8.7 16.6 18.8 4.3 1 -999.9 -999.9 365
sta7 2012 5 18 139 11.2 14.4 11.8 2.4 0.8 -999.9 -999.9 365
sta7 2012 5 19 140 5.3 11.9 7.3 1.1 4.6 -999.9 -999.9 365
sta7 2012 5 20 141 8 11.7 4.2 1 11.9 -999.9 -999.9 365
sta7 2012 5 21 142 9.6 17.6 15.9 2.8 0 -999.9 -999.9 365
sta7 2012 5 22 143 7.1 21.1 19.5 2.8 0.2 -999.9 -999.9 365
sta7 2012 5 23 144 6.1 24 27.1 3.1 0.2 -999.9 -999.9 365
sta7 2012 5 24 145 7.7 25.2 27.8 3.7 0.2 -999.9 -999.9 365
sta7 2012 5 25 146 14.3 28.6 26.9 5.6 0 -999.9 -999.9 365
sta7 2012 5 26 147 16.1 22.8 19.2 4.6 0 -999.9 -999.9 365
sta7 2012 5 27 148 9.5 22.3 24.8 3.9 0 -999.9 -999.9 365
sta7 2012 5 28 149 7.7 23.1 24.8 3.6 0.2 -999.9 -999.9 365
sta7 2012 5 29 150 10.2 25.8 27.9 4.3 0 -999.9 -999.9 365
sta7 2012 5 30 151 11 22.3 16.5 3 0.2 -999.9 -999.9 365
sta7 2012 5 31 152 10.4 23.9 25.2 3.5 0 -999.9 -999.9 365
sta7 2012 6 1 153 11.3 25.1 26.9 4.3 0.2 -999.9 -999.9 365
sta7 2012 6 2 154 13.8 25.4 15.2 3.7 0.4 -999.9 -999.9 365
sta7 2012 6 3 155 13.4 19 19 4.2 0 -999.9 -999.9 365
sta7 2012 6 4 156 11.7 17.8 15.2 3 0.2 -999.9 -999.9 365
sta7 2012 6 5 157 11.5 15.6 7.2 1.5 5.6 -999.9 -999.9 365
sta7 2012 6 6 158 11.9 17.4 15.5 3 5.2 -999.9 -999.9 365
sta7 2012 6 7 159 14 16.9 16.6 3.5 11.9 -999.9 -999.9 365
sta7 2012 6 8 160 12 17.1 25.2 4.4 0.2 -999.9 -999.9 365
sta7 2012 6 9 161 7.2 15.9 14 2.3 4.8 -999.9 -999.9 365
sta7 2012 6 10 162 12.1 17.7 10.3 2.2 1.2 -999.9 -999.9 365
sta7 2012 6 11 163 11.3 17.7 13.9 2.8 6.4 -999.9 -999.9 365
sta7 2012 6 12 164 8.2 19.4 17.8 3 2.8 -999.9 -999.9 365
sta7 2012 6 13 165 6.6 17.8 19.6 2.9 0.4 -999.9 -999.9 365
sta7 2012 6 14 166 8.8 18.3 10 2.2 1.4 -999.9 -999.9 365
sta7 2012 6 15 167 13 16.5 11 2.5 12 -999.9 -999.9 365
sta7 2012 6 16 168 11.1 17.1 25.4 4.5 0 -999.9 -999.9 365
sta7 2012 6 17 169 9.9 18.1 17.1 3.5 16 -999.9 -999.9 365
sta7 2012 6 18 170 8.9 18.4 21.7 3.3 0.2 -999.9 -999.9 365
sta7 2012 6 19 171 6.5 22.4 26.1 3.4 0 -999.9 -999.9 365
sta7 2012 6 20 172 12.8 20.9 11.7 2.6 0.2 -999.9 -999.9 365
sta7 2012 6 21 173 13.2 16.6 16.8 3.2 7.9 -999.9 -999.9 365
sta7 2012 6 22 174 12.2 18.6 24.9 4.2 0.2 -999.9 -999.9 365
sta7 2012 6 23 175 8.1 19.4 25.9 4 0.4 -999.9 -999.9 365
sta7 2012 6 24 176 12 17.3 7.1 1.6 5.6 -999.9 -999.9 365
sta7 2012 6 25 177 14.6 18.2 8.3 1.3 0.6 -999.9 -999.9 365
sta7 2012 6 26 178 14.9 21.7 16.8 3.1 0.2 -999.9 -999.9 365
sta7 2012 6 27 179 13.6 26.7 14.9 3.1 0 -999.9 -999.9 365
sta7 2012 6 28 180 18.5 24.9 24.2 5.3 0 -999.9 -999.9 365
sta7 2012 6 29 181 13.7 20 23.3 4.4 1.8 -999.9 -999.9 365
sta7 2012 6 30 182 14 19.9 22.1 4.4 0 -999.9 -999.9 365
sta7 2012 7 1 183 9.8 19.7 23.5 3.6 0.6 -999.9 -999.9 365
sta7 2012 7 2 184 13 17.8 9 1.9 4.8 -999.9 -999.9 365
sta7 2012 7 3 185 15.1 17.9 9.7 2.3 4.4 -999.9 -999.9 365
sta7 2012 7 4 186 14.9 20.2 15.4 3.6 2.6 -999.9 -999.9 365
sta7 2012 7 5 187 13 19.5 17 3.1 3.6 -999.9 -999.9 365
sta7 2012 7 6 188 11.3 19.5 19.3 3 1.8 -999.9 -999.9 365
sta7 2012 7 7 189 12 19.1 11.5 2.8 1.8 -999.9 -999.9 365
sta7 2012 7 8 190 12.2 21.7 21.8 3.8 0 -999.9 -999.9 365
sta7 2012 7 9 191 11.4 20.4 15.7 3.1 0.2 -999.9 -999.9 365
sta7 2012 7 10 192 12.4 18.9 14.8 3.4 1.2 -999.9 -999.9 365
sta7 2012 7 11 193 10.7 19 20.6 3.3 0.4 -999.9 -999.9 365
sta7 2012 7 12 194 12 17.2 8.9 1.7 6 -999.9 -999.9 365
sta7 2012 7 13 195 12.7 16.2 9 2 8.5 -999.9 -999.9 365
sta7 2012 7 14 196 12 19.5 21.6 3.6 0.6 -999.9 -999.9 365
sta7 2012 7 15 197 10.5 19.6 21.9 3.7 0 -999.9 -999.9 365
sta7 2012 7 16 198 9.9 20.4 23.9 3.6 0 -999.9 -999.9 365
sta7 2012 7 17 199 14 23.5 19.3 3.8 0.2 -999.9 -999.9 365
sta7 2012 7 18 200 10.7 21.1 20.6 3.5 0.2 -999.9 -999.9 365
sta7 2012 7 19 201 12.2 19.8 16.8 3.3 0 -999.9 -999.9 365
sta7 2012 7 20 202 10.9 21.8 18.5 3.3 2.4 -999.9 -999.9 365
sta7 2012 7 21 203 8 23.6 26.2 3.7 0 -999.9 -999.9 365
sta7 2012 7 22 204 8.1 26.3 27.7 4 0 -999.9 -999.9 365
sta7 2012 7 23 205 10.9 28.2 28.1 5.1 0 -999.9 -999.9 365
sta7 2012 7 24 206 11.3 29 28.3 5.4 0 -999.9 -999.9 365
sta7 2012 7 25 207 12.2 29.7 27.9 5.6 0.2 -999.9 -999.9 365
sta7 2012 7 26 208 12.8 33 26 5.4 0.2 -999.9 -999.9 365
sta7 2012 7 27 209 17.3 28 21.8 5 0 -999.9 -999.9 365
sta7 2012 7 28 210 10.9 22 24.1 4.5 0.4 -999.9 -999.9 365
sta7 2012 7 29 211 8.8 20 18.9 2.9 4.2 -999.9 -999.9 365
sta7 2012 7 30 212 11.2 22.8 25.4 4.2 0 -999.9 -999.9 365
sta7 2012 7 31 213 14 22.8 21.3 4.5 0.2 -999.9 -999.9 365
sta7 2012 8 1 214 10.8 21.6 13 2.8 3.2 -999.9 -999.9 365
sta7 2012 8 2 215 12 21.4 21.7 3.8 2 -999.9 -999.9 365
sta7 2012 8 3 216 13.5 20.4 18.4 4.1 17.4 -999.9 -999.9 365
sta7 2012 8 4 217 13.2 21.3 16.7 3.6 2 -999.9 -999.9 365
sta7 2012 8 5 218 13 20.3 19.5 3.7 4.4 -999.9 -999.9 365
sta7 2012 8 6 219 11 20.6 19.6 3.8 0 -999.9 -999.9 365
sta7 2012 8 7 220 8.2 23 21.8 3.5 0.4 -999.9 -999.9 365
sta7 2012 8 8 221 9.9 26.8 26 4 0 -999.9 -999.9 365
sta7 2012 8 9 222 13.7 29.1 26.1 5 0 -999.9 -999.9 365
sta7 2012 8 10 223 15 29.1 25.8 5.6 0 -999.9 -999.9 365
sta7 2012 8 11 224 13.8 29 21.7 5.1 0.2 -999.9 -999.9 365
sta7 2012 8 12 225 15.7 23.2 17.1 3.8 0 -999.9 -999.9 365
sta7 2012 8 13 226 16.9 21 11.2 2.7 18.1 -999.9 -999.9 365
sta7 2012 8 14 227 16.5 24.5 12.4 3 6.6 -999.9 -999.9 365
sta7 2012 8 15 228 16.3 21.1 18.3 4.5 0.6 -999.9 -999.9 365
sta7 2012 8 16 229 14.8 21.8 11 3.1 0 -999.9 -999.9 365
sta7 2012 8 17 230 16.8 30.8 23.6 6.5 0.2 -999.9 -999.9 365
sta7 2012 8 18 231 12.7 29.6 21.6 4 0.2 -999.9 -999.9 365
sta7 2012 8 19 232 16.9 27.6 18.1 3.5 0 -999.9 -999.9 365
sta7 2012 8 20 233 16.9 27.5 17.8 3.6 0 -999.9 -999.9 365
sta7 2012 8 21 234 13.3 25.6 19.1 3.9 0.2 -999.9 -999.9 365
sta7 2012 8 22 235 9.3 24.2 22.9 3.3 0.2 -999.9 -999.9 365
sta7 2012 8 23 236 10.4 22.4 16.5 3 0.4 -999.9 -999.9 365
sta7 2012 8 24 237 11.6 19.4 9.1 2 7 -999.9 -999.9 365
sta7 2012 8 25 238 14.8 20 17.8 4 2.8 -999.9 -999.9 365
sta7 2012 8 26 239 11.6 21.8 18.2 3.2 0 -999.9 -999.9 365
sta7 2012 8 27 240 14.5 23.7 18.2 4.4 1.4 -999.9 -999.9 365
sta7 2012 8 28 241 11.8 21.9 20.5 3.7 0.4 -999.9 -999.9 365
sta7 2012 8 29 242 12.3 20.6 11.5 3.1 1.2 -999.9 -999.9 365
sta7 2012 8 30 243 12.4 20.8 17 3.8 0.4 -999.9 -999.9 365
sta7 2012 8 31 244 8.3 19.2 20.3 3.5 0 -999.9 -999.9 365
sta7 2012 9 1 245 8.8 19 8.6 1.8 0 -999.9 -999.9 365
sta7 2012 9 2 246 9.8 21.5 12.8 2 0 -999.9 -999.9 365
sta7 2012 9 3 247 10.5 20.1 8.5 1.6 0 -999.9 -999.9 365
sta7 2012 9 4 248 11.9 22.7 13.3 2.7 0.2 -999.9 -999.9 365
sta7 2012 9 5 249 13.9 22.7 14.1 3.2 0 -999.9 -999.9 365
sta7 2012 9 6 250 9.4 24 21.3 3.7 0.2 -999.9 -999.9 365
sta7 2012 9 7 251 6 25.9 19.8 3.4 0.4 -999.9 -999.9 365
sta7 2012 9 8 252 9.7 28.7 20.1 4.1 0 -999.9 -999.9 365
sta7 2012 9 9 253 7.6 20.1 11.7 2.1 0.4 -999.9 -999.9 365
sta7 2012 9 10 254 16.2 22.8 16.1 3.6 10.9 -999.9 -999.9 365
sta7 2012 9 11 255 13.9 19.6 13.5 3.3 0.2 -999.9 -999.9 365
sta7 2012 9 12 256 10.5 19 11 2.3 1.2 -999.9 -999.9 365
sta7 2012 9 13 257 11.4 20.3 19.2 3.4 0 -999.9 -999.9 365
sta7 2012 9 14 258 6.2 18.1 7.1 1.5 0 -999.9 -999.9 365
sta7 2012 9 15 259 12.2 22.1 14.9 2.6 0.2 -999.9 -999.9 365
sta7 2012 9 16 260 7.1 22.9 13.9 2.1 0.2 -999.9 -999.9 365
sta7 2012 9 17 261 6.2 19.6 8 1.4 0.2 -999.9 -999.9 365
sta7 2012 9 18 262 10.9 19.2 12.2 2.9 0 -999.9 -999.9 365
sta7 2012 9 19 263 2.9 19.2 14.4 2.5 0.2 -999.9 -999.9 365
sta7 2012 9 20 264 3.5 19.3 15.9 2.5 0 -999.9 -999.9 365
sta7 2012 9 21 265 4.6 11 3.5 0.9 21.4 -999.9 -999.9 365
sta7 2012 9 22 266 6.8 16.2 7.9 1.7 2.2 -999.9 -999.9 365
sta7 2012 9 23 267 12.2 20.9 5.7 1.6 22.9 -999.9 -999.9 365
sta7 2012 9 24 268 11.6 17.3 8.5 2.3 8.9 -999.9 -999.9 365
sta7 2012 9 25 269 9.3 16.5 11.7 2.5 4.8 -999.9 -999.9 365
sta7 2012 9 26 270 7.5 17.4 11.4 2.3 2 -999.9 -999.9 365
sta7 2012 9 27 271 10.2 19.4 11.4 2.4 0.2 -999.9 -999.9 365
sta7 2012 9 28 272 3.9 17.9 12.8 1.8 0.2 -999.9 -999.9 365
sta7 2012 9 29 273 5.2 17.8 12.7 2.2 0 -999.9 -999.9 365
sta7 2012 9 30 274 2.4 18.8 15.4 1.7 0.2 -999.9 -999.9 365
sta7 2012 10 1 275 6.5 16.7 5.7 0.9 8.3 -999.9 -999.9 365
sta7 2012 10 2 276 10.5 17.9 10.1 1.6 8.1 -999.9 -999.9 365
sta7 2012 10 3 277 13.1 16.4 4.4 1.3 21.8 -999.9 -999.9 365
sta7 2012 10 4 278 11.6 17.8 11.3 1.9 0.2 -999.9 -999.9 365
sta7 2012 10 5 279 14.1 20.2 10.5 2.1 0 -999.9 -999.9 365
sta7 2012 10 6 280 14.8 17.5 2.9 0.8 8.5 -999.9 -999.9 365
sta7 2012 10 7 281 13.8 17.2 3.7 0.8 6 -999.9 -999.9 365
sta7 2012 10 8 282 15.4 18.9 3.5 0.8 7.6 -999.9 -999.9 365
sta7 2012 10 9 283 16.3 18.9 4.1 1 9.1 -999.9 -999.9 365
sta7 2012 10 10 284 15.7 18.5 6.2 1.3 23.2 -999.9 -999.9 365
sta7 2012 10 11 285 14.6 19.5 7 1.8 7.7 -999.9 -999.9 365
sta7 2012 10 12 286 7.3 15.8 11.2 1.8 7.3 -999.9 -999.9 365
sta7 2012 10 13 287 9.3 14.5 7.9 1.7 3.6 -999.9 -999.9 365
sta7 2012 10 14 288 7.2 13 8.9 1.5 0.2 -999.9 -999.9 365
sta7 2012 10 15 289 3.7 15.6 10.7 1.2 9.1 -999.9 -999.9 365
sta7 2012 10 16 290 8.1 16.4 10.4 1.7 23 -999.9 -999.9 365
sta7 2012 10 17 291 11.4 16.5 6.3 2 19.4 -999.9 -999.9 365
sta7 2012 10 18 292 11.5 15.7 4.5 1.6 4.2 -999.9 -999.9 365
sta7 2012 10 19 293 9.9 14.8 4.1 1 0 -999.9 -999.9 365
sta7 2012 10 20 294 8.3 12.9 3.8 0.6 0 -999.9 -999.9 365
sta7 2012 10 21 295 10.5 16 4.5 0.5 0 -999.9 -999.9 365
sta7 2012 10 22 296 13.3 15.7 2.4 0.6 0.6 -999.9 -999.9 365
sta7 2012 10 23 297 11.5 18.6 7.4 1.3 0 -999.9 -999.9 365
sta7 2012 10 24 298 11.3 16.4 4.6 1.2 0 -999.9 -999.9 365
sta7 2012 10 25 299 8.9 12.4 2.2 0.3 2.6 -999.9 -999.9 365
sta7 2012 10 26 300 10.3 12.8 1.6 1.2 0.4 -999.9 -999.9 365
sta7 2012 10 27 301 4.3 9.9 8.2 2.1 0.2 -999.9 -999.9 365
sta7 2012 10 28 302 0.6 11.9 7.2 1.2 0 -999.9 -999.9 365
sta7 2012 10 29 303 2.6 13.6 6.3 1.4 2.2 -999.9 -999.9 365
sta7 2012 10 30 304 4.1 15.4 8.3 0.9 0 -999.9 -999.9 365
sta7 2012 10 31 305 3.1 14 7.1 1 13.7 -999.9 -999.9 365
sta7 2012 11 1 306 5.7 11.3 6 1.3 6.8 -999.9 -999.9 365
sta7 2012 11 2 307 3.6 12.8 6.7 1.2 8.3 -999.9 -999.9 365
sta7 2012 11 3 308 5.3 13.3 7.2 1.4 6.2 -999.9 -999.9 365
sta7 2012 11 4 309 3.3 12.5 6.3 1.2 4.2 -999.9 -999.9 365
sta7 2012 11 5 310 4.5 13.1 7.5 1.5 6.2 -999.9 -999.9 365
sta7 2012 11 6 311 1.3 12.5 7.1 0.9 0.2 -999.9 -999.9 365
sta7 2012 11 7 312 1.9 13.3 4.9 1 0.2 -999.9 -999.9 365
sta7 2012 11 8 313 2.4 10.9 3.7 0.9 0.2 -999.9 -999.9 365
sta7 2012 11 9 314 0.6 10.4 4.8 0.4 6.9 -999.9 -999.9 365
sta7 2012 11 10 315 5.5 12 4.8 0.9 3.2 -999.9 -999.9 365
sta7 2012 11 11 316 -0.4 12.8 7.8 0.7 0.2 -999.9 -999.9 365
sta7 2012 11 12 317 2.4 12 2.7 0.3 2 -999.9 -999.9 365
sta7 2012 11 13 318 9.4 15 5.9 1 0.2 -999.9 -999.9 365
sta7 2012 11 14 319 4.6 9.5 6.1 0.8 0 -999.9 -999.9 365
sta7 2012 11 15 320 4.1 9.8 5.5 0.6 0 -999.9 -999.9 365
sta7 2012 11 16 321 5.9 15 5.8 0.5 0 -999.9 -999.9 365
sta7 2012 11 17 322 9.5 11.5 1.2 0.2 6 -999.9 -999.9 365
sta7 2012 11 18 323 4.2 11.4 6.3 0.9 0 -999.9 -999.9 365
sta7 2012 11 19 324 -0.2 12.9 3.8 0.3 3.6 -999.9 -999.9 365
sta7 2012 11 20 325 11.4 13.7 2.4 1.3 4.4 -999.9 -999.9 365
sta7 2012 11 21 326 7.6 12.7 4.9 1.3 0 -999.9 -999.9 365
sta7 2012 11 22 327 5.9 13.4 5.5 1.3 11.5 -999.9 -999.9 365
sta7 2012 11 23 328 8 10.1 1.8 0.5 11.3 -999.9 -999.9 365
sta7 2012 11 24 329 8 14.7 1.5 0.8 4.2 -999.9 -999.9 365
sta7 2012 11 25 330 7.1 13.4 5.2 1.7 5.9 -999.9 -999.9 365
sta7 2012 11 26 331 6.6 10.6 4.4 1.1 0.2 -999.9 -999.9 365
sta7 2012 11 27 332 5.1 9.1 3.8 0.8 0.4 -999.9 -999.9 365
sta7 2012 11 28 333 5.3 9.6 4.1 1.4 0.8 -999.9 -999.9 365
sta7 2012 11 29 334 2.7 7.9 5.5 1.2 0 -999.9 -999.9 365
sta7 2012 11 30 335 -2.4 8 5.3 0.7 0.2 -999.9 -999.9 365
sta7 2012 12 1 336 -1.6 10.1 5.5 0.6 0.4 -999.9 -999.9 365
sta7 2012 12 2 337 4.3 11.7 2.4 0.5 2.6 -999.9 -999.9 365
sta7 2012 12 3 338 7.1 12.1 1.6 0.7 7.6 -999.9 -999.9 365
sta7 2012 12 4 339 4.8 9.9 4.3 1.2 1.4 -999.9 -999.9 365
sta7 2012 12 5 340 3.2 9.9 3.9 1.1 0.6 -999.9 -999.9 365
sta7 2012 12 6 341 -2.8 9.4 4.5 0.7 11.1 -999.9 -999.9 365
sta7 2012 12 7 342 4.9 9.6 4 1.2 0.4 -999.9 -999.9 365
sta7 2012 12 8 343 5 9.1 3 1.2 0.2 -999.9 -999.9 365
sta7 2012 12 9 344 -1.4 8.7 3.1 0.5 0 -999.9 -999.9 365
sta7 2012 12 10 345 2.9 9.7 5.2 0.9 0 -999.9 -999.9 365
sta7 2012 12 11 346 -2.2 5.1 5 0.8 0.2 -999.9 -999.9 365
sta7 2012 12 12 347 -3.7 1.9 4.8 0.8 4 -999.9 -999.9 365
sta7 2012 12 13 348 -1.1 12.2 2.3 0.7 13 -999.9 -999.9 365
sta7 2012 12 14 349 5.7 13.1 2.2 0.4 11 -999.9 -999.9 365
sta7 2012 12 15 350 7.4 12.1 3.2 1.3 17.4 -999.9 -999.9 365
sta7 2012 12 16 351 7.2 11.4 2.9 1.1 3.8 -999.9 -999.9 365
sta7 2012 12 17 352 7.3 11.3 4.5 1.3 1.4 -999.9 -999.9 365
sta7 2012 12 18 353 5.1 9.7 3.2 0.8 10.7 -999.9 -999.9 365
sta7 2012 12 19 354 6.3 12.7 1 0.1 33.3 -999.9 -999.9 365
sta7 2012 12 20 355 9.2 11.5 2.3 0.9 4 -999.9 -999.9 365
sta7 2012 12 21 356 5.6 12.8 3.4 0.5 6 -999.9 -999.9 365
sta7 2012 12 22 357 8.9 14.3 1.4 0.3 1.3 -999.9 -999.9 365
sta7 2012 12 23 358 12.7 13.7 1 1.2 0.6 -999.9 -999.9 365
sta7 2012 12 24 359 10 14.1 1.9 1.5 9.9 -999.9 -999.9 365
sta7 2012 12 25 360 8.8 12.5 3.7 1.6 0.6 -999.9 -999.9 365
sta7 2012 12 26 361 7.7 12.2 2 1 12.3 -999.9 -999.9 365
sta7 2012 12 27 362 9.3 11.9 3.2 1.7 2.6 -999.9 -999.9 365
sta7 2012 12 28 363 8.8 12.6 1.9 0.5 1 -999.9 -999.9 365
sta7 2012 12 29 364 7.5 13 1.6 1.5 3.4 -999.9 -999.9 365
sta7 2012 12 30 365 6.8 11.7 4.1 1.2 0.8 -999.9 -999.9 365
sta7 2012 12 31 366 9.2 11.5 1.5 0.7 24.6 -999.9 -999.9 365
