sta8 2014 1 1 1 4.6 10.4 1.7 0.5 4.6 -999.9 -999.9 365
sta8 2014 1 2 2 8 11.1 4.5 0.3 0.4 -999.9 -999.9 365
sta8 2014 1 3 3 8.2 13.4 3.3 0.9 0 -999.9 -999.9 365
sta8 2014 1 4 4 6.3 13 3.9 0.7 1 -999.9 -999.9 365
sta8 2014 1 5 5 3.4 10.6 4.5 0.2 0.4 -999.9 -999.9 365
sta8 2014 1 6 6 7.6 12.7 1.5 0.5 2 -999.9 -999.9 365
sta8 2014 1 7 7 8.7 12.5 2.9 0.5 0.8 -999.9 -999.9 365
sta8 2014 1 8 8 8.8 14.3 4.7 0.1 0 -999.9 -999.9 365
sta8 2014 1 9 9 8.4 10.9 0.9 0.7 0.2 -999.9 -999.9 365
sta8 2014 1 10 10 3.9 6.7 1.7 0.1 0.4 -999.9 -999.9 365
sta8 2014 1 11 11 4.7 7.6 2.7 0.1 0.2 -999.9 -999.9 365
sta8 2014 1 12 12 0.6 8.5 2.1 0.1 0.2 -999.9 -999.9 365
sta8 2014 1 13 13 4.8 10.8 4 0.2 2 -999.9 -999.9 365
sta8 2014 1 14 14 3.3 7.3 4.6 0.2 1.2 -999.9 -999.9 365
sta8 2014 1 15 15 1 8.2 0.9 0 3.8 -999.9 -999.9 365
sta8 2014 1 16 16 6.7 10.3 3.1 0.6 3.8 -999.9 -999.9 365
sta8 2014 1 17 17 4.8 10.7 5.7 0.5 0 -999.9 -999.9 365
sta8 2014 1 18 18 1.8 11.3 5.4 0.2 2.8 -999.9 -999.9 365
sta8 2014 1 19 19 5.5 8.6 3.2 0.3 0.4 -999.9 -999.9 365
sta8 2014 1 20 20 4.5 8 3.6 0.3 0.2 -999.9 -999.9 365
sta8 2014 1 21 21 1 2.9 1.1 0.1 0 -999.9 -999.9 365
sta8 2014 1 22 22 -0.3 5.1 3 0.2 5.2 -999.9 -999.9 365
sta8 2014 1 23 23 3.5 7 3.2 0.2 1.2 -999.9 -999.9 365
sta8 2014 1 24 24 3.9 6.8 3.1 0.3 2.2 -999.9 -999.9 365
sta8 2014 1 25 25 2.5 9 2.9 0.5 0 -999.9 -999.9 365
sta8 2014 1 26 26 3.4 10 1.4 0.5 7.2 -999.9 -999.9 365
sta8 2014 1 27 27 2 7.3 4.2 0.6 0 -999.9 -999.9 365
sta8 2014 1 28 28 1.7 6.5 2.7 0.4 5.2 -999.9 -999.9 365
sta8 2014 1 29 29 3.3 5.6 2.1 0.4 1.2 -999.9 -999.9 365
sta8 2014 1 30 30 1.8 6.5 1.9 0.2 0 -999.9 -999.9 365
sta8 2014 1 31 31 -1.9 8.7 6.6 0.1 3.6 -999.9 -999.9 365
sta8 2014 2 1 32 5.6 8.8 4 0.8 3 -999.9 -999.9 365
sta8 2014 2 2 33 0.9 9.2 7.8 0.3 0.2 -999.9 -999.9 365
sta8 2014 2 3 34 -0.8 8.3 8.9 0.2 0.2 -999.9 -999.9 365
sta8 2014 2 4 35 3.3 9.9 7.4 0.9 1.2 -999.9 -999.9 365
sta8 2014 2 5 36 4.8 10.4 5.1 1.2 0.8 -999.9 -999.9 365
sta8 2014 2 6 37 4.8 13.3 2.7 1.5 1.8 -999.9 -999.9 365
sta8 2014 2 7 38 6.4 10.8 7.6 1.5 0.6 -999.9 -999.9 365
sta8 2014 2 8 39 6 9.8 3.1 1.5 2 -999.9 -999.9 365
sta8 2014 2 9 40 3.3 9 7.6 1.1 0 -999.9 -999.9 365
sta8 2014 2 10 41 3.3 8.7 5.7 0.7 0 -999.9 -999.9 365
sta8 2014 2 11 42 1.2 7.6 4.8 0.6 2.4 -999.9 -999.9 365
sta8 2014 2 12 43 1.1 9.3 8.1 0.7 3.4 -999.9 -999.9 365
sta8 2014 2 13 44 4.2 9.5 4.2 1.1 10.4 -999.9 -999.9 365
sta8 2014 2 14 45 2.2 13.6 3 0.9 3 -999.9 -999.9 365
sta8 2014 2 15 46 8 10.7 4.9 1.6 0.2 -999.9 -999.9 365
sta8 2014 2 16 47 3.7 11.2 8.2 0.8 0.6 -999.9 -999.9 365
sta8 2014 2 17 48 1.6 11.6 10.3 0.7 0 -999.9 -999.9 365
sta8 2014 2 18 49 2.5 9.3 4.1 0.6 1.2 -999.9 -999.9 365
sta8 2014 2 19 50 4.7 11 5.1 0.7 0.8 -999.9 -999.9 365
sta8 2014 2 20 51 7.5 10.5 2.2 0.6 3.8 -999.9 -999.9 365
sta8 2014 2 21 52 5.2 9.9 10 1.2 0 -999.9 -999.9 365
sta8 2014 2 22 53 2.6 9.9 4.8 0.6 8 -999.9 -999.9 365
sta8 2014 2 23 54 4.3 12.4 11.8 1 0.2 -999.9 -999.9 365
sta8 2014 2 24 55 2.2 14.9 10.7 1.2 0 -999.9 -999.9 365
sta8 2014 2 25 56 7.1 12.3 7 1.6 3.2 -999.9 -999.9 365
sta8 2014 2 26 57 2.3 10.4 8.2 0.8 0.2 -999.9 -999.9 365
sta8 2014 2 27 58 2.2 9.4 3.6 0.8 8.8 -999.9 -999.9 365
sta8 2014 2 28 59 4.2 8.7 5.3 0.9 6 -999.9 -999.9 365
sta8 2014 3 1 60 2.9 9.1 6.4 0.9 0 -999.9 -999.9 365
sta8 2014 3 2 61 -1.9 10.6 12.2 1.1 5.6 -999.9 -999.9 365
sta8 2014 3 3 62 3.7 9.5 8.1 1.2 4 -999.9 -999.9 365
sta8 2014 3 4 63 2.1 11.7 9.9 1 0.2 -999.9 -999.9 365
sta8 2014 3 5 64 -0.2 12.1 13.6 1.1 0 -999.9 -999.9 365
sta8 2014 3 6 65 -0.4 13.5 14.7 1.2 0.2 -999.9 -999.9 365
sta8 2014 3 7 66 -0.7 14.7 13.3 1.2 0 -999.9 -999.9 365
sta8 2014 3 8 67 1.6 17.8 15.3 1.8 0 -999.9 -999.9 365
sta8 2014 3 9 68 3.2 20.6 15.8 2.1 0 -999.9 -999.9 365
sta8 2014 3 10 69 2.4 19.4 15.4 2.1 0 -999.9 -999.9 365
sta8 2014 3 11 70 6.7 16.5 14.5 2.4 0 -999.9 -999.9 365
sta8 2014 3 12 71 4.4 16.9 15.5 2 0 -999.9 -999.9 365
sta8 2014 3 13 72 1.2 18.5 14.8 1.6 0 -999.9 -999.9 365
sta8 2014 3 14 73 3.8 19 14.7 1.8 0 -999.9 -999.9 365
sta8 2014 3 15 74 5.7 15.6 10.2 1.9 0 -999.9 -999.9 365
sta8 2014 3 16 75 4.1 18 16.8 2 0 -999.9 -999.9 365
sta8 2014 3 17 76 1.9 14.6 14 1.4 0 -999.9 -999.9 365
sta8 2014 3 18 77 3.1 13.4 6.6 1.1 0 -999.9 -999.9 365
sta8 2014 3 19 78 4.9 15.9 12.4 1.7 0 -999.9 -999.9 365
sta8 2014 3 20 79 2 21.1 17.9 2.6 0 -999.9 -999.9 365
sta8 2014 3 21 80 7.8 13.6 9.1 2.2 0.2 -999.9 -999.9 365
sta8 2014 3 22 81 7 13 11.5 2.6 2.2 -999.9 -999.9 365
sta8 2014 3 23 82 1.1 11.4 14.5 2 1.2 -999.9 -999.9 365
sta8 2014 3 24 83 -1.1 11.3 15.7 1.7 1.4 -999.9 -999.9 365
sta8 2014 3 25 84 3.9 7.1 6.3 1 4.4 -999.9 -999.9 365
sta8 2014 3 26 85 1.7 11.4 17.5 2.3 0 -999.9 -999.9 365
sta8 2014 3 27 86 -2 12 16.6 1.7 0 -999.9 -999.9 365
sta8 2014 3 28 87 1.4 16.1 18.4 2.8 0 -999.9 -999.9 365
sta8 2014 3 29 88 6.2 20.5 17.7 3.9 0 -999.9 -999.9 365
sta8 2014 3 30 89 6.9 19 9 2.2 0 -999.9 -999.9 365
sta8 2014 3 31 90 5.6 17.8 12.6 2.1 0 -999.9 -999.9 365
sta8 2014 4 1 91 6.8 20.8 16.6 2.7 0 -999.9 -999.9 365
sta8 2014 4 2 92 7.2 20.7 14.6 2.9 0 -999.9 -999.9 365
sta8 2014 4 3 93 11.7 18 7.4 2.2 0.6 -999.9 -999.9 365
sta8 2014 4 4 94 11.1 13.7 4.7 1.3 0 -999.9 -999.9 365
sta8 2014 4 5 95 5.3 18.1 20.2 2.7 0 -999.9 -999.9 365
sta8 2014 4 6 96 12.1 17.8 8.6 2 0.2 -999.9 -999.9 365
sta8 2014 4 7 97 9.5 23.8 16.5 3.6 0 -999.9 -999.9 365
sta8 2014 4 8 98 6.2 14.6 16.3 3 0 -999.9 -999.9 365
sta8 2014 4 9 99 1.6 16.5 21.8 2.6 0 -999.9 -999.9 365
sta8 2014 4 10 100 2.1 20.6 22.2 3.2 0 -999.9 -999.9 365
sta8 2014 4 11 101 6.5 18.4 18.1 3.2 0.2 -999.9 -999.9 365
sta8 2014 4 12 102 5.2 17.7 19.9 3 0 -999.9 -999.9 365
sta8 2014 4 13 103 5.5 15.5 14.7 2.4 0 -999.9 -999.9 365
sta8 2014 4 14 104 3.8 16.6 21.1 3.2 0 -999.9 -999.9 365
sta8 2014 4 15 105 2.1 14.2 23.8 3.4 0 -999.9 -999.9 365
sta8 2014 4 16 106 1.1 15.8 23.8 3.6 0 -999.9 -999.9 365
sta8 2014 4 17 107 1.1 20.2 24.1 3.4 0.2 -999.9 -999.9 365
sta8 2014 4 18 108 9.5 15 16 3.6 0 -999.9 -999.9 365
sta8 2014 4 19 109 3.4 13.4 13.9 2.5 0 -999.9 -999.9 365
sta8 2014 4 20 110 6.8 16.7 18.3 3.2 0 -999.9 -999.9 365
sta8 2014 4 21 111 9.2 15 12.1 2.1 4 -999.9 -999.9 365
sta8 2014 4 22 112 8.3 19.1 17 2.8 10.4 -999.9 -999.9 365
sta8 2014 4 23 113 5.1 19 17.2 2.5 0.4 -999.9 -999.9 365
sta8 2014 4 24 114 11 19.6 17.1 3.1 8.4 -999.9 -999.9 365
sta8 2014 4 25 115 11.7 14.6 9 2 1.2 -999.9 -999.9 365
sta8 2014 4 26 116 6.7 12.5 6.6 1.4 3.8 -999.9 -999.9 365
sta8 2014 4 27 117 6 13.3 11.5 2 0.8 -999.9 -999.9 365
sta8 2014 4 28 118 6.6 15.6 14.7 2.4 0.2 -999.9 -999.9 365
sta8 2014 4 29 119 4.9 12.8 6.5 1.1 34.8 -999.9 -999.9 365
sta8 2014 4 30 120 9.1 16.8 17 2.7 0 -999.9 -999.9 365
sta8 2014 5 1 121 6.9 17 11.6 2.1 3.6 -999.9 -999.9 365
sta8 2014 5 2 122 9.5 16.4 11.7 2.7 0 -999.9 -999.9 365
sta8 2014 5 3 123 4.7 14.1 20.6 3.4 0 -999.9 -999.9 365
sta8 2014 5 4 124 3.9 16.4 26.3 3.7 0 -999.9 -999.9 365
sta8 2014 5 5 125 2.2 21.5 26.3 4 0.6 -999.9 -999.9 365
sta8 2014 5 6 126 11.3 20.8 15.8 3.8 0.4 -999.9 -999.9 365
sta8 2014 5 7 127 10.9 17 14.3 3 2.6 -999.9 -999.9 365
sta8 2014 5 8 128 9.6 15.7 10.6 2.3 0 -999.9 -999.9 365
sta8 2014 5 9 129 12.6 19.4 22.2 4.9 0 -999.9 -999.9 365
sta8 2014 5 10 130 10.2 16.2 8.1 2.4 2.6 -999.9 -999.9 365
sta8 2014 5 11 131 7.8 14.8 21.4 4 8.4 -999.9 -999.9 365
sta8 2014 5 12 132 6.3 14.5 16.5 3 0.6 -999.9 -999.9 365
sta8 2014 5 13 133 5.2 16 21.1 3.4 0.8 -999.9 -999.9 365
sta8 2014 5 14 134 4.4 18.2 23.1 3.7 0 -999.9 -999.9 365
sta8 2014 5 15 135 4.3 16 29 4.4 0 -999.9 -999.9 365
sta8 2014 5 16 136 4.6 18.6 28.2 4.6 0 -999.9 -999.9 365
sta8 2014 5 17 137 7.3 20.7 28 4.7 0 -999.9 -999.9 365
sta8 2014 5 18 138 7.7 22.8 28.3 4.6 0 -999.9 -999.9 365
sta8 2014 5 19 139 8.7 25.1 27.5 5.3 1 -999.9 -999.9 365
sta8 2014 5 20 140 11.4 18.1 9.1 2.1 8.4 -999.9 -999.9 365
sta8 2014 5 21 141 11.9 22.1 11.5 3 15.4 -999.9 -999.9 365
sta8 2014 5 22 142 8.6 20.7 20.8 4.1 1.4 -999.9 -999.9 365
sta8 2014 5 23 143 8 17.8 14.8 2.8 4.8 -999.9 -999.9 365
sta8 2014 5 24 144 6.9 16.8 17 3.1 2.4 -999.9 -999.9 365
sta8 2014 5 25 145 5.1 19.7 21.7 3.3 3.6 -999.9 -999.9 365
sta8 2014 5 26 146 12.4 17.6 13 2.5 0.6 -999.9 -999.9 365
sta8 2014 5 27 147 11.1 17.9 14.3 3.2 0.6 -999.9 -999.9 365
sta8 2014 5 28 148 8.9 16.2 16.4 2.8 0.8 -999.9 -999.9 365
sta8 2014 5 29 149 8.8 18.6 20.7 3.5 0 -999.9 -999.9 365
sta8 2014 5 30 150 8.6 20.8 19.7 3.4 0 -999.9 -999.9 365
sta8 2014 5 31 151 9.9 20.2 26.4 4.6 0 -999.9 -999.9 365
sta8 2014 6 1 152 7.8 18.5 20 3.5 0 -999.9 -999.9 365
sta8 2014 6 2 153 10.8 20.7 21.4 3.9 0 -999.9 -999.9 365
sta8 2014 6 3 154 9.8 20.1 18 3.4 3.4 -999.9 -999.9 365
sta8 2014 6 4 155 12.7 18.3 14.8 3.5 3.8 -999.9 -999.9 365
sta8 2014 6 5 156 6.4 19.4 27.6 4.3 0 -999.9 -999.9 365
sta8 2014 6 6 157 8.2 27.6 28.5 5.2 0 -999.9 -999.9 365
sta8 2014 6 7 158 15.4 27.3 21 4.6 7.8 -999.9 -999.9 365
sta8 2014 6 8 159 16.4 27.7 23.9 5 1 -999.9 -999.9 365
sta8 2014 6 9 160 15.9 25.3 14.6 3.3 25.4 -999.9 -999.9 365
sta8 2014 6 10 161 14.5 20.6 13.3 2.6 10.2 -999.9 -999.9 365
sta8 2014 6 11 162 15.7 24.2 28 5.5 0 -999.9 -999.9 365
sta8 2014 6 12 163 14 24.3 28.5 5.7 0 -999.9 -999.9 365
sta8 2014 6 13 164 12.6 24.2 29.6 5.7 0 -999.9 -999.9 365
sta8 2014 6 14 165 13.2 22.2 21 4.6 0 -999.9 -999.9 365
sta8 2014 6 15 166 10.6 20.7 26.4 5.2 0 -999.9 -999.9 365
sta8 2014 6 16 167 10.4 20.8 27 5.2 0 -999.9 -999.9 365
sta8 2014 6 17 168 11.8 19.2 19.9 4.2 0 -999.9 -999.9 365
sta8 2014 6 18 169 12.3 22.6 27.3 5.5 0 -999.9 -999.9 365
sta8 2014 6 19 170 11.7 22.2 24.2 4.6 0 -999.9 -999.9 365
sta8 2014 6 20 171 11.2 21.1 22.9 4.4 0 -999.9 -999.9 365
sta8 2014 6 21 172 9 23.7 30.2 5.4 0 -999.9 -999.9 365
sta8 2014 6 22 173 11.1 26 28.5 5.7 0 -999.9 -999.9 365
sta8 2014 6 23 174 11.9 22.5 17.2 3.9 0 -999.9 -999.9 365
sta8 2014 6 24 175 10.8 25.6 28.6 5.5 0 -999.9 -999.9 365
sta8 2014 6 25 176 12.8 22.8 24.9 5 0 -999.9 -999.9 365
sta8 2014 6 26 177 9 24.7 24.1 4.4 0.2 -999.9 -999.9 365
sta8 2014 6 27 178 13 23.9 22.9 4.5 2.8 -999.9 -999.9 365
sta8 2014 6 28 179 13.6 17.1 7.4 1.7 12.6 -999.9 -999.9 365
sta8 2014 6 29 180 12.5 19.1 14.7 3 11.2 -999.9 -999.9 365
sta8 2014 6 30 181 9.1 22 25.7 4.3 0 -999.9 -999.9 365
sta8 2014 7 1 182 12.7 24.4 22.6 4.7 0 -999.9 -999.9 365
sta8 2014 7 2 183 12.5 25.6 28.8 5.7 0 -999.9 -999.9 365
sta8 2014 7 3 184 11.9 29.4 29.4 5.5 0 -999.9 -999.9 365
sta8 2014 7 4 185 15.7 23.3 10.3 2.6 6.6 -999.9 -999.9 365
sta8 2014 7 5 186 16.6 24.2 11.6 3.6 0.6 -999.9 -999.9 365
sta8 2014 7 6 187 15.1 19.9 9.8 2.4 4.8 -999.9 -999.9 365
sta8 2014 7 7 188 8.8 22 17.9 3.2 1.6 -999.9 -999.9 365
sta8 2014 7 8 189 12.7 20.2 17.4 3.4 4.2 -999.9 -999.9 365
sta8 2014 7 9 190 10.9 17.5 8.8 2 21.4 -999.9 -999.9 365
sta8 2014 7 10 191 13 15.5 3.6 0.9 6.6 -999.9 -999.9 365
sta8 2014 7 11 192 14 22 14.8 3.2 0 -999.9 -999.9 365
sta8 2014 7 12 193 13.7 22.8 14 3 0.2 -999.9 -999.9 365
sta8 2014 7 13 194 15.4 19.9 8.6 2 6.6 -999.9 -999.9 365
sta8 2014 7 14 195 10.5 23.5 22.3 4.2 0 -999.9 -999.9 365
sta8 2014 7 15 196 10.9 25.5 18.4 3.6 0 -999.9 -999.9 365
sta8 2014 7 16 197 14.6 29.1 27.3 5.4 0 -999.9 -999.9 365
sta8 2014 7 17 198 16.3 32.4 27.5 6.2 0 -999.9 -999.9 365
sta8 2014 7 18 199 17.9 34.8 26.2 6.4 0 -999.9 -999.9 365
sta8 2014 7 19 200 20.6 30.1 17 4.6 5.6 -999.9 -999.9 365
sta8 2014 7 20 201 17.7 25.1 16.3 3.7 34.6 -999.9 -999.9 365
sta8 2014 7 21 202 14.4 24.6 15 3.5 0.2 -999.9 -999.9 365
sta8 2014 7 22 203 15.3 21.7 8.6 2.2 0 -999.9 -999.9 365
sta8 2014 7 23 204 16.9 28.9 20.7 4.9 1 -999.9 -999.9 365
sta8 2014 7 24 205 16.8 30.7 26.2 5.8 0 -999.9 -999.9 365
sta8 2014 7 25 206 16.3 28.4 22.6 5 0 -999.9 -999.9 365
sta8 2014 7 26 207 15.3 25.7 22.9 4.8 0 -999.9 -999.9 365
sta8 2014 7 27 208 15.1 28.1 17.4 3.9 28.8 -999.9 -999.9 365
sta8 2014 7 28 209 16.5 24.7 21.1 4.6 0 -999.9 -999.9 365
sta8 2014 7 29 210 13 20.7 5.5 1.5 0.2 -999.9 -999.9 365
sta8 2014 7 30 211 14.8 26 21.4 4.6 0 -999.9 -999.9 365
sta8 2014 7 31 212 14.4 27 22.8 4.5 0 -999.9 -999.9 365
sta8 2014 8 1 213 14.9 28.3 23.4 4.9 0.2 -999.9 -999.9 365
sta8 2014 8 2 214 15.9 25 20.1 4.5 0 -999.9 -999.9 365
sta8 2014 8 3 215 13.5 25.1 18.6 3.7 0.4 -999.9 -999.9 365
sta8 2014 8 4 216 15.2 23.1 16.5 3.5 0 -999.9 -999.9 365
sta8 2014 8 5 217 11.8 26.7 22.2 4.1 0 -999.9 -999.9 365
sta8 2014 8 6 218 14.4 22.2 7.9 1.9 5.8 -999.9 -999.9 365
sta8 2014 8 7 219 14.9 25.6 18.9 3.6 0 -999.9 -999.9 365
sta8 2014 8 8 220 16.5 23.7 9.8 2.5 12.6 -999.9 -999.9 365
sta8 2014 8 9 221 13.8 22.6 19.3 3.6 0.8 -999.9 -999.9 365
sta8 2014 8 10 222 16.4 26.4 12.4 3.5 3 -999.9 -999.9 365
sta8 2014 8 11 223 12.2 22.3 20.1 4 0 -999.9 -999.9 365
sta8 2014 8 12 224 11.8 20.1 14.2 2.7 7.8 -999.9 -999.9 365
sta8 2014 8 13 225 13.4 19.8 11.2 2.5 5.2 -999.9 -999.9 365
sta8 2014 8 14 226 11.4 21 14 2.8 10.2 -999.9 -999.9 365
sta8 2014 8 15 227 11.6 20.7 16.5 3.4 0.6 -999.9 -999.9 365
sta8 2014 8 16 228 9.5 22.4 16 2.9 0 -999.9 -999.9 365
sta8 2014 8 17 229 10.3 20.8 17.3 3.3 0 -999.9 -999.9 365
sta8 2014 8 18 230 12.5 19.7 11.5 2.6 0.6 -999.9 -999.9 365
sta8 2014 8 19 231 8.2 19.9 19.6 3.2 0 -999.9 -999.9 365
sta8 2014 8 20 232 8.7 20 20.3 3.3 0 -999.9 -999.9 365
sta8 2014 8 21 233 5.3 20.5 19.5 2.9 0 -999.9 -999.9 365
sta8 2014 8 22 234 10.2 20.3 17 3.2 0.6 -999.9 -999.9 365
sta8 2014 8 23 235 12.6 20.4 16.6 3.4 0 -999.9 -999.9 365
sta8 2014 8 24 236 7.5 20.4 16.7 2.7 1.2 -999.9 -999.9 365
sta8 2014 8 25 237 11.9 17.2 5.9 1.3 15 -999.9 -999.9 365
sta8 2014 8 26 238 14.3 22.2 11.7 2.5 10.8 -999.9 -999.9 365
sta8 2014 8 27 239 14.3 20.7 10.3 2.1 0.2 -999.9 -999.9 365
sta8 2014 8 28 240 16.3 22.3 12.9 2.8 0 -999.9 -999.9 365
sta8 2014 8 29 241 13.5 22.8 16.4 3.1 0 -999.9 -999.9 365
sta8 2014 8 30 242 10.3 23.2 16.7 2.9 0 -999.9 -999.9 365
sta8 2014 8 31 243 12.3 21.5 18.7 3.5 0 -999.9 -999.9 365
sta8 2014 9 1 244 8.8 22.8 17.7 2.7 0 -999.9 -999.9 365
sta8 2014 9 2 245 11.2 23.7 15.9 2.8 0.2 -999.9 -999.9 365
sta8 2014 9 3 246 12 23.7 20.5 3.6 0 -999.9 -999.9 365
sta8 2014 9 4 247 12.1 21 8.7 1.8 0 -999.9 -999.9 365
sta8 2014 9 5 248 11.5 22.2 10.7 1.9 0 -999.9 -999.9 365
sta8 2014 9 6 249 16.1 24.1 12.8 2.5 0 -999.9 -999.9 365
sta8 2014 9 7 250 12.6 25.9 17.7 3 0 -999.9 -999.9 365
sta8 2014 9 8 251 12.9 26.2 19.5 3.5 0 -999.9 -999.9 365
sta8 2014 9 9 252 13.7 23.4 18.9 3.6 0 -999.9 -999.9 365
sta8 2014 9 10 253 10.4 22.1 19.1 3.4 0 -999.9 -999.9 365
sta8 2014 9 11 254 8.8 20.7 16.6 2.8 0 -999.9 -999.9 365
sta8 2014 9 12 255 10.1 22.2 19.7 3.3 0 -999.9 -999.9 365
sta8 2014 9 13 256 11.6 24 16.8 3.1 0 -999.9 -999.9 365
sta8 2014 9 14 257 12.4 22.7 14.5 2.8 0.2 -999.9 -999.9 365
sta8 2014 9 15 258 11.7 24.8 16.8 2.7 0 -999.9 -999.9 365
sta8 2014 9 16 259 10.9 26.1 17.8 2.8 0 -999.9 -999.9 365
sta8 2014 9 17 260 16.3 26 12.3 2.8 0 -999.9 -999.9 365
sta8 2014 9 18 261 14.6 26 13.4 2.5 0 -999.9 -999.9 365
sta8 2014 9 19 262 12.7 24.5 12.5 2.2 0.2 -999.9 -999.9 365
sta8 2014 9 20 263 13.6 26.2 13.8 2.5 0 -999.9 -999.9 365
sta8 2014 9 21 264 15.1 19.6 6.3 1.6 10.6 -999.9 -999.9 365
sta8 2014 9 22 265 8.7 17.8 13.2 1.9 0 -999.9 -999.9 365
sta8 2014 9 23 266 8.1 17.8 16 2.2 0.2 -999.9 -999.9 365
sta8 2014 9 24 267 7.4 18.6 15 2 0.2 -999.9 -999.9 365
sta8 2014 9 25 268 6.7 19.7 13.2 1.7 0.2 -999.9 -999.9 365
sta8 2014 9 26 269 5.4 22.1 16.1 1.9 0 -999.9 -999.9 365
sta8 2014 9 27 270 8.4 23.1 16.1 2.3 0 -999.9 -999.9 365
sta8 2014 9 28 271 9.7 24.3 14.1 2.3 0.8 -999.9 -999.9 365
sta8 2014 9 29 272 13.9 21 6.8 1.4 1 -999.9 -999.9 365
sta8 2014 9 30 273 13.1 22.2 10.9 1.7 0 -999.9 -999.9 365
sta8 2014 10 1 274 9.4 23.4 13.8 1.8 0.2 -999.9 -999.9 365
sta8 2014 10 2 275 9.8 23 13.6 1.8 0 -999.9 -999.9 365
sta8 2014 10 3 276 9.9 23.9 14 1.8 0.2 -999.9 -999.9 365
sta8 2014 10 4 277 7.8 24.2 12.6 2 2.6 -999.9 -999.9 365
sta8 2014 10 5 278 9.8 13.6 3.9 1.3 0 -999.9 -999.9 365
sta8 2014 10 6 279 6.5 14.7 6.2 0.8 10 -999.9 -999.9 365
sta8 2014 10 7 280 11.7 14.7 4.6 0.9 7 -999.9 -999.9 365
sta8 2014 10 8 281 11.7 21.1 5.6 1.3 29 -999.9 -999.9 365
sta8 2014 10 9 282 13.9 17.9 6.4 1.3 2 -999.9 -999.9 365
sta8 2014 10 10 283 10.6 16 7.2 0.8 0.4 -999.9 -999.9 365
sta8 2014 10 11 284 12.2 17.7 10.7 1.4 0 -999.9 -999.9 365
sta8 2014 10 12 285 8.1 15.9 3.7 0.5 8.8 -999.9 -999.9 365
sta8 2014 10 13 286 13.1 18.5 12.1 2 0.2 -999.9 -999.9 365
sta8 2014 10 14 287 6.3 18.3 13 1.1 0 -999.9 -999.9 365
sta8 2014 10 15 288 8.6 16.7 4 0.6 0.6 -999.9 -999.9 365
sta8 2014 10 16 289 11.9 18.3 6.1 0.9 8.6 -999.9 -999.9 365
sta8 2014 10 17 290 13.2 18.4 6.5 1.1 0.2 -999.9 -999.9 365
sta8 2014 10 18 291 12.5 24.7 11.8 1.6 0.2 -999.9 -999.9 365
sta8 2014 10 19 292 12.3 23.9 11 1.4 0 -999.9 -999.9 365
sta8 2014 10 20 293 12.4 16.1 3.3 0.6 3.4 -999.9 -999.9 365
sta8 2014 10 21 294 9.8 16.6 5.5 1.4 0.8 -999.9 -999.9 365
sta8 2014 10 22 295 5.9 12.7 6.7 0.9 0 -999.9 -999.9 365
sta8 2014 10 23 296 8.8 14.1 5.7 0.8 0 -999.9 -999.9 365
sta8 2014 10 24 297 10.3 14.4 5 0.9 0 -999.9 -999.9 365
sta8 2014 10 25 298 8.4 16.1 4.8 0.4 0.4 -999.9 -999.9 365
sta8 2014 10 26 299 11.3 17.8 7.2 0.7 0.2 -999.9 -999.9 365
sta8 2014 10 27 300 5.4 17.7 8.1 0.5 0.4 -999.9 -999.9 365
sta8 2014 10 28 301 3.9 10.7 2.3 0 0.2 -999.9 -999.9 365
sta8 2014 10 29 302 6 17.1 6.8 0.4 0.2 -999.9 -999.9 365
sta8 2014 10 30 303 8 19.7 8.4 0.7 0 -999.9 -999.9 365
sta8 2014 10 31 304 10.2 21.8 8.4 1 0.2 -999.9 -999.9 365
sta8 2014 11 1 305 8.6 20.3 9.1 0.7 0 -999.9 -999.9 365
sta8 2014 11 2 306 11.9 17.6 6 0.8 1.2 -999.9 -999.9 365
sta8 2014 11 3 307 11.7 15.1 3.3 1.2 7.8 -999.9 -999.9 365
sta8 2014 11 4 308 7.9 11.5 4.3 0.5 0.2 -999.9 -999.9 365
sta8 2014 11 5 309 3.4 10.7 6.4 0.3 0.2 -999.9 -999.9 365
sta8 2014 11 6 310 3.1 11.5 8.3 0.3 1.8 -999.9 -999.9 365
sta8 2014 11 7 311 5.9 13.7 5.6 0.8 2.6 -999.9 -999.9 365
sta8 2014 11 8 312 5.7 14.2 6.9 0.4 0.2 -999.9 -999.9 365
sta8 2014 11 9 313 6.8 12.3 3.4 0.5 0.2 -999.9 -999.9 365
sta8 2014 11 10 314 3.7 12.8 5.4 0.3 0.2 -999.9 -999.9 365
sta8 2014 11 11 315 4.9 15.9 7.3 0.4 0.2 -999.9 -999.9 365
sta8 2014 11 12 316 8.8 14.6 7.2 0.6 0 -999.9 -999.9 365
sta8 2014 11 13 317 4.5 13.8 5.8 0.3 0.2 -999.9 -999.9 365
sta8 2014 11 14 318 7.7 10.9 1.2 0.2 19.4 -999.9 -999.9 365
sta8 2014 11 15 319 9.1 12.8 4.2 0.4 1.6 -999.9 -999.9 365
sta8 2014 11 16 320 7.7 9.8 2.5 0.3 3.4 -999.9 -999.9 365
sta8 2014 11 17 321 7.4 10.2 2.7 0.3 13.4 -999.9 -999.9 365
sta8 2014 11 18 322 7.5 9.6 2 0.3 0.8 -999.9 -999.9 365
sta8 2014 11 19 323 3.1 7.6 1.8 0 0 -999.9 -999.9 365
sta8 2014 11 20 324 5.4 8.6 3 0.1 0 -999.9 -999.9 365
sta8 2014 11 21 325 6.3 12.8 5.4 0 0.2 -999.9 -999.9 365
sta8 2014 11 22 326 6 14.9 5.3 0 0 -999.9 -999.9 365
sta8 2014 11 23 327 6.8 15.7 4.6 0 0 -999.9 -999.9 365
sta8 2014 11 24 328 9.7 10.8 1.1 0.3 0.2 -999.9 -999.9 365
sta8 2014 11 25 329 9 10.7 2.4 0.3 8.8 -999.9 -999.9 365
sta8 2014 11 26 330 9.4 12.9 1.5 0.2 0.2 -999.9 -999.9 365
sta8 2014 11 27 331 8 11.8 2.6 0.1 0.4 -999.9 -999.9 365
sta8 2014 11 28 332 7.8 14.5 2.4 0.6 0 -999.9 -999.9 365
sta8 2014 11 29 333 4.3 8.2 3.9 0.1 0 -999.9 -999.9 365
sta8 2014 11 30 334 2.7 7.5 1.3 0.3 0.2 -999.9 -999.9 365
sta8 2014 12 1 335 2.9 6.5 0.5 0.1 0.6 -999.9 -999.9 365
sta8 2014 12 2 336 2 3.1 0.7 0.1 0.8 -999.9 -999.9 365
sta8 2014 12 3 337 1.4 3.1 1 0.1 0 -999.9 -999.9 365
sta8 2014 12 4 338 1.9 4.2 1.1 0 0 -999.9 -999.9 365
sta8 2014 12 5 339 3 4.7 1.2 0.1 0 -999.9 -999.9 365
sta8 2014 12 6 340 3 6.9 2.7 0.2 0.2 -999.9 -999.9 365
sta8 2014 12 7 341 -1.9 5.3 3.6 0 1 -999.9 -999.9 365
sta8 2014 12 8 342 1.7 6 1.8 0.2 1 -999.9 -999.9 365
sta8 2014 12 9 343 -0.4 5.7 5.2 0 1 -999.9 -999.9 365
sta8 2014 12 10 344 1.6 9.5 1.9 0 1 -999.9 -999.9 365
sta8 2014 12 11 345 4.7 9.2 2.3 0.3 0.2 -999.9 -999.9 365
sta8 2014 12 12 346 7.5 10.4 1.5 0.5 2.6 -999.9 -999.9 365
sta8 2014 12 13 347 3.4 8.2 0.7 0.1 8 -999.9 -999.9 365
sta8 2014 12 14 348 -1.2 4.2 4.3 0 0.2 -999.9 -999.9 365
sta8 2014 12 15 349 -1.8 5.5 2 0 0.4 -999.9 -999.9 365
sta8 2014 12 16 350 5 9.5 3 0.1 4.6 -999.9 -999.9 365
sta8 2014 12 17 351 5 11.9 1.4 0.1 7 -999.9 -999.9 365
sta8 2014 12 18 352 10.4 13.3 2.4 0.3 0.2 -999.9 -999.9 365
sta8 2014 12 19 353 10.1 11.5 1 0.5 4.2 -999.9 -999.9 365
sta8 2014 12 20 354 5 8.7 2.2 0.3 0 -999.9 -999.9 365
sta8 2014 12 21 355 5.8 8.2 1.3 0.4 0 -999.9 -999.9 365
sta8 2014 12 22 356 7 9.4 1.9 0.4 0 -999.9 -999.9 365
sta8 2014 12 23 357 5.1 7.8 1.4 0.2 0.2 -999.9 -999.9 365
sta8 2014 12 24 358 4.9 9.9 1.5 0.1 0.8 -999.9 -999.9 365
sta8 2014 12 25 359 4.4 7.5 2.2 0.2 0.2 -999.9 -999.9 365
sta8 2014 12 26 360 -0.4 8.9 3.2 0.1 8.4 -999.9 -999.9 365
sta8 2014 12 27 361 3.3 7.2 1.9 0.9 0.2 -999.9 -999.9 365
sta8 2014 12 28 362 -1.9 0 2.5 0.5 0 -999.9 -999.9 365
sta8 2014 12 29 363 -5.9 3.4 4.5 0 0 -999.9 -999.9 365
sta8 2014 12 30 364 0.7 4.9 4.5 0 0 -999.9 -999.9 365
sta8 2014 12 31 365 0.3 7.7 4.6 0 0 -999.9 -999.9 365
