sta8 2011 1 1 1 -1.7 2.2 1.2 0.1 0.2 -999.9 -999.9 365
sta8 2011 1 2 2 0.4 3.8 2.3 0.1 0 -999.9 -999.9 365
sta8 2011 1 3 3 -1.8 2 2.9 0 0.2 -999.9 -999.9 365
sta8 2011 1 4 4 -2.3 -0.5 1.6 0 0 -999.9 -999.9 365
sta8 2011 1 5 5 -2.8 9.6 2.4 0.5 7 -999.9 -999.9 365
sta8 2011 1 6 6 2.1 12.2 0.9 0 4.2 -999.9 -999.9 365
sta8 2011 1 7 7 9.6 11.9 1.6 0.3 6 -999.9 -999.9 365
sta8 2011 1 8 8 9.9 12.7 3.5 0.7 7.8 -999.9 -999.9 365
sta8 2011 1 9 9 3.3 8.2 3 0.1 0.4 -999.9 -999.9 365
sta8 2011 1 10 10 0.3 6.8 5 0 3.4 -999.9 -999.9 365
sta8 2011 1 11 11 0 10.2 2.8 0 2.6 -999.9 -999.9 365
sta8 2011 1 12 12 4.8 11.4 0.9 0.2 1.8 -999.9 -999.9 365
sta8 2011 1 13 13 10.7 13.5 2.8 0.5 0.2 -999.9 -999.9 365
sta8 2011 1 14 14 9.1 12.3 1.8 0.8 1.6 -999.9 -999.9 365
sta8 2011 1 15 15 7 10.8 4.5 0.3 0.2 -999.9 -999.9 365
sta8 2011 1 16 16 2.4 11.8 5.9 0 0.4 -999.9 -999.9 365
sta8 2011 1 17 17 1.4 9.7 2.5 0 0 -999.9 -999.9 365
sta8 2011 1 18 18 6.4 8.6 1.9 0.5 0.2 -999.9 -999.9 365
sta8 2011 1 19 19 -0.7 5.6 3.7 0 0.2 -999.9 -999.9 365
sta8 2011 1 20 20 0.8 5.1 4.7 0.3 0.2 -999.9 -999.9 365
sta8 2011 1 21 21 -1.3 0.8 4.1 0.2 0 -999.9 -999.9 365
sta8 2011 1 22 22 -2.1 4.2 1.6 0 0.2 -999.9 -999.9 365
sta8 2011 1 23 23 1.1 5.7 2.7 0.3 0 -999.9 -999.9 365
sta8 2011 1 24 24 4 5.6 2.6 0.3 0.4 -999.9 -999.9 365
sta8 2011 1 25 25 1.5 6.6 4.8 0 0.4 -999.9 -999.9 365
sta8 2011 1 26 26 2.2 4 1.4 0.1 4.2 -999.9 -999.9 365
sta8 2011 1 27 27 1.8 3.8 1.9 0.4 0 -999.9 -999.9 365
sta8 2011 1 28 28 -0.5 1 1.3 0.4 0 -999.9 -999.9 365
sta8 2011 1 29 29 -2.5 1.1 5.4 0.2 0 -999.9 -999.9 365
sta8 2011 1 30 30 -4.1 0.3 5.7 0.1 0 -999.9 -999.9 365
sta8 2011 1 31 31 -5.1 -0.3 4.3 0.1 0 -999.9 -999.9 365
sta8 2011 2 1 32 -4.7 -1.4 1.9 0.1 0 -999.9 -999.9 365
sta8 2011 2 2 33 -2.8 3.1 2.8 0.1 1.8 -999.9 -999.9 365
sta8 2011 2 3 34 0.7 7.4 2.5 0 1.2 -999.9 -999.9 365
sta8 2011 2 4 35 3.9 9.8 2.6 0.4 0 -999.9 -999.9 365
sta8 2011 2 5 36 8.2 10.1 2.5 0.9 0 -999.9 -999.9 365
sta8 2011 2 6 37 4 8.8 4 0.5 0 -999.9 -999.9 365
sta8 2011 2 7 38 -2.2 12.4 9 0.2 0.4 -999.9 -999.9 365
sta8 2011 2 8 39 4.6 8.6 1.9 0.1 0 -999.9 -999.9 365
sta8 2011 2 9 40 5.7 8.4 4 0.5 0.2 -999.9 -999.9 365
sta8 2011 2 10 41 0.4 14.9 4.5 0.5 0 -999.9 -999.9 365
sta8 2011 2 11 42 7 16.9 8.9 1.1 0 -999.9 -999.9 365
sta8 2011 2 12 43 3.5 10.1 3.6 0.4 2 -999.9 -999.9 365
sta8 2011 2 13 44 2.8 9.6 4.7 0.6 0 -999.9 -999.9 365
sta8 2011 2 14 45 5.1 9 4 0.6 1.4 -999.9 -999.9 365
sta8 2011 2 15 46 2.1 10 3.4 0.7 2 -999.9 -999.9 365
sta8 2011 2 16 47 0 11.1 9.2 0.5 0 -999.9 -999.9 365
sta8 2011 2 17 48 1.3 8.5 5.5 0.6 0.2 -999.9 -999.9 365
sta8 2011 2 18 49 -1.6 3.9 2.5 0.1 0 -999.9 -999.9 365
sta8 2011 2 19 50 0 7.5 3 0.2 4.8 -999.9 -999.9 365
sta8 2011 2 20 51 5.6 7.7 2.6 0.5 0 -999.9 -999.9 365
sta8 2011 2 21 52 1.2 8.2 3.4 0.3 2 -999.9 -999.9 365
sta8 2011 2 22 53 2.4 7.2 8.4 0.8 0 -999.9 -999.9 365
sta8 2011 2 23 54 -0.7 7.4 3.8 0.6 6.8 -999.9 -999.9 365
sta8 2011 2 24 55 4.1 11.6 2.9 0.2 0 -999.9 -999.9 365
sta8 2011 2 25 56 4.6 11.8 7.5 0.6 0 -999.9 -999.9 365
sta8 2011 2 26 57 6.5 12.1 4 1 7.8 -999.9 -999.9 365
sta8 2011 2 27 58 3.2 9.5 8.4 1.1 0 -999.9 -999.9 365
sta8 2011 2 28 59 -0.5 7 6 0.6 0.2 -999.9 -999.9 365
sta8 2011 3 1 60 1.5 8.7 10.5 1.2 0 -999.9 -999.9 365
sta8 2011 3 2 61 1.5 9.6 12.2 1.8 0 -999.9 -999.9 365
sta8 2011 3 3 62 0.2 8.3 12.8 1.7 0 -999.9 -999.9 365
sta8 2011 3 4 63 -1.2 9.7 12.7 1.1 0 -999.9 -999.9 365
sta8 2011 3 5 64 -1.8 10.6 12.6 1.2 0 -999.9 -999.9 365
sta8 2011 3 6 65 -0.4 8.3 14 1.5 0 -999.9 -999.9 365
sta8 2011 3 7 66 -1 9.1 14.3 1.7 0 -999.9 -999.9 365
sta8 2011 3 8 67 -2.3 16.1 13.6 1.5 0 -999.9 -999.9 365
sta8 2011 3 9 68 5 12.5 11 1.8 0 -999.9 -999.9 365
sta8 2011 3 10 69 0.7 11.4 8.9 1.2 0.2 -999.9 -999.9 365
sta8 2011 3 11 70 6.4 13.5 7.1 1.4 0.4 -999.9 -999.9 365
sta8 2011 3 12 71 2.4 15 7 1.5 0.4 -999.9 -999.9 365
sta8 2011 3 13 72 7.7 11.6 3.7 0.8 0.4 -999.9 -999.9 365
sta8 2011 3 14 73 4.3 15.5 12 1.4 0 -999.9 -999.9 365
sta8 2011 3 15 74 6.6 20.3 12 2.3 0 -999.9 -999.9 365
sta8 2011 3 16 75 8.6 17 13.3 2.4 0 -999.9 -999.9 365
sta8 2011 3 17 76 7.3 9.2 3.4 1.1 0 -999.9 -999.9 365
sta8 2011 3 18 77 4.1 12.1 6.9 1 6.2 -999.9 -999.9 365
sta8 2011 3 19 78 5.5 9.3 4.2 1 0 -999.9 -999.9 365
sta8 2011 3 20 79 0.2 11.8 14.7 1.7 0 -999.9 -999.9 365
sta8 2011 3 21 80 -1.9 14.6 17.6 2.2 0 -999.9 -999.9 365
sta8 2011 3 22 81 2.3 16.1 17.2 2.6 0 -999.9 -999.9 365
sta8 2011 3 23 82 3.9 19.1 17.2 3 0 -999.9 -999.9 365
sta8 2011 3 24 83 4.2 19.5 17.2 2.6 0 -999.9 -999.9 365
sta8 2011 3 25 84 2.8 20.8 17.1 2.5 0 -999.9 -999.9 365
sta8 2011 3 26 85 4.9 19.3 12.3 2 0 -999.9 -999.9 365
sta8 2011 3 27 86 8.9 17.5 9.3 1.8 2 -999.9 -999.9 365
sta8 2011 3 28 87 6.8 17.8 17.2 2.6 0 -999.9 -999.9 365
sta8 2011 3 29 88 5.1 15.8 12.1 1.6 4.6 -999.9 -999.9 365
sta8 2011 3 30 89 8.8 14.5 8.3 1.8 8.4 -999.9 -999.9 365
sta8 2011 3 31 90 9 15.2 5.7 1 0.8 -999.9 -999.9 365
sta8 2011 4 1 91 11.4 15.2 6 1.3 0.4 -999.9 -999.9 365
sta8 2011 4 2 92 7.6 24.2 17.1 2.8 2.6 -999.9 -999.9 365
sta8 2011 4 3 93 9.8 11.4 3.5 0.7 1 -999.9 -999.9 365
sta8 2011 4 4 94 6.4 13.7 12.3 1.8 0 -999.9 -999.9 365
sta8 2011 4 5 95 3.2 17.5 16.4 2.3 0 -999.9 -999.9 365
sta8 2011 4 6 96 5.5 22.9 20.4 3 0 -999.9 -999.9 365
sta8 2011 4 7 97 8.5 24.4 20 3.3 0 -999.9 -999.9 365
sta8 2011 4 8 98 7.5 20.4 19 2.9 0 -999.9 -999.9 365
sta8 2011 4 9 99 7.5 23 20.6 3.6 0 -999.9 -999.9 365
sta8 2011 4 10 100 7.5 25.7 21 3.5 0 -999.9 -999.9 365
sta8 2011 4 11 101 8.4 20.9 19.4 3.3 0 -999.9 -999.9 365
sta8 2011 4 12 102 6 13.8 17.7 3.1 0 -999.9 -999.9 365
sta8 2011 4 13 103 -0.3 12.9 16.4 2 0 -999.9 -999.9 365
sta8 2011 4 14 104 6.9 14.9 18.7 2.8 0 -999.9 -999.9 365
sta8 2011 4 15 105 3.9 15.6 12.4 2.3 0 -999.9 -999.9 365
sta8 2011 4 16 106 1.4 16.9 21.8 3 0 -999.9 -999.9 365
sta8 2011 4 17 107 2 17.7 21.8 3.3 0 -999.9 -999.9 365
sta8 2011 4 18 108 3.9 22.6 22.3 3.5 0 -999.9 -999.9 365
sta8 2011 4 19 109 7.2 23.9 22.1 3.7 0 -999.9 -999.9 365
sta8 2011 4 20 110 7.8 23.8 22.3 4 0 -999.9 -999.9 365
sta8 2011 4 21 111 7.6 22.7 22.9 4.1 0 -999.9 -999.9 365
sta8 2011 4 22 112 8.6 24.1 22.3 4.2 2 -999.9 -999.9 365
sta8 2011 4 23 113 10.9 25.1 16.9 3.6 11.4 -999.9 -999.9 365
sta8 2011 4 24 114 10.6 24.2 18.3 3.3 1.2 -999.9 -999.9 365
sta8 2011 4 25 115 10.6 23.2 21.5 4 0 -999.9 -999.9 365
sta8 2011 4 26 116 9.7 21.4 23.1 4.3 0 -999.9 -999.9 365
sta8 2011 4 27 117 9.6 18.9 19.5 4 0 -999.9 -999.9 365
sta8 2011 4 28 118 8.1 11.4 3.8 0.9 0 -999.9 -999.9 365
sta8 2011 4 29 119 8.7 17.1 10.2 1.9 0.4 -999.9 -999.9 365
sta8 2011 4 30 120 5.7 20.8 22.5 3.4 0 -999.9 -999.9 365
sta8 2011 5 1 121 7.6 21.9 20.6 3.5 0.2 -999.9 -999.9 365
sta8 2011 5 2 122 12.3 17.9 12 2.9 0 -999.9 -999.9 365
sta8 2011 5 3 123 6.1 17.1 23.4 4 0 -999.9 -999.9 365
sta8 2011 5 4 124 2 18.8 25.6 3.6 0 -999.9 -999.9 365
sta8 2011 5 5 125 2.9 21 25.4 3.9 0 -999.9 -999.9 365
sta8 2011 5 6 126 6 24.7 22.4 4 0 -999.9 -999.9 365
sta8 2011 5 7 127 11.9 26.2 23.4 5.3 0 -999.9 -999.9 365
sta8 2011 5 8 128 13.3 24.1 20.6 4.5 0 -999.9 -999.9 365
sta8 2011 5 9 129 9.4 24.5 24.9 4.3 0 -999.9 -999.9 365
sta8 2011 5 10 130 13.2 23.5 18.3 3.7 0.6 -999.9 -999.9 365
sta8 2011 5 11 131 11.1 22.9 23.5 4.7 0 -999.9 -999.9 365
sta8 2011 5 12 132 10 19.3 25.8 4.7 0 -999.9 -999.9 365
sta8 2011 5 13 133 3.8 21.5 26.8 4 0.2 -999.9 -999.9 365
sta8 2011 5 14 134 8.3 18.4 20 4 0.2 -999.9 -999.9 365
sta8 2011 5 15 135 5.3 17.4 18.2 3.3 0.2 -999.9 -999.9 365
sta8 2011 5 16 136 5.7 18.9 20.6 3.3 0 -999.9 -999.9 365
sta8 2011 5 17 137 7.7 22.2 25.8 4.3 0 -999.9 -999.9 365
sta8 2011 5 18 138 6.8 24.6 25.9 4.3 0 -999.9 -999.9 365
sta8 2011 5 19 139 11.5 24 24.1 4.5 0 -999.9 -999.9 365
sta8 2011 5 20 140 9.9 23.5 22 4.1 0 -999.9 -999.9 365
sta8 2011 5 21 141 8.1 25.3 23.8 4.3 2.2 -999.9 -999.9 365
sta8 2011 5 22 142 13 21.8 22.1 4.7 0 -999.9 -999.9 365
sta8 2011 5 23 143 5.9 25.7 27.4 4.8 0 -999.9 -999.9 365
sta8 2011 5 24 144 10.6 19.8 24.8 4.7 0 -999.9 -999.9 365
sta8 2011 5 25 145 4.3 24.2 28.3 4.8 0 -999.9 -999.9 365
sta8 2011 5 26 146 9.8 18.6 17.5 4.1 0.2 -999.9 -999.9 365
sta8 2011 5 27 147 9.8 17.1 17.4 3.6 0 -999.9 -999.9 365
sta8 2011 5 28 148 4 21.1 26.1 4.3 0 -999.9 -999.9 365
sta8 2011 5 29 149 5.7 25.5 24.3 4.3 0 -999.9 -999.9 365
sta8 2011 5 30 150 8.5 27.5 21.3 4.3 8.2 -999.9 -999.9 365
sta8 2011 5 31 151 10.2 17 21.1 4.4 0 -999.9 -999.9 365
sta8 2011 6 1 152 5.4 20.4 28.8 5.2 0 -999.9 -999.9 365
sta8 2011 6 2 153 10.5 24.2 27.5 6.3 0 -999.9 -999.9 365
sta8 2011 6 3 154 13.3 26.2 24.7 5.8 0 -999.9 -999.9 365
sta8 2011 6 4 155 14.9 28.4 23 5.2 5.4 -999.9 -999.9 365
sta8 2011 6 5 156 16 26.4 19 4.3 0.2 -999.9 -999.9 365
sta8 2011 6 6 157 15 19.7 10.5 2.4 0 -999.9 -999.9 365
sta8 2011 6 7 158 13.4 17.9 9.7 2 22 -999.9 -999.9 365
sta8 2011 6 8 159 11.8 18.5 19.6 4 0 -999.9 -999.9 365
sta8 2011 6 9 160 8.2 18.9 19.8 3.4 0 -999.9 -999.9 365
sta8 2011 6 10 161 11.1 18.5 15.4 3.2 0.6 -999.9 -999.9 365
sta8 2011 6 11 162 7.2 17.7 20.7 3.7 0.2 -999.9 -999.9 365
sta8 2011 6 12 163 3.9 20.6 19.6 3.3 0.8 -999.9 -999.9 365
sta8 2011 6 13 164 12.3 23.6 18.6 3.8 0 -999.9 -999.9 365
sta8 2011 6 14 165 15.4 23.7 14.8 3.4 0 -999.9 -999.9 365
sta8 2011 6 15 166 13.2 23.5 21.2 4.3 0 -999.9 -999.9 365
sta8 2011 6 16 167 15.5 22 20.3 5 0 -999.9 -999.9 365
sta8 2011 6 17 168 7.9 20.8 11.8 2.8 0.8 -999.9 -999.9 365
sta8 2011 6 18 169 10.5 19.4 18.5 4.4 3 -999.9 -999.9 365
sta8 2011 6 19 170 9.9 18.9 16.3 3.6 1.8 -999.9 -999.9 365
sta8 2011 6 20 171 12.8 22.3 10.7 2.7 2 -999.9 -999.9 365
sta8 2011 6 21 172 14.6 23.5 10.8 2.7 1.8 -999.9 -999.9 365
sta8 2011 6 22 173 12.5 22.3 17.5 4.1 8.4 -999.9 -999.9 365
sta8 2011 6 23 174 12.7 21 19.4 4.5 0 -999.9 -999.9 365
sta8 2011 6 24 175 7.8 21.1 25.6 4.5 0 -999.9 -999.9 365
sta8 2011 6 25 176 10.6 27.2 22.4 4.6 0 -999.9 -999.9 365
sta8 2011 6 26 177 13 31.6 28.3 6 0 -999.9 -999.9 365
sta8 2011 6 27 178 15.9 37.2 26 6.4 2.4 -999.9 -999.9 365
sta8 2011 6 28 179 19.6 34.5 22.2 6.5 0.4 -999.9 -999.9 365
sta8 2011 6 29 180 13 24.1 20 5 0 -999.9 -999.9 365
sta8 2011 6 30 181 8.2 22.9 24 4.7 0 -999.9 -999.9 365
sta8 2011 7 1 182 9.4 23.2 24.3 4.8 0 -999.9 -999.9 365
sta8 2011 7 2 183 9.2 22.5 27.9 5.3 0 -999.9 -999.9 365
sta8 2011 7 3 184 7.4 24.2 29.2 5.5 0 -999.9 -999.9 365
sta8 2011 7 4 185 10.3 27.1 27 5.3 0 -999.9 -999.9 365
sta8 2011 7 5 186 10.3 31.3 26.3 6 0 -999.9 -999.9 365
sta8 2011 7 6 187 14.1 22.8 19 4.5 2.2 -999.9 -999.9 365
sta8 2011 7 7 188 9.4 23.7 19.4 4.4 2.2 -999.9 -999.9 365
sta8 2011 7 8 189 12 23.6 17.8 4.5 0.2 -999.9 -999.9 365
sta8 2011 7 9 190 15.7 21.9 14.9 4.2 0 -999.9 -999.9 365
sta8 2011 7 10 191 12.8 24.7 16 3.8 0.6 -999.9 -999.9 365
sta8 2011 7 11 192 12.5 27.9 24.6 5.3 0 -999.9 -999.9 365
sta8 2011 7 12 193 15 25.3 16.1 4.1 9.4 -999.9 -999.9 365
sta8 2011 7 13 194 14 19.2 12.6 3.4 0.2 -999.9 -999.9 365
sta8 2011 7 14 195 8 23 19.2 4.2 0 -999.9 -999.9 365
sta8 2011 7 15 196 9 27 25.2 5 0 -999.9 -999.9 365
sta8 2011 7 16 197 15.5 21 8.1 3.2 16.4 -999.9 -999.9 365
sta8 2011 7 17 198 12.3 19.7 15.9 3.8 5.2 -999.9 -999.9 365
sta8 2011 7 18 199 12.4 19.8 14.1 3.7 9.2 -999.9 -999.9 365
sta8 2011 7 19 200 12.4 16.6 8 1.8 28 -999.9 -999.9 365
sta8 2011 7 20 201 10.7 19.1 13.7 2.9 25.8 -999.9 -999.9 365
sta8 2011 7 21 202 13.8 21.1 12.5 2.7 0 -999.9 -999.9 365
sta8 2011 7 22 203 14 21.8 14.6 3.3 0 -999.9 -999.9 365
sta8 2011 7 23 204 9.6 20.9 16 3.2 5.8 -999.9 -999.9 365
sta8 2011 7 24 205 9.6 21.7 18.7 4 3.8 -999.9 -999.9 365
sta8 2011 7 25 206 14.3 24.6 15.5 3.4 0.8 -999.9 -999.9 365
sta8 2011 7 26 207 11.6 21.5 13.6 3 0 -999.9 -999.9 365
sta8 2011 7 27 208 14 19.7 11.2 2.6 0.2 -999.9 -999.9 365
sta8 2011 7 28 209 14.2 22.8 15.7 3.4 0.2 -999.9 -999.9 365
sta8 2011 7 29 210 12.2 22.6 10.2 2.3 0 -999.9 -999.9 365
sta8 2011 7 30 211 12.2 22.3 23.7 4.6 0 -999.9 -999.9 365
sta8 2011 7 31 212 8 24.4 25.9 4.3 0 -999.9 -999.9 365
sta8 2011 8 1 213 10.1 26.4 25.4 4.7 0 -999.9 -999.9 365
sta8 2011 8 2 214 11.4 28.9 17.9 3.9 5.4 -999.9 -999.9 365
sta8 2011 8 3 215 17.2 27.1 12.2 3.3 1 -999.9 -999.9 365
sta8 2011 8 4 216 13.9 23 14.1 3.1 1.6 -999.9 -999.9 365
sta8 2011 8 5 217 18.6 26.7 16.4 4.2 1 -999.9 -999.9 365
sta8 2011 8 6 218 17 20.5 8.1 2.4 2.6 -999.9 -999.9 365
sta8 2011 8 7 219 11.5 21.8 17.1 3.8 2.4 -999.9 -999.9 365
sta8 2011 8 8 220 12.7 19.8 16.2 3.8 2.8 -999.9 -999.9 365
sta8 2011 8 9 221 10.7 21 18.1 4 0.2 -999.9 -999.9 365
sta8 2011 8 10 222 6.7 23.8 24.7 4.1 0 -999.9 -999.9 365
sta8 2011 8 11 223 10.2 26 20.1 4.6 0 -999.9 -999.9 365
sta8 2011 8 12 224 15.1 24.2 12.7 3.2 0 -999.9 -999.9 365
sta8 2011 8 13 225 13.6 25 13.2 3.2 3 -999.9 -999.9 365
sta8 2011 8 14 226 17.2 23.8 13.3 3.4 0 -999.9 -999.9 365
sta8 2011 8 15 227 12.1 24.4 22.8 4.3 0 -999.9 -999.9 365
sta8 2011 8 16 228 12.7 27.7 22.6 4.5 0 -999.9 -999.9 365
sta8 2011 8 17 229 14.1 27.1 13.4 3.3 2.6 -999.9 -999.9 365
sta8 2011 8 18 230 16.8 27.3 12.5 3.4 0 -999.9 -999.9 365
sta8 2011 8 19 231 16.9 26.3 18.1 4.1 0 -999.9 -999.9 365
sta8 2011 8 20 232 12.2 31 22 4.4 1.4 -999.9 -999.9 365
sta8 2011 8 21 233 20.9 33.5 19.4 5.5 0.2 -999.9 -999.9 365
sta8 2011 8 22 234 17.1 29.9 20.3 5.7 0 -999.9 -999.9 365
sta8 2011 8 23 235 17.3 27 15.3 4.2 0 -999.9 -999.9 365
sta8 2011 8 24 236 14.3 24.5 16.5 3.8 0 -999.9 -999.9 365
sta8 2011 8 25 237 15.8 25.7 17.9 4.1 24.6 -999.9 -999.9 365
sta8 2011 8 26 238 13.9 17.1 3.8 1.3 1.2 -999.9 -999.9 365
sta8 2011 8 27 239 11.3 19 14.1 2.9 0.4 -999.9 -999.9 365
sta8 2011 8 28 240 12.3 19.7 15.7 3 0 -999.9 -999.9 365
sta8 2011 8 29 241 9.5 20.2 18.6 3 0.2 -999.9 -999.9 365
sta8 2011 8 30 242 9.6 21.1 19.3 3.2 0 -999.9 -999.9 365
sta8 2011 8 31 243 8.6 22.8 19.1 3.4 0.2 -999.9 -999.9 365
sta8 2011 9 1 244 13.1 22.7 8.7 2 0.8 -999.9 -999.9 365
sta8 2011 9 2 245 13.8 29.4 18.9 3.6 0 -999.9 -999.9 365
sta8 2011 9 3 246 15.1 31 18.3 4.2 5 -999.9 -999.9 365
sta8 2011 9 4 247 16.9 22.6 10.6 3 0.6 -999.9 -999.9 365
sta8 2011 9 5 248 12.4 20.6 15.7 3.7 0 -999.9 -999.9 365
sta8 2011 9 6 249 11.1 22.1 14 3.8 0.8 -999.9 -999.9 365
sta8 2011 9 7 250 14 20.2 14.5 3.8 0 -999.9 -999.9 365
sta8 2011 9 8 251 12 20.3 6.4 1.7 0 -999.9 -999.9 365
sta8 2011 9 9 252 18.2 24 7.4 2.3 0.2 -999.9 -999.9 365
sta8 2011 9 10 253 15.6 31.4 17.4 4.5 0.8 -999.9 -999.9 365
sta8 2011 9 11 254 15.5 19.5 5.1 1.8 6.6 -999.9 -999.9 365
sta8 2011 9 12 255 13.7 22.2 10.3 2.4 3.6 -999.9 -999.9 365
sta8 2011 9 13 256 15.1 19.2 10.2 2.3 0 -999.9 -999.9 365
sta8 2011 9 14 257 8.1 19.8 17.7 2.5 0 -999.9 -999.9 365
sta8 2011 9 15 258 5.8 20.6 16.6 2.5 0 -999.9 -999.9 365
sta8 2011 9 16 259 9.6 25.6 10 2.4 0 -999.9 -999.9 365
sta8 2011 9 17 260 11.9 18 8.2 2 5.2 -999.9 -999.9 365
sta8 2011 9 18 261 8.4 16.6 11.6 2.1 5.2 -999.9 -999.9 365
sta8 2011 9 19 262 11.1 18.9 13.8 2.4 0 -999.9 -999.9 365
sta8 2011 9 20 263 12 20 9.6 1.8 0 -999.9 -999.9 365
sta8 2011 9 21 264 11.3 20.3 10.2 1.9 0 -999.9 -999.9 365
sta8 2011 9 22 265 12.1 20.1 15 2.4 0 -999.9 -999.9 365
sta8 2011 9 23 266 9.9 20.2 15.1 2.2 0 -999.9 -999.9 365
sta8 2011 9 24 267 6.5 23.1 14.2 1.9 0 -999.9 -999.9 365
sta8 2011 9 25 268 11.6 25.4 14.4 2.4 0 -999.9 -999.9 365
sta8 2011 9 26 269 11.6 25.7 13 2.2 0 -999.9 -999.9 365
sta8 2011 9 27 270 12.3 25.9 13.1 2.3 0 -999.9 -999.9 365
sta8 2011 9 28 271 12.9 27.5 15.2 2.8 0 -999.9 -999.9 365
sta8 2011 9 29 272 10.7 27.9 14.8 2.4 0 -999.9 -999.9 365
sta8 2011 9 30 273 11.4 30 14.6 2.6 0 -999.9 -999.9 365
sta8 2011 10 1 274 11 27.8 14.6 2.4 0 -999.9 -999.9 365
sta8 2011 10 2 275 9.2 27.4 14.4 2.1 0 -999.9 -999.9 365
sta8 2011 10 3 276 9.9 27.3 14.4 2.4 0 -999.9 -999.9 365
sta8 2011 10 4 277 11.3 22.2 8.6 1.7 0 -999.9 -999.9 365
sta8 2011 10 5 278 11.9 18.7 5.7 1.3 0 -999.9 -999.9 365
sta8 2011 10 6 279 13.2 18.8 4.7 2.4 0.8 -999.9 -999.9 365
sta8 2011 10 7 280 8 13.9 7.2 1.3 1.8 -999.9 -999.9 365
sta8 2011 10 8 281 7.7 13.5 3.9 0.9 0.4 -999.9 -999.9 365
sta8 2011 10 9 282 11.1 17.2 2.5 0.5 3.2 -999.9 -999.9 365
sta8 2011 10 10 283 14.2 16.1 3.5 1.1 0 -999.9 -999.9 365
sta8 2011 10 11 284 14.1 16.2 3.6 1.2 0 -999.9 -999.9 365
sta8 2011 10 12 285 12.5 16.6 5.4 1.2 0.2 -999.9 -999.9 365
sta8 2011 10 13 286 13.5 19.1 6.1 1.3 0.2 -999.9 -999.9 365
sta8 2011 10 14 287 8.1 16.2 12.8 1.6 0 -999.9 -999.9 365
sta8 2011 10 15 288 2.1 15.9 12.7 1 0 -999.9 -999.9 365
sta8 2011 10 16 289 1 18.6 11.6 0.8 0 -999.9 -999.9 365
sta8 2011 10 17 290 2.8 16.8 10.4 0.7 0.2 -999.9 -999.9 365
sta8 2011 10 18 291 8.5 16 3.6 1.1 12.4 -999.9 -999.9 365
sta8 2011 10 19 292 7.1 13.2 8.9 1.2 0.2 -999.9 -999.9 365
sta8 2011 10 20 293 2.3 11.5 10.6 0.8 0 -999.9 -999.9 365
sta8 2011 10 21 294 -1.9 10.9 11.6 0.6 0 -999.9 -999.9 365
sta8 2011 10 22 295 -0.3 14.1 9.8 0.7 0 -999.9 -999.9 365
sta8 2011 10 23 296 4 17.9 10.8 1.2 0 -999.9 -999.9 365
sta8 2011 10 24 297 5.9 19 9.6 1.3 10.6 -999.9 -999.9 365
sta8 2011 10 25 298 10.9 15.5 7.2 1 2.8 -999.9 -999.9 365
sta8 2011 10 26 299 6.3 16.1 9.6 1.1 0 -999.9 -999.9 365
sta8 2011 10 27 300 5.8 16.6 5.6 0.7 0 -999.9 -999.9 365
sta8 2011 10 28 301 11.6 17.8 5.7 0.7 0 -999.9 -999.9 365
sta8 2011 10 29 302 11 16.1 3.2 0.5 0.2 -999.9 -999.9 365
sta8 2011 10 30 303 10.1 15.8 7.7 0.6 0 -999.9 -999.9 365
sta8 2011 10 31 304 4.7 17 8.5 0.5 0.4 -999.9 -999.9 365
sta8 2011 11 1 305 7.9 13.5 2.2 0.4 2.6 -999.9 -999.9 365
sta8 2011 11 2 306 7 18.3 6.2 0.6 0 -999.9 -999.9 365
sta8 2011 11 3 307 14.6 17.6 2.4 1.2 9 -999.9 -999.9 365
sta8 2011 11 4 308 10.2 17 7.1 0.8 12.4 -999.9 -999.9 365
sta8 2011 11 5 309 12.3 16.6 5.5 0.5 0.2 -999.9 -999.9 365
sta8 2011 11 6 310 12.4 14.7 5.5 1.2 0 -999.9 -999.9 365
sta8 2011 11 7 311 9 10.3 0.8 0.2 0.8 -999.9 -999.9 365
sta8 2011 11 8 312 8.3 10.8 1.4 0.1 0.6 -999.9 -999.9 365
sta8 2011 11 9 313 9 16.5 6.7 0.4 0.2 -999.9 -999.9 365
sta8 2011 11 10 314 7.2 14 5.8 0.4 0 -999.9 -999.9 365
sta8 2011 11 11 315 7.5 9.8 1.8 0.1 0 -999.9 -999.9 365
sta8 2011 11 12 316 5.9 17.9 6.7 0.3 0.2 -999.9 -999.9 365
sta8 2011 11 13 317 6.3 13.2 6.9 0.3 0.2 -999.9 -999.9 365
sta8 2011 11 14 318 2.7 11.9 6.5 0.1 0 -999.9 -999.9 365
sta8 2011 11 15 319 2.4 9.8 4.7 0.3 0 -999.9 -999.9 365
sta8 2011 11 16 320 1 9.6 3.3 0.4 0 -999.9 -999.9 365
sta8 2011 11 17 321 2.6 12.1 2 0 0.6 -999.9 -999.9 365
sta8 2011 11 18 322 5.2 13.9 5.6 0.1 0 -999.9 -999.9 365
sta8 2011 11 19 323 1.8 13.1 6.5 0 0 -999.9 -999.9 365
sta8 2011 11 20 324 -0.4 15.2 6.1 0 0 -999.9 -999.9 365
sta8 2011 11 21 325 2.4 16.6 4.6 0 0 -999.9 -999.9 365
sta8 2011 11 22 326 1.9 14.4 5.5 0 0 -999.9 -999.9 365
sta8 2011 11 23 327 3 14.2 4.2 0 0 -999.9 -999.9 365
sta8 2011 11 24 328 7.1 8.6 1.3 0.1 0.2 -999.9 -999.9 365
sta8 2011 11 25 329 4 7.6 1.6 0.1 0.2 -999.9 -999.9 365
sta8 2011 11 26 330 5.2 8.1 1.7 0.2 0 -999.9 -999.9 365
sta8 2011 11 27 331 5.4 12.2 2.1 0.2 0.2 -999.9 -999.9 365
sta8 2011 11 28 332 3.8 10.1 1.9 0.1 0 -999.9 -999.9 365
sta8 2011 11 29 333 3.5 11.1 2.8 0.1 0 -999.9 -999.9 365
sta8 2011 11 30 334 2.7 10.8 4.9 0 0.4 -999.9 -999.9 365
sta8 2011 12 1 335 2.9 13 1.2 0 1.6 -999.9 -999.9 365
sta8 2011 12 2 336 4.6 10.2 3.6 0.1 0.2 -999.9 -999.9 365
sta8 2011 12 3 337 3.9 11.3 0.7 0 8.4 -999.9 -999.9 365
sta8 2011 12 4 338 10.7 12.6 1.5 0.5 4.8 -999.9 -999.9 365
sta8 2011 12 5 339 4.2 8.3 3.9 0.2 0.2 -999.9 -999.9 365
sta8 2011 12 6 340 4.3 9.1 2.2 0.4 1.2 -999.9 -999.9 365
sta8 2011 12 7 341 6.4 10.5 1.5 0.5 3.8 -999.9 -999.9 365
sta8 2011 12 8 342 4.1 11.1 2 0.2 0.2 -999.9 -999.9 365
sta8 2011 12 9 343 7.1 10.7 1.3 0.4 8.6 -999.9 -999.9 365
sta8 2011 12 10 344 2.5 9.6 4.7 0 0 -999.9 -999.9 365
sta8 2011 12 11 345 -1.8 9.3 1.7 0 4.2 -999.9 -999.9 365
sta8 2011 12 12 346 5.2 9.5 5 0.1 0.6 -999.9 -999.9 365
sta8 2011 12 13 347 5.3 12.6 3.1 0.7 5.4 -999.9 -999.9 365
sta8 2011 12 14 348 5.5 8.7 3.7 0.4 4 -999.9 -999.9 365
sta8 2011 12 15 349 4.9 12 2.9 1.1 22.8 -999.9 -999.9 365
sta8 2011 12 16 350 3.1 12.3 2.3 0.8 9.2 -999.9 -999.9 365
sta8 2011 12 17 351 0.8 6.9 4.4 0 2 -999.9 -999.9 365
sta8 2011 12 18 352 0.6 5.5 5.1 0 1.2 -999.9 -999.9 365
sta8 2011 12 19 353 -1.6 7.5 1.9 0.3 6.8 -999.9 -999.9 365
sta8 2011 12 20 354 2.9 9.2 2.6 0 5 -999.9 -999.9 365
sta8 2011 12 21 355 5.3 10.7 0.9 0 3.6 -999.9 -999.9 365
sta8 2011 12 22 356 8.6 11.3 1.9 0.2 0 -999.9 -999.9 365
sta8 2011 12 23 357 7.6 8.8 0.8 0.3 2.6 -999.9 -999.9 365
sta8 2011 12 24 358 2.6 8.5 4.8 0 0.2 -999.9 -999.9 365
sta8 2011 12 25 359 2.4 8 2.8 0 0 -999.9 -999.9 365
sta8 2011 12 26 360 2.8 9.9 4.8 0 0 -999.9 -999.9 365
sta8 2011 12 27 361 -2 2.9 1.6 0 0.2 -999.9 -999.9 365
sta8 2011 12 28 362 -0.2 6.3 1.2 0 0.4 -999.9 -999.9 365
sta8 2011 12 29 363 0.7 7.5 4.3 0 2.4 -999.9 -999.9 365
sta8 2011 12 30 364 5.3 10.8 1.8 0.5 9.2 -999.9 -999.9 365
sta8 2011 12 31 365 5.9 12.3 1.5 0 0.6 -999.9 -999.9 365
