sta8 2013 1 1 1 4 9.1 3.1 0.1 1 -999.9 -999.9 365
sta8 2013 1 2 2 1.4 7.7 4.2 0 1.8 -999.9 -999.9 365
sta8 2013 1 3 3 6.3 9.5 1 0 0.2 -999.9 -999.9 365
sta8 2013 1 4 4 8.1 9 1.2 0.1 0 -999.9 -999.9 365
sta8 2013 1 5 5 7.6 8.9 0.9 0.1 0.2 -999.9 -999.9 365
sta8 2013 1 6 6 6.3 6.7 0.6 0 0 -999.9 -999.9 365
sta8 2013 1 7 7 4.6 8.3 2.7 0.1 0 -999.9 -999.9 365
sta8 2013 1 8 8 2.8 3.7 0.8 0 0.2 -999.9 -999.9 365
sta8 2013 1 9 9 2.4 4.2 1.2 0.1 1.8 -999.9 -999.9 365
sta8 2013 1 10 10 3.3 8.8 1.3 0 7.6 -999.9 -999.9 365
sta8 2013 1 11 11 4.2 6.3 4 0.1 1.6 -999.9 -999.9 365
sta8 2013 1 12 12 0.4 5.1 2 0 8.6 -999.9 -999.9 365
sta8 2013 1 13 13 3 4.7 1.5 0.2 1 -999.9 -999.9 365
sta8 2013 1 14 14 -2.7 2.3 4 0.2 2.4 -999.9 -999.9 365
sta8 2013 1 15 15 0.3 2.9 2.2 0.3 0.2 -999.9 -999.9 365
sta8 2013 1 16 16 -3.1 -0.4 7.7 0 0.4 -999.9 -999.9 365
sta8 2013 1 17 17 -6.9 -1.4 5.8 0 0 -999.9 -999.9 365
sta8 2013 1 18 18 -7.7 -1.7 1.8 0 1.2 -999.9 -999.9 365
sta8 2013 1 19 19 -2.7 -0.9 2.4 0.1 1.6 -999.9 -999.9 365
sta8 2013 1 20 20 -3.5 0.1 2.7 0.1 5 -999.9 -999.9 365
sta8 2013 1 21 21 -1.2 1.4 2.3 0 1.6 -999.9 -999.9 365
sta8 2013 1 22 22 -0.8 2.7 2.6 0 5.4 -999.9 -999.9 365
sta8 2013 1 23 23 0.8 2.3 2.5 0.1 0 -999.9 -999.9 365
sta8 2013 1 24 24 -0.3 1.7 1.5 0.1 0 -999.9 -999.9 365
sta8 2013 1 25 25 -4 -2 1.6 0.1 0 -999.9 -999.9 365
sta8 2013 1 26 26 -3.4 3.6 1.7 0.1 0 -999.9 -999.9 365
sta8 2013 1 27 27 1.2 8.3 2.2 0.3 4.6 -999.9 -999.9 365
sta8 2013 1 28 28 2.1 10.3 6.8 0.2 0 -999.9 -999.9 365
sta8 2013 1 29 29 7.3 12.7 1.9 0.6 0.8 -999.9 -999.9 365
sta8 2013 1 30 30 9.7 13.2 1.9 1.1 4.2 -999.9 -999.9 365
sta8 2013 1 31 31 3.4 10.8 3 0.2 2.6 -999.9 -999.9 365
sta8 2013 2 1 32 6.7 12.1 1.1 0.5 13.8 -999.9 -999.9 365
sta8 2013 2 2 33 1.1 5.9 4.2 0.4 1.6 -999.9 -999.9 365
sta8 2013 2 3 34 -0.1 7.9 4.5 0.7 1 -999.9 -999.9 365
sta8 2013 2 4 35 3.1 12 3.4 0.3 0.2 -999.9 -999.9 365
sta8 2013 2 5 36 1.1 5.9 3.2 0.5 6.6 -999.9 -999.9 365
sta8 2013 2 6 37 1.1 6.8 6.5 0.7 2.4 -999.9 -999.9 365
sta8 2013 2 7 38 1.3 5.3 4 0.7 0.8 -999.9 -999.9 365
sta8 2013 2 8 39 -0.6 5.1 6.2 0.3 0 -999.9 -999.9 365
sta8 2013 2 9 40 -0.4 3.1 3.1 0.3 1.8 -999.9 -999.9 365
sta8 2013 2 10 41 -1.2 5.7 3.2 0.5 12.6 -999.9 -999.9 365
sta8 2013 2 11 42 1.6 8.3 6.2 0.4 1.2 -999.9 -999.9 365
sta8 2013 2 12 43 1.2 2.7 1.7 0.2 0.4 -999.9 -999.9 365
sta8 2013 2 13 44 -1.2 1.1 4.1 0.6 0 -999.9 -999.9 365
sta8 2013 2 14 45 -1.5 7.2 1.9 0.3 5.6 -999.9 -999.9 365
sta8 2013 2 15 46 2.6 9.7 6.4 0.6 0 -999.9 -999.9 365
sta8 2013 2 16 47 -0.5 11 9.4 0.5 0.2 -999.9 -999.9 365
sta8 2013 2 17 48 0.7 5.3 6.5 0.4 0 -999.9 -999.9 365
sta8 2013 2 18 49 -1.1 7.4 11 0.6 0 -999.9 -999.9 365
sta8 2013 2 19 50 -3.6 8.9 11.5 0.4 0.2 -999.9 -999.9 365
sta8 2013 2 20 51 -1 7.3 9.8 0.9 0.2 -999.9 -999.9 365
sta8 2013 2 21 52 -2.6 2.3 8.2 1.2 0 -999.9 -999.9 365
sta8 2013 2 22 53 -3.6 0.8 10 1.1 0 -999.9 -999.9 365
sta8 2013 2 23 54 -4.8 -1.5 4.2 0.6 0 -999.9 -999.9 365
sta8 2013 2 24 55 -3.1 0.3 3.6 0.3 0.8 -999.9 -999.9 365
sta8 2013 2 25 56 -0.9 1.7 4 0.4 5.4 -999.9 -999.9 365
sta8 2013 2 26 57 -0.5 3.1 5.8 0.5 0.6 -999.9 -999.9 365
sta8 2013 2 27 58 1 3.8 2 0.2 0 -999.9 -999.9 365
sta8 2013 2 28 59 1.4 2.6 1.7 0.2 0 -999.9 -999.9 365
sta8 2013 3 1 60 1.6 2.7 1.4 0.3 0.2 -999.9 -999.9 365
sta8 2013 3 2 61 0.7 2.6 4.2 0.8 0 -999.9 -999.9 365
sta8 2013 3 3 62 -0.3 8.1 13.1 1.1 0 -999.9 -999.9 365
sta8 2013 3 4 63 -0.6 14.2 12.5 1.4 0 -999.9 -999.9 365
sta8 2013 3 5 64 4 15.6 7.7 2 0 -999.9 -999.9 365
sta8 2013 3 6 65 8.8 14.5 4.9 1.3 1.4 -999.9 -999.9 365
sta8 2013 3 7 66 8.7 14.2 4.3 0.9 3.4 -999.9 -999.9 365
sta8 2013 3 8 67 9.5 12.8 3.1 0.7 4.6 -999.9 -999.9 365
sta8 2013 3 9 68 6.8 15.1 10.9 1.3 0.8 -999.9 -999.9 365
sta8 2013 3 10 69 3.2 8.2 4.4 0.6 6 -999.9 -999.9 365
sta8 2013 3 11 70 1.9 4.8 3.1 0.3 18.8 -999.9 -999.9 365
sta8 2013 3 12 71 -2.4 0 2.8 0.2 0.6 -999.9 -999.9 365
sta8 2013 3 13 72 -6.4 2.3 11.6 0.7 0.4 -999.9 -999.9 365
sta8 2013 3 14 73 -0.8 5.3 12.4 1.3 0 -999.9 -999.9 365
sta8 2013 3 15 74 -4.4 7.3 15.8 1.3 0 -999.9 -999.9 365
sta8 2013 3 16 75 -0.1 9.9 6.1 1.7 1.8 -999.9 -999.9 365
sta8 2013 3 17 76 4.6 7.9 5.1 1.1 2.2 -999.9 -999.9 365
sta8 2013 3 18 77 -0.2 8.5 9.7 1 2.6 -999.9 -999.9 365
sta8 2013 3 19 78 2.8 8.2 5.5 0.9 9 -999.9 -999.9 365
sta8 2013 3 20 79 3.9 9.3 10.5 1.3 2.4 -999.9 -999.9 365
sta8 2013 3 21 80 -0.7 11.1 10.4 1 0 -999.9 -999.9 365
sta8 2013 3 22 81 3.7 13.4 11.8 1.9 0 -999.9 -999.9 365
sta8 2013 3 23 82 5.7 11.7 6.7 1.2 0 -999.9 -999.9 365
sta8 2013 3 24 83 3.9 9 10.5 1.6 0 -999.9 -999.9 365
sta8 2013 3 25 84 2.2 7.9 12.5 2 0 -999.9 -999.9 365
sta8 2013 3 26 85 1.1 5.8 12.3 1.8 0 -999.9 -999.9 365
sta8 2013 3 27 86 -1 6.3 12.5 1.5 0 -999.9 -999.9 365
sta8 2013 3 28 87 -2.3 6.2 10.4 1.3 0 -999.9 -999.9 365
sta8 2013 3 29 88 -3 6.8 13.4 1.4 0 -999.9 -999.9 365
sta8 2013 3 30 89 0.6 4.8 6.5 1.5 0.2 -999.9 -999.9 365
sta8 2013 3 31 90 -2.7 6.6 15.2 1.8 0 -999.9 -999.9 365
sta8 2013 4 1 91 -2.4 9.3 19.4 2.5 0 -999.9 -999.9 365
sta8 2013 4 2 92 -1.1 9.9 20 2.8 0 -999.9 -999.9 365
sta8 2013 4 3 93 -0.9 9.4 17.2 2.3 0 -999.9 -999.9 365
sta8 2013 4 4 94 1.7 7.9 7.1 2 0 -999.9 -999.9 365
sta8 2013 4 5 95 3.7 8.5 5.3 1.7 0.8 -999.9 -999.9 365
sta8 2013 4 6 96 2.5 7.5 7.4 1.8 0 -999.9 -999.9 365
sta8 2013 4 7 97 -0.5 10.8 18.9 2.3 0 -999.9 -999.9 365
sta8 2013 4 8 98 4.1 10.3 10.1 1.7 3.4 -999.9 -999.9 365
sta8 2013 4 9 99 5.5 11.9 8.5 1.6 11.2 -999.9 -999.9 365
sta8 2013 4 10 100 7.2 13 10.3 1.9 8.6 -999.9 -999.9 365
sta8 2013 4 11 101 9.8 13 6.3 1.3 9.2 -999.9 -999.9 365
sta8 2013 4 12 102 7.5 14.5 13 2.7 3.6 -999.9 -999.9 365
sta8 2013 4 13 103 6.1 14.7 9.3 1.6 0.6 -999.9 -999.9 365
sta8 2013 4 14 104 9.7 25.2 21.4 4.3 0 -999.9 -999.9 365
sta8 2013 4 15 105 10.7 19.1 12.4 2.2 1.2 -999.9 -999.9 365
sta8 2013 4 16 106 9.2 17.4 15.9 2.7 0 -999.9 -999.9 365
sta8 2013 4 17 107 10.1 25.1 21.3 4.2 0 -999.9 -999.9 365
sta8 2013 4 18 108 11.8 16.6 18.3 4.1 0 -999.9 -999.9 365
sta8 2013 4 19 109 4 13.1 16.7 2.4 2.2 -999.9 -999.9 365
sta8 2013 4 20 110 4.7 13.3 19 3.3 0 -999.9 -999.9 365
sta8 2013 4 21 111 2.3 15.5 22.8 3.1 0 -999.9 -999.9 365
sta8 2013 4 22 112 1.9 14.7 19.9 2.7 0 -999.9 -999.9 365
sta8 2013 4 23 113 3.3 17.9 19.3 2.7 0 -999.9 -999.9 365
sta8 2013 4 24 114 5.1 21.9 23.5 3.4 0 -999.9 -999.9 365
sta8 2013 4 25 115 6.2 25.2 23.8 3.7 0 -999.9 -999.9 365
sta8 2013 4 26 116 7.4 16.8 4.7 1.5 0.2 -999.9 -999.9 365
sta8 2013 4 27 117 3.9 11 13.2 2.4 0 -999.9 -999.9 365
sta8 2013 4 28 118 4.9 11.8 12.3 2.3 0 -999.9 -999.9 365
sta8 2013 4 29 119 0.3 15.2 21.8 2.9 0 -999.9 -999.9 365
sta8 2013 4 30 120 7.1 11 5.5 1.7 5.6 -999.9 -999.9 365
sta8 2013 5 1 121 7.8 14.1 6.6 1.4 11 -999.9 -999.9 365
sta8 2013 5 2 122 5.8 17.3 16.5 2.4 0.4 -999.9 -999.9 365
sta8 2013 5 3 123 7 15.7 11.4 2 0.8 -999.9 -999.9 365
sta8 2013 5 4 124 4.3 17.2 22.1 3 0 -999.9 -999.9 365
sta8 2013 5 5 125 9.9 19.2 16.8 3 0.2 -999.9 -999.9 365
sta8 2013 5 6 126 7.1 19.2 23.2 3.6 0 -999.9 -999.9 365
sta8 2013 5 7 127 5.9 22.1 20.4 3.2 0.2 -999.9 -999.9 365
sta8 2013 5 8 128 9.4 19.5 12.5 2.3 14 -999.9 -999.9 365
sta8 2013 5 9 129 10.1 15.5 17.9 3.2 0 -999.9 -999.9 365
sta8 2013 5 10 130 6.3 13.4 8.1 1.6 0 -999.9 -999.9 365
sta8 2013 5 11 131 8.8 16.7 17.9 3.5 1.8 -999.9 -999.9 365
sta8 2013 5 12 132 5.7 14.8 20.6 3.3 0 -999.9 -999.9 365
sta8 2013 5 13 133 10.5 14.8 9.4 2.3 0.2 -999.9 -999.9 365
sta8 2013 5 14 134 9 15.6 12.4 2.6 0.6 -999.9 -999.9 365
sta8 2013 5 15 135 7.5 14.2 16.7 2.9 0 -999.9 -999.9 365
sta8 2013 5 16 136 8.4 13.8 11.3 2.1 1 -999.9 -999.9 365
sta8 2013 5 17 137 4.5 16.3 17.4 2.6 0.2 -999.9 -999.9 365
sta8 2013 5 18 138 5.2 13.8 10.7 1.6 5.2 -999.9 -999.9 365
sta8 2013 5 19 139 8.4 15.1 11.5 2 9.6 -999.9 -999.9 365
sta8 2013 5 20 140 9.6 12.2 5.4 1 16 -999.9 -999.9 365
sta8 2013 5 21 141 9.8 11.9 3.7 0.5 2.4 -999.9 -999.9 365
sta8 2013 5 22 142 8.6 15.4 19.9 3.3 0.2 -999.9 -999.9 365
sta8 2013 5 23 143 6.5 12.7 17.5 3.2 0.4 -999.9 -999.9 365
sta8 2013 5 24 144 1.4 9.5 13 1.6 3 -999.9 -999.9 365
sta8 2013 5 25 145 4.8 14.2 15.5 2.6 2 -999.9 -999.9 365
sta8 2013 5 26 146 2.3 17.2 19 3 0.2 -999.9 -999.9 365
sta8 2013 5 27 147 3 18.7 24.4 3.5 0.4 -999.9 -999.9 365
sta8 2013 5 28 148 9.6 14.5 10.9 2.3 4.4 -999.9 -999.9 365
sta8 2013 5 29 149 5.2 15.7 19.3 3 2.6 -999.9 -999.9 365
sta8 2013 5 30 150 8.4 14.8 10.8 1.8 1.2 -999.9 -999.9 365
sta8 2013 5 31 151 10.6 16.6 10.9 2.4 0 -999.9 -999.9 365
sta8 2013 6 1 152 9.3 20.9 24 4.4 0 -999.9 -999.9 365
sta8 2013 6 2 153 9.8 18 24.1 4.5 0 -999.9 -999.9 365
sta8 2013 6 3 154 7.4 16.9 25 4.3 0 -999.9 -999.9 365
sta8 2013 6 4 155 7 18.8 28 4.6 0 -999.9 -999.9 365
sta8 2013 6 5 156 8.8 23.9 26.4 4.7 0 -999.9 -999.9 365
sta8 2013 6 6 157 11.7 26.8 27.2 5.2 0 -999.9 -999.9 365
sta8 2013 6 7 158 14 26.5 28.2 5.9 0 -999.9 -999.9 365
sta8 2013 6 8 159 13.8 26.8 20.6 4.9 33.6 -999.9 -999.9 365
sta8 2013 6 9 160 12.4 18.9 14 2.7 0.2 -999.9 -999.9 365
sta8 2013 6 10 161 11.7 20.5 14.9 2.9 0.2 -999.9 -999.9 365
sta8 2013 6 11 162 12 19 14.3 2.6 0 -999.9 -999.9 365
sta8 2013 6 12 163 14.9 20.9 10.6 2.4 0 -999.9 -999.9 365
sta8 2013 6 13 164 12.4 17.1 5.8 1.3 9 -999.9 -999.9 365
sta8 2013 6 14 165 9.1 19.2 20.8 3.4 0 -999.9 -999.9 365
sta8 2013 6 15 166 10.5 18.8 19.4 3.7 0.2 -999.9 -999.9 365
sta8 2013 6 16 167 8.8 22.6 24.1 4 0 -999.9 -999.9 365
sta8 2013 6 17 168 15 27.5 18 4.2 1.8 -999.9 -999.9 365
sta8 2013 6 18 169 16.2 26.6 20.8 4.3 4.8 -999.9 -999.9 365
sta8 2013 6 19 170 17.3 26 13.8 3.3 22.4 -999.9 -999.9 365
sta8 2013 6 20 171 16 22 15.9 3.4 5.2 -999.9 -999.9 365
sta8 2013 6 21 172 13.2 19 9.3 2.2 0 -999.9 -999.9 365
sta8 2013 6 22 173 13.1 17.4 12.2 2.7 0 -999.9 -999.9 365
sta8 2013 6 23 174 12.3 17.6 16 3.6 1.2 -999.9 -999.9 365
sta8 2013 6 24 175 10.2 17.3 13.9 3 0 -999.9 -999.9 365
sta8 2013 6 25 176 5.9 19 22.1 3.5 0 -999.9 -999.9 365
sta8 2013 6 26 177 6.6 19.5 20.8 3.4 0 -999.9 -999.9 365
sta8 2013 6 27 178 10.7 20.7 18.9 3.5 0.6 -999.9 -999.9 365
sta8 2013 6 28 179 11.8 16.8 8.3 1.6 1 -999.9 -999.9 365
sta8 2013 6 29 180 13.5 21.2 15.3 3.5 0 -999.9 -999.9 365
sta8 2013 6 30 181 8.1 23.3 25.8 4.2 0 -999.9 -999.9 365
sta8 2013 7 1 182 12.4 24.2 22.6 4.2 0 -999.9 -999.9 365
sta8 2013 7 2 183 12.2 25.8 18.6 3.7 1 -999.9 -999.9 365
sta8 2013 7 3 184 14.9 20.6 10.9 2.8 0.6 -999.9 -999.9 365
sta8 2013 7 4 185 13.5 20.2 14.7 2.8 0.2 -999.9 -999.9 365
sta8 2013 7 5 186 12.4 25.3 22.5 4.3 0 -999.9 -999.9 365
sta8 2013 7 6 187 12.8 27.3 25.7 5 0 -999.9 -999.9 365
sta8 2013 7 7 188 16.4 28.4 26.5 5.9 0 -999.9 -999.9 365
sta8 2013 7 8 189 14.8 28.1 27.5 5.9 0 -999.9 -999.9 365
sta8 2013 7 9 190 15.9 28.6 26.5 6 0 -999.9 -999.9 365
sta8 2013 7 10 191 15.5 27.7 26.1 5.8 0 -999.9 -999.9 365
sta8 2013 7 11 192 12.1 22.2 24.7 5 0 -999.9 -999.9 365
sta8 2013 7 12 193 11.4 25 27.2 5.3 0 -999.9 -999.9 365
sta8 2013 7 13 194 12.2 23.9 25.7 4.9 0 -999.9 -999.9 365
sta8 2013 7 14 195 11.9 28 27.1 5.4 0 -999.9 -999.9 365
sta8 2013 7 15 196 14.4 29.3 24 4.9 0 -999.9 -999.9 365
sta8 2013 7 16 197 15.8 29.1 23.9 5.3 0 -999.9 -999.9 365
sta8 2013 7 17 198 15.5 30 24.7 5.6 0 -999.9 -999.9 365
sta8 2013 7 18 199 16.9 29.9 24.1 5.9 0 -999.9 -999.9 365
sta8 2013 7 19 200 18.3 31.1 24.5 6.4 0 -999.9 -999.9 365
sta8 2013 7 20 201 17.5 31.2 25.1 6.2 0 -999.9 -999.9 365
sta8 2013 7 21 202 17.4 33.7 24.2 5.7 0 -999.9 -999.9 365
sta8 2013 7 22 203 18.1 33.9 24.1 5.6 0.6 -999.9 -999.9 365
sta8 2013 7 23 204 17.2 32.5 21.5 5.2 0.2 -999.9 -999.9 365
sta8 2013 7 24 205 17.7 28.5 18.9 4.3 0.2 -999.9 -999.9 365
sta8 2013 7 25 206 16.2 29.8 19.8 4.6 32.2 -999.9 -999.9 365
sta8 2013 7 26 207 19.2 29.7 17.7 4.3 12.2 -999.9 -999.9 365
sta8 2013 7 27 208 18.4 32.2 20.5 5.3 0 -999.9 -999.9 365
sta8 2013 7 28 209 16.1 26.5 21.5 4.7 8.4 -999.9 -999.9 365
sta8 2013 7 29 210 14.6 26.2 19.9 4.8 0.2 -999.9 -999.9 365
sta8 2013 7 30 211 14.8 25 16.8 4.3 0 -999.9 -999.9 365
sta8 2013 7 31 212 18.2 28.2 19.6 4.7 0 -999.9 -999.9 365
sta8 2013 8 1 213 16 34.8 25.8 6.2 0 -999.9 -999.9 365
sta8 2013 8 2 214 18.5 33.1 23.6 6.2 2.4 -999.9 -999.9 365
sta8 2013 8 3 215 15.9 26.4 22 5.1 0 -999.9 -999.9 365
sta8 2013 8 4 216 12.8 27.4 24.9 5 0 -999.9 -999.9 365
sta8 2013 8 5 217 12.2 30.2 18.9 4.4 0.6 -999.9 -999.9 365
sta8 2013 8 6 218 11.8 25.9 18.8 3.6 3.6 -999.9 -999.9 365
sta8 2013 8 7 219 15.1 22.6 14.4 2.9 1.6 -999.9 -999.9 365
sta8 2013 8 8 220 13.3 23.7 21.2 4.2 0 -999.9 -999.9 365
sta8 2013 8 9 221 11.4 25.5 19.8 4 0 -999.9 -999.9 365
sta8 2013 8 10 222 11.9 23 20.8 4.2 0 -999.9 -999.9 365
sta8 2013 8 11 223 8.8 24.4 18.5 3.3 0 -999.9 -999.9 365
sta8 2013 8 12 224 14.1 24 16.7 3.8 0 -999.9 -999.9 365
sta8 2013 8 13 225 10 22.5 20.7 3.9 0 -999.9 -999.9 365
sta8 2013 8 14 226 7.4 23.9 22.7 3.7 0 -999.9 -999.9 365
sta8 2013 8 15 227 9.2 27.3 23.3 4.1 0 -999.9 -999.9 365
sta8 2013 8 16 228 10.4 30 21.8 4.6 0 -999.9 -999.9 365
sta8 2013 8 17 229 13.8 27.1 18 4.2 0 -999.9 -999.9 365
sta8 2013 8 18 230 17.8 24.2 8.7 2.9 1 -999.9 -999.9 365
sta8 2013 8 19 231 14.5 23.7 19.5 4.3 0 -999.9 -999.9 365
sta8 2013 8 20 232 7.2 25.1 23.1 3.7 0 -999.9 -999.9 365
sta8 2013 8 21 233 9.5 26.3 22.4 4.2 0 -999.9 -999.9 365
sta8 2013 8 22 234 13.1 27.5 17.9 4.4 0 -999.9 -999.9 365
sta8 2013 8 23 235 12.2 30.8 20.8 4.5 0 -999.9 -999.9 365
sta8 2013 8 24 236 17.1 22.5 11.5 3.9 3 -999.9 -999.9 365
sta8 2013 8 25 237 11.3 15.3 4.3 0.8 5.4 -999.9 -999.9 365
sta8 2013 8 26 238 11.3 22.9 13.5 2.6 0.8 -999.9 -999.9 365
sta8 2013 8 27 239 14.1 22.9 12.4 2.7 0 -999.9 -999.9 365
sta8 2013 8 28 240 13.6 24.2 18.6 3.9 0 -999.9 -999.9 365
sta8 2013 8 29 241 10.8 24.5 19.1 3.4 0 -999.9 -999.9 365
sta8 2013 8 30 242 10 25.9 19.5 3.5 0 -999.9 -999.9 365
sta8 2013 8 31 243 11.6 23.7 11.8 2.5 0 -999.9 -999.9 365
sta8 2013 9 1 244 9.4 20.7 19.1 3.5 0 -999.9 -999.9 365
sta8 2013 9 2 245 7.2 25.6 20.6 3.5 0 -999.9 -999.9 365
sta8 2013 9 3 246 9.9 27.1 20.2 3.6 0 -999.9 -999.9 365
sta8 2013 9 4 247 12.3 31.2 20 3.9 0 -999.9 -999.9 365
sta8 2013 9 5 248 13.5 32.4 19.5 4.3 0 -999.9 -999.9 365
sta8 2013 9 6 249 14.5 23.3 10 2.6 0.4 -999.9 -999.9 365
sta8 2013 9 7 250 10.9 20.8 13.8 2.8 0 -999.9 -999.9 365
sta8 2013 9 8 251 10.1 21.7 14.6 3.2 0 -999.9 -999.9 365
sta8 2013 9 9 252 8.3 18.1 6.5 1.6 2.8 -999.9 -999.9 365
sta8 2013 9 10 253 10.6 18.5 14.8 2.8 0.2 -999.9 -999.9 365
sta8 2013 9 11 254 9.9 16.3 6.6 1.7 0 -999.9 -999.9 365
sta8 2013 9 12 255 10.6 16.7 4.9 1 2.2 -999.9 -999.9 365
sta8 2013 9 13 256 10.8 18.6 5.2 0.8 3.2 -999.9 -999.9 365
sta8 2013 9 14 257 12.8 16.3 2.9 0.5 30.4 -999.9 -999.9 365
sta8 2013 9 15 258 11.1 17.7 12.7 2.5 3.4 -999.9 -999.9 365
sta8 2013 9 16 259 11.6 16.5 9.7 2.5 0.2 -999.9 -999.9 365
sta8 2013 9 17 260 8.2 16.8 7.2 1.4 4.8 -999.9 -999.9 365
sta8 2013 9 18 261 14.1 18.2 9.9 2.3 3.2 -999.9 -999.9 365
sta8 2013 9 19 262 8.1 16.3 11.2 1.7 0 -999.9 -999.9 365
sta8 2013 9 20 263 11.7 20.5 13.3 2.3 0 -999.9 -999.9 365
sta8 2013 9 21 264 7.9 22 14.3 1.9 0 -999.9 -999.9 365
sta8 2013 9 22 265 11 19.3 5.7 1 0 -999.9 -999.9 365
sta8 2013 9 23 266 12.6 23 14.6 2.4 0.2 -999.9 -999.9 365
sta8 2013 9 24 267 8.7 23.5 16.3 2.1 0.2 -999.9 -999.9 365
sta8 2013 9 25 268 8.4 25.7 11.8 1.9 0.6 -999.9 -999.9 365
sta8 2013 9 26 269 11.5 23.6 11 1.8 0 -999.9 -999.9 365
sta8 2013 9 27 270 12.8 24.5 13 2.3 0.2 -999.9 -999.9 365
sta8 2013 9 28 271 15.4 23.1 6.9 1.6 7.6 -999.9 -999.9 365
sta8 2013 9 29 272 15.6 18.3 3.3 0.6 2 -999.9 -999.9 365
sta8 2013 9 30 273 14 18.2 4.6 0.8 0.2 -999.9 -999.9 365
sta8 2013 10 1 274 13.8 18.8 5 1.6 3 -999.9 -999.9 365
sta8 2013 10 2 275 12.7 20.6 6.1 1.1 0 -999.9 -999.9 365
sta8 2013 10 3 276 13.8 25.1 10.3 2.1 2 -999.9 -999.9 365
sta8 2013 10 4 277 15.7 20.5 6.2 1.4 0.2 -999.9 -999.9 365
sta8 2013 10 5 278 14.9 18.5 8.3 1.7 0 -999.9 -999.9 365
sta8 2013 10 6 279 12.2 18.6 7.9 1.4 0 -999.9 -999.9 365
sta8 2013 10 7 280 12 19.2 9.4 1.4 0 -999.9 -999.9 365
sta8 2013 10 8 281 11.2 19.3 9 1.4 0 -999.9 -999.9 365
sta8 2013 10 9 282 13 18.9 6.3 1.6 2.6 -999.9 -999.9 365
sta8 2013 10 10 283 6.6 12.5 8.7 1.4 0.2 -999.9 -999.9 365
sta8 2013 10 11 284 6.9 10.2 3.9 0.8 11.8 -999.9 -999.9 365
sta8 2013 10 12 285 6.5 12.8 9.2 1.1 0.2 -999.9 -999.9 365
sta8 2013 10 13 286 2.3 11 9.9 0.8 0 -999.9 -999.9 365
sta8 2013 10 14 287 6.9 14.6 4.4 0.6 10.2 -999.9 -999.9 365
sta8 2013 10 15 288 10.1 13 1.7 0.3 3 -999.9 -999.9 365
sta8 2013 10 16 289 5.3 16.4 2.5 0.5 4.8 -999.9 -999.9 365
sta8 2013 10 17 290 8.6 17.6 8.3 1 0.4 -999.9 -999.9 365
sta8 2013 10 18 291 6.3 16.7 8.8 0.8 0.2 -999.9 -999.9 365
sta8 2013 10 19 292 9 20.7 6.7 1.1 0.4 -999.9 -999.9 365
sta8 2013 10 20 293 12.4 19.1 6 1.2 0 -999.9 -999.9 365
sta8 2013 10 21 294 11.9 20.9 7.6 1.2 0.2 -999.9 -999.9 365
sta8 2013 10 22 295 13.2 22.8 6.2 1.5 2.8 -999.9 -999.9 365
sta8 2013 10 23 296 15.1 19.6 8.7 1.9 0.2 -999.9 -999.9 365
sta8 2013 10 24 297 11.5 17.5 6.3 0.9 0.6 -999.9 -999.9 365
sta8 2013 10 25 298 13.4 19.3 2.8 0.9 11.8 -999.9 -999.9 365
sta8 2013 10 26 299 15.1 19.4 4.7 1.2 1.2 -999.9 -999.9 365
sta8 2013 10 27 300 12.5 16.1 5.3 1.4 6.6 -999.9 -999.9 365
sta8 2013 10 28 301 11.9 16.4 5.4 1.9 0.6 -999.9 -999.9 365
sta8 2013 10 29 302 7 14 9.3 1 0 -999.9 -999.9 365
sta8 2013 10 30 303 2.3 14.3 10 0.4 0 -999.9 -999.9 365
sta8 2013 10 31 304 0.2 13.7 9.1 0.4 0.2 -999.9 -999.9 365
sta8 2013 11 1 305 8.3 14.3 1.8 1.1 18.2 -999.9 -999.9 365
sta8 2013 11 2 306 8.8 16.4 5.7 0.7 1.2 -999.9 -999.9 365
sta8 2013 11 3 307 7 12.7 8.5 0.9 6 -999.9 -999.9 365
sta8 2013 11 4 308 6.9 14 4.3 1.1 1 -999.9 -999.9 365
sta8 2013 11 5 309 2.2 13.3 2 0.4 6.6 -999.9 -999.9 365
sta8 2013 11 6 310 10.1 16.3 6.2 0.7 0 -999.9 -999.9 365
sta8 2013 11 7 311 13.3 17 4 1.2 7.4 -999.9 -999.9 365
sta8 2013 11 8 312 11 13.9 2.7 0.9 7.4 -999.9 -999.9 365
sta8 2013 11 9 313 4.9 12.1 3.9 0.6 17.8 -999.9 -999.9 365
sta8 2013 11 10 314 5.6 10.3 6.4 0.7 1 -999.9 -999.9 365
sta8 2013 11 11 315 -1.4 10.2 7.4 0 0 -999.9 -999.9 365
sta8 2013 11 12 316 6.5 10.2 3.2 0.4 1.8 -999.9 -999.9 365
sta8 2013 11 13 317 5.7 10.8 7.8 0.3 0 -999.9 -999.9 365
sta8 2013 11 14 318 0.2 9.2 3.6 0.3 1.2 -999.9 -999.9 365
sta8 2013 11 15 319 4.7 9.2 2.7 0.9 0 -999.9 -999.9 365
sta8 2013 11 16 320 0.6 4.5 3.3 0.2 0 -999.9 -999.9 365
sta8 2013 11 17 321 3.2 4.8 0.9 0.1 0 -999.9 -999.9 365
sta8 2013 11 18 322 4.3 5.9 1.8 0.3 0.2 -999.9 -999.9 365
sta8 2013 11 19 323 0.3 7.1 1.8 0.4 0.6 -999.9 -999.9 365
sta8 2013 11 20 324 0.3 5.6 5.4 0.2 6.8 -999.9 -999.9 365
sta8 2013 11 21 325 1.1 4.1 2 0.3 1.8 -999.9 -999.9 365
sta8 2013 11 22 326 1.8 4.8 1.6 0.5 0 -999.9 -999.9 365
sta8 2013 11 23 327 4.4 5.7 0.9 0.5 0 -999.9 -999.9 365
sta8 2013 11 24 328 2 7.4 5.3 0.2 0 -999.9 -999.9 365
sta8 2013 11 25 329 4.2 6.8 3.6 0.5 0 -999.9 -999.9 365
sta8 2013 11 26 330 2 5.7 3.4 0.2 0 -999.9 -999.9 365
sta8 2013 11 27 331 2.6 7 4.1 0.2 0.2 -999.9 -999.9 365
sta8 2013 11 28 332 -2.2 5.9 2.5 0.1 0 -999.9 -999.9 365
sta8 2013 11 29 333 4.6 8.7 1.9 0.2 1.8 -999.9 -999.9 365
sta8 2013 11 30 334 3.3 7.8 3.6 0.1 0.4 -999.9 -999.9 365
sta8 2013 12 1 335 3.6 6.9 3.3 0.2 0 -999.9 -999.9 365
sta8 2013 12 2 336 3.6 8.3 4.5 0.3 0 -999.9 -999.9 365
sta8 2013 12 3 337 -2.2 7.9 6 0 0.2 -999.9 -999.9 365
sta8 2013 12 4 338 -1.5 5.1 1.5 0 0.2 -999.9 -999.9 365
sta8 2013 12 5 339 4.1 8 3.6 0.2 0.2 -999.9 -999.9 365
sta8 2013 12 6 340 3.5 8.2 4.3 0.2 0 -999.9 -999.9 365
sta8 2013 12 7 341 0.9 7.4 2.7 0.1 0 -999.9 -999.9 365
sta8 2013 12 8 342 0.2 9.5 5.5 0 0 -999.9 -999.9 365
sta8 2013 12 9 343 -3.5 6.6 6.1 0 0.2 -999.9 -999.9 365
sta8 2013 12 10 344 -4.6 8.3 6.6 0 0.2 -999.9 -999.9 365
sta8 2013 12 11 345 -4.6 5.3 6.7 0 0.2 -999.9 -999.9 365
sta8 2013 12 12 346 -5.4 4 4.6 0 0.2 -999.9 -999.9 365
sta8 2013 12 13 347 -3.6 5.2 3.2 0 3.4 -999.9 -999.9 365
sta8 2013 12 14 348 1.8 5.5 2.4 0 0 -999.9 -999.9 365
sta8 2013 12 15 349 1.7 9.7 5.2 0 0.2 -999.9 -999.9 365
sta8 2013 12 16 350 0.2 12.4 5.3 0 0 -999.9 -999.9 365
sta8 2013 12 17 351 0.3 10.2 4.6 0 0 -999.9 -999.9 365
sta8 2013 12 18 352 6.6 10.9 2.1 0.5 3.2 -999.9 -999.9 365
sta8 2013 12 19 353 4.5 9.6 3.5 0.2 0 -999.9 -999.9 365
sta8 2013 12 20 354 0.9 8.3 4.9 0 0.4 -999.9 -999.9 365
sta8 2013 12 21 355 1.8 7.2 2.3 0.7 0.2 -999.9 -999.9 365
sta8 2013 12 22 356 4.1 9.8 1.2 0.1 2.8 -999.9 -999.9 365
sta8 2013 12 23 357 7.4 11.6 2.2 0.8 1 -999.9 -999.9 365
sta8 2013 12 24 358 8.8 11.6 0.6 1 17.2 -999.9 -999.9 365
sta8 2013 12 25 359 5.7 9.1 3.3 0.2 0.4 -999.9 -999.9 365
sta8 2013 12 26 360 3.3 8.2 5.2 0 0.4 -999.9 -999.9 365
sta8 2013 12 27 361 2.9 12.7 1.9 0.1 4.6 -999.9 -999.9 365
sta8 2013 12 28 362 4.5 8.8 1.3 0.3 3 -999.9 -999.9 365
sta8 2013 12 29 363 3 7.9 4.2 0 0.2 -999.9 -999.9 365
sta8 2013 12 30 364 0.4 6 2.5 0.1 1.4 -999.9 -999.9 365
sta8 2013 12 31 365 4.3 9 3.1 0.5 2.4 -999.9 -999.9 365
