sta8 2012 1 1 1 11.4 13.8 1.6 0.6 10.2 -999.9 -999.9 365
sta8 2012 1 2 2 4.6 9.4 3.9 0 0.8 -999.9 -999.9 365
sta8 2012 1 3 3 3.2 11.9 1.5 0.1 9.2 -999.9 -999.9 365
sta8 2012 1 4 4 4.8 9.1 4.6 0.1 0 -999.9 -999.9 365
sta8 2012 1 5 5 7.2 12.2 1.9 1.5 2 -999.9 -999.9 365
sta8 2012 1 6 6 2.9 8.5 5.4 0 0 -999.9 -999.9 365
sta8 2012 1 7 7 1.4 11.1 2.4 0 0 -999.9 -999.9 365
sta8 2012 1 8 8 6.4 7.6 1.1 0.3 0.2 -999.9 -999.9 365
sta8 2012 1 9 9 6.1 9.9 2.5 0.1 0 -999.9 -999.9 365
sta8 2012 1 10 10 6 10.5 2.3 0.1 0 -999.9 -999.9 365
sta8 2012 1 11 11 7 10.5 2.4 0.4 0 -999.9 -999.9 365
sta8 2012 1 12 12 -0.7 5 2.9 0 0 -999.9 -999.9 365
sta8 2012 1 13 13 2.7 7.4 3.4 0.1 0 -999.9 -999.9 365
sta8 2012 1 14 14 -1.4 5.3 6.6 0 0 -999.9 -999.9 365
sta8 2012 1 15 15 -2.6 4.2 6.5 0 0 -999.9 -999.9 365
sta8 2012 1 16 16 -1.1 4.5 6.3 0.3 0 -999.9 -999.9 365
sta8 2012 1 17 17 -5.1 5.3 6 0 0 -999.9 -999.9 365
sta8 2012 1 18 18 -2.5 8.6 2.1 0.1 1.2 -999.9 -999.9 365
sta8 2012 1 19 19 4.5 11.9 1.9 0 0.4 -999.9 -999.9 365
sta8 2012 1 20 20 5.4 8.6 1.9 0.4 1.8 -999.9 -999.9 365
sta8 2012 1 21 21 7.2 11.7 2.4 0.5 0.2 -999.9 -999.9 365
sta8 2012 1 22 22 7.3 10.1 2 0.7 0 -999.9 -999.9 365
sta8 2012 1 23 23 4.9 9.8 4.1 0.3 1.2 -999.9 -999.9 365
sta8 2012 1 24 24 4.6 9 3 0.2 4 -999.9 -999.9 365
sta8 2012 1 25 25 6.1 10.7 2.1 0 0.8 -999.9 -999.9 365
sta8 2012 1 26 26 5.4 9.1 2.3 0.3 2 -999.9 -999.9 365
sta8 2012 1 27 27 0.1 8.7 6.8 0 1.4 -999.9 -999.9 365
sta8 2012 1 28 28 1.8 4.8 2 0.2 1.2 -999.9 -999.9 365
sta8 2012 1 29 29 0.6 2.8 4.4 0.3 0 -999.9 -999.9 365
sta8 2012 1 30 30 -0.9 0.5 1.8 0.3 0 -999.9 -999.9 365
sta8 2012 1 31 31 -2.2 0.7 3.2 0.4 0 -999.9 -999.9 365
sta8 2012 2 1 32 -4.6 -1.6 7.4 0.4 0 -999.9 -999.9 365
sta8 2012 2 2 33 -7.8 -1.9 8.2 0.9 0 -999.9 -999.9 365
sta8 2012 2 3 34 -9.3 -2.4 8.3 0.6 0 -999.9 -999.9 365
sta8 2012 2 4 35 -9 -2.6 9.5 0.1 0 -999.9 -999.9 365
sta8 2012 2 5 36 -10 -3.3 4.1 0.5 0 -999.9 -999.9 365
sta8 2012 2 6 37 -10.4 -1.1 6.6 0.3 0 -999.9 -999.9 365
sta8 2012 2 7 38 -11 -2.3 9 0.7 0 -999.9 -999.9 365
sta8 2012 2 8 39 -8.1 -3.9 4.7 0.5 0 -999.9 -999.9 365
sta8 2012 2 9 40 -9.5 1.3 9.3 0.3 0 -999.9 -999.9 365
sta8 2012 2 10 41 -7.7 -0.3 10.3 0.4 0 -999.9 -999.9 365
sta8 2012 2 11 42 -9.2 -0.9 9.6 0.7 0 -999.9 -999.9 365
sta8 2012 2 12 43 -10.9 0.7 8.4 0.5 0 -999.9 -999.9 365
sta8 2012 2 13 44 -1.6 3.7 2.7 0.3 3.2 -999.9 -999.9 365
sta8 2012 2 14 45 1.6 5.9 3 0.5 0 -999.9 -999.9 365
sta8 2012 2 15 46 1.8 9 4.9 0.6 0.2 -999.9 -999.9 365
sta8 2012 2 16 47 3.7 7.8 3.8 0.5 0 -999.9 -999.9 365
sta8 2012 2 17 48 1 9.5 5.8 0.4 0.4 -999.9 -999.9 365
sta8 2012 2 18 49 5.5 8.2 2.5 0.3 2.6 -999.9 -999.9 365
sta8 2012 2 19 50 1.2 7.7 10.6 0.9 0 -999.9 -999.9 365
sta8 2012 2 20 51 -4.6 6.5 11.1 0.5 0.2 -999.9 -999.9 365
sta8 2012 2 21 52 -4.9 7.7 11.3 0.4 0 -999.9 -999.9 365
sta8 2012 2 22 53 -4.1 8.5 11.2 0.5 1 -999.9 -999.9 365
sta8 2012 2 23 54 3.9 12 3.5 0.5 0.4 -999.9 -999.9 365
sta8 2012 2 24 55 8.6 14.1 5.3 0.8 0.2 -999.9 -999.9 365
sta8 2012 2 25 56 5.9 11.5 3 0.4 0.2 -999.9 -999.9 365
sta8 2012 2 26 57 4.1 10.7 9.1 0.9 0 -999.9 -999.9 365
sta8 2012 2 27 58 -0.6 11.5 10.6 0.7 0 -999.9 -999.9 365
sta8 2012 2 28 59 1.9 10.5 4.6 0.5 0 -999.9 -999.9 365
sta8 2012 2 29 60 1.5 15.4 11.2 0.9 0 -999.9 -999.9 365
sta8 2012 3 1 61 7.5 8.8 2.6 0.2 0.6 -999.9 -999.9 365
sta8 2012 3 2 62 7.8 9.7 2.4 0.3 0 -999.9 -999.9 365
sta8 2012 3 3 63 4.4 9.8 3.2 0.4 0 -999.9 -999.9 365
sta8 2012 3 4 64 6 10.6 4.1 1.1 4 -999.9 -999.9 365
sta8 2012 3 5 65 1.2 9.1 9.9 1.5 0.6 -999.9 -999.9 365
sta8 2012 3 6 66 3.6 7.4 6.4 0.9 0.2 -999.9 -999.9 365
sta8 2012 3 7 67 -1.1 7.7 5.3 0.6 5.4 -999.9 -999.9 365
sta8 2012 3 8 68 1.3 10.2 12.2 1.3 0 -999.9 -999.9 365
sta8 2012 3 9 69 -1.2 12.5 14.2 1.1 0 -999.9 -999.9 365
sta8 2012 3 10 70 5.4 12 6.1 0.9 0 -999.9 -999.9 365
sta8 2012 3 11 71 8.2 13.3 7.9 1.4 0 -999.9 -999.9 365
sta8 2012 3 12 72 4.2 16.4 14.5 1.7 0.2 -999.9 -999.9 365
sta8 2012 3 13 73 6 15.1 12.9 1.7 0 -999.9 -999.9 365
sta8 2012 3 14 74 3.2 16.5 14.3 1.7 0 -999.9 -999.9 365
sta8 2012 3 15 75 0.3 22.3 15.8 1.9 0 -999.9 -999.9 365
sta8 2012 3 16 76 2.8 24.2 15.5 2.3 0 -999.9 -999.9 365
sta8 2012 3 17 77 6.3 12 3.9 0.8 0.4 -999.9 -999.9 365
sta8 2012 3 18 78 6.1 11.1 7.9 1.3 8.5 -999.9 -999.9 365
sta8 2012 3 19 79 4.4 9.8 8.4 1.4 0.2 -999.9 -999.9 365
sta8 2012 3 20 80 0 12.5 15.1 1.6 0 -999.9 -999.9 365
sta8 2012 3 21 81 1.8 16.9 16.4 2.5 0 -999.9 -999.9 365
sta8 2012 3 22 82 5.9 20.5 13.4 2.3 0 -999.9 -999.9 365
sta8 2012 3 23 83 3.2 21.3 15.8 2.4 0 -999.9 -999.9 365
sta8 2012 3 24 84 5.3 21.2 16.7 2.6 0 -999.9 -999.9 365
sta8 2012 3 25 85 7.5 21.4 16.9 3.2 0 -999.9 -999.9 365
sta8 2012 3 26 86 7.8 21 18.4 3.8 0 -999.9 -999.9 365
sta8 2012 3 27 87 6.1 20.8 18.2 3.5 0 -999.9 -999.9 365
sta8 2012 3 28 88 7.4 20.7 17.7 3.2 0 -999.9 -999.9 365
sta8 2012 3 29 89 7.7 20.6 18.3 3.5 0 -999.9 -999.9 365
sta8 2012 3 30 90 6.1 19.2 17.8 2.8 0 -999.9 -999.9 365
sta8 2012 3 31 91 4.4 12.6 6.8 1.4 0 -999.9 -999.9 365
sta8 2012 4 1 92 1.4 12.9 19.7 3.1 0 -999.9 -999.9 365
sta8 2012 4 2 93 1 17.4 19.7 2.8 0 -999.9 -999.9 365
sta8 2012 4 3 94 0.2 17.4 18.6 2.3 1 -999.9 -999.9 365
sta8 2012 4 4 95 0.9 14.3 15.1 1.8 0 -999.9 -999.9 365
sta8 2012 4 5 96 2.4 13.1 13.9 1.9 0 -999.9 -999.9 365
sta8 2012 4 6 97 5.6 14.1 13.4 2.6 0 -999.9 -999.9 365
sta8 2012 4 7 98 1.9 13.5 10.6 2.1 0 -999.9 -999.9 365
sta8 2012 4 8 99 -0.6 10.9 16.5 2 0 -999.9 -999.9 365
sta8 2012 4 9 100 8.8 13.5 6 1.9 0.8 -999.9 -999.9 365
sta8 2012 4 10 101 7.7 14.9 7.9 2.2 4.4 -999.9 -999.9 365
sta8 2012 4 11 102 3 14 16.7 2.3 0.6 -999.9 -999.9 365
sta8 2012 4 12 103 4.1 14.1 16.2 2.3 0 -999.9 -999.9 365
sta8 2012 4 13 104 -0.3 14.6 17.8 2.1 0 -999.9 -999.9 365
sta8 2012 4 14 105 2.6 14.6 15 2.3 0.2 -999.9 -999.9 365
sta8 2012 4 15 106 4.1 11.5 15.3 3.4 0 -999.9 -999.9 365
sta8 2012 4 16 107 2.4 11.1 18.1 3.3 0 -999.9 -999.9 365
sta8 2012 4 17 108 -2.3 9.5 7.9 1.1 5 -999.9 -999.9 365
sta8 2012 4 18 109 4.3 11.4 9 1.8 10.6 -999.9 -999.9 365
sta8 2012 4 19 110 4.1 13.3 15 2.2 1.6 -999.9 -999.9 365
sta8 2012 4 20 111 4.3 13.7 14.7 2.3 1.2 -999.9 -999.9 365
sta8 2012 4 21 112 5.4 12.3 12.4 2.1 4 -999.9 -999.9 365
sta8 2012 4 22 113 4.1 13.6 20 2.9 0.4 -999.9 -999.9 365
sta8 2012 4 23 114 3.6 11.1 8.4 1.5 10 -999.9 -999.9 365
sta8 2012 4 24 115 6.5 12.6 13.9 2.3 1.4 -999.9 -999.9 365
sta8 2012 4 25 116 5.8 11.9 5.5 1.3 7 -999.9 -999.9 365
sta8 2012 4 26 117 8.9 14.6 12.2 2.6 0.6 -999.9 -999.9 365
sta8 2012 4 27 118 8.7 13.3 6.8 1.6 3.4 -999.9 -999.9 365
sta8 2012 4 28 119 9.9 17.8 4.9 1.2 3.2 -999.9 -999.9 365
sta8 2012 4 29 120 11.5 16.8 16 3.7 0.8 -999.9 -999.9 365
sta8 2012 4 30 121 7.2 18.8 18.3 3.1 3 -999.9 -999.9 365
sta8 2012 5 1 122 9.4 18.4 24.9 3.9 0 -999.9 -999.9 365
sta8 2012 5 2 123 7.9 13.6 5.8 1.2 4 -999.9 -999.9 365
sta8 2012 5 3 124 9.4 20.9 23.3 3.8 0.2 -999.9 -999.9 365
sta8 2012 5 4 125 9.5 18.8 10.2 2 16.6 -999.9 -999.9 365
sta8 2012 5 5 126 8.8 18 13.6 2.4 8.6 -999.9 -999.9 365
sta8 2012 5 6 127 9.3 15.7 12.2 2.1 4.8 -999.9 -999.9 365
sta8 2012 5 7 128 8.1 17.8 20 3.1 0.2 -999.9 -999.9 365
sta8 2012 5 8 129 10.7 17.1 10.5 2 3.6 -999.9 -999.9 365
sta8 2012 5 9 130 14.1 21.6 17.1 3.5 0 -999.9 -999.9 365
sta8 2012 5 10 131 13.9 27.4 22.7 4.7 0 -999.9 -999.9 365
sta8 2012 5 11 132 14.1 20.7 12.5 2.8 0 -999.9 -999.9 365
sta8 2012 5 12 133 10.3 16.1 26.1 4.7 0 -999.9 -999.9 365
sta8 2012 5 13 134 4.5 15.3 26.8 3.9 0 -999.9 -999.9 365
sta8 2012 5 14 135 2.5 18.5 27 3.7 0 -999.9 -999.9 365
sta8 2012 5 15 136 5.7 13.1 17.2 3 0.4 -999.9 -999.9 365
sta8 2012 5 16 137 3.3 15.4 22.8 3.4 0 -999.9 -999.9 365
sta8 2012 5 17 138 2.2 16.8 16.1 2.9 0 -999.9 -999.9 365
sta8 2012 5 18 139 8.5 17.7 12.2 2.5 0.2 -999.9 -999.9 365
sta8 2012 5 19 140 7.7 19 13.9 2.2 4.4 -999.9 -999.9 365
sta8 2012 5 20 141 11.2 20.3 13.5 2.6 10.8 -999.9 -999.9 365
sta8 2012 5 21 142 11.3 13.1 2.7 0.6 11.4 -999.9 -999.9 365
sta8 2012 5 22 143 11.8 19.6 9.7 2.3 0 -999.9 -999.9 365
sta8 2012 5 23 144 12.5 24.2 19.5 3.7 0 -999.9 -999.9 365
sta8 2012 5 24 145 13.4 26.4 23.6 4.5 0 -999.9 -999.9 365
sta8 2012 5 25 146 16.3 25.7 27.7 6 0 -999.9 -999.9 365
sta8 2012 5 26 147 12.4 24.8 28.2 5.6 0 -999.9 -999.9 365
sta8 2012 5 27 148 10.4 24.1 25.4 4.3 0.2 -999.9 -999.9 365
sta8 2012 5 28 149 11.4 25.1 25.7 4.8 3 -999.9 -999.9 365
sta8 2012 5 29 150 10.8 25.6 27.4 4.9 0 -999.9 -999.9 365
sta8 2012 5 30 151 12.3 24.7 22.3 4.2 1 -999.9 -999.9 365
sta8 2012 5 31 152 12 20.5 23.2 4 0 -999.9 -999.9 365
sta8 2012 6 1 153 11.3 20.4 16.6 2.9 0 -999.9 -999.9 365
sta8 2012 6 2 154 9.7 25.3 26.2 4.5 15.8 -999.9 -999.9 365
sta8 2012 6 3 155 15.5 19.9 16.9 3.6 0 -999.9 -999.9 365
sta8 2012 6 4 156 11.4 16.3 12.1 2.6 1.6 -999.9 -999.9 365
sta8 2012 6 5 157 4.9 17.4 17.6 2.6 2.2 -999.9 -999.9 365
sta8 2012 6 6 158 13.5 20.2 16.7 3.4 3 -999.9 -999.9 365
sta8 2012 6 7 159 13.4 22.2 15 3.3 3 -999.9 -999.9 365
sta8 2012 6 8 160 11.4 19.4 20.5 4.1 0.2 -999.9 -999.9 365
sta8 2012 6 9 161 7 17.5 20.6 3.4 0 -999.9 -999.9 365
sta8 2012 6 10 162 9.2 17 9.9 1.8 14.6 -999.9 -999.9 365
sta8 2012 6 11 163 12.1 19.2 18 3.5 1.2 -999.9 -999.9 365
sta8 2012 6 12 164 10.9 14.8 6.2 1.3 0.4 -999.9 -999.9 365
sta8 2012 6 13 165 10.4 18.5 17.6 3.2 4.2 -999.9 -999.9 365
sta8 2012 6 14 166 7.1 21.7 21.6 3.5 2.6 -999.9 -999.9 365
sta8 2012 6 15 167 14.1 20.9 14.2 3.1 5 -999.9 -999.9 365
sta8 2012 6 16 168 13.8 17.2 7.6 1.7 6 -999.9 -999.9 365
sta8 2012 6 17 169 8.1 21.5 26 4.3 19.8 -999.9 -999.9 365
sta8 2012 6 18 170 12.6 20 16.3 3.1 0 -999.9 -999.9 365
sta8 2012 6 19 171 12.4 20.1 13.6 2.7 12 -999.9 -999.9 365
sta8 2012 6 20 172 11.5 23.7 24.6 4.3 0.6 -999.9 -999.9 365
sta8 2012 6 21 173 16.1 26.7 17.7 4.5 1.6 -999.9 -999.9 365
sta8 2012 6 22 174 10.6 21 25.4 4.7 0 -999.9 -999.9 365
sta8 2012 6 23 175 9.2 20.7 25.6 4.2 0.2 -999.9 -999.9 365
sta8 2012 6 24 176 9.7 18.2 8.7 1.7 3.8 -999.9 -999.9 365
sta8 2012 6 25 177 12.5 21.9 23.8 4.3 4.2 -999.9 -999.9 365
sta8 2012 6 26 178 14.5 22.3 12.2 2.4 3.2 -999.9 -999.9 365
sta8 2012 6 27 179 13.8 26.5 23.6 4.4 0 -999.9 -999.9 365
sta8 2012 6 28 180 16.7 31.4 22.1 5.2 0 -999.9 -999.9 365
sta8 2012 6 29 181 14.9 23.5 16.2 3.5 3.4 -999.9 -999.9 365
sta8 2012 6 30 182 12.3 24.8 21.3 4.3 0.6 -999.9 -999.9 365
sta8 2012 7 1 183 11.8 21.1 21.7 4.2 0 -999.9 -999.9 365
sta8 2012 7 2 184 9.4 23.9 24.6 4.4 0 -999.9 -999.9 365
sta8 2012 7 3 185 11.9 24.6 19.7 3.7 0 -999.9 -999.9 365
sta8 2012 7 4 186 15.5 27.4 22.4 4.8 0 -999.9 -999.9 365
sta8 2012 7 5 187 15.4 21.4 10.1 2.4 9.2 -999.9 -999.9 365
sta8 2012 7 6 188 13.2 21.4 19.8 3.9 7.4 -999.9 -999.9 365
sta8 2012 7 7 189 10.6 23 12.6 2.5 25.4 -999.9 -999.9 365
sta8 2012 7 8 190 15.1 20.8 12.1 2.9 6.8 -999.9 -999.9 365
sta8 2012 7 9 191 13 24.1 18.8 3.9 0 -999.9 -999.9 365
sta8 2012 7 10 192 14.6 20.3 12.5 3.1 0 -999.9 -999.9 365
sta8 2012 7 11 193 11.4 19.4 15.5 3.2 1.2 -999.9 -999.9 365
sta8 2012 7 12 194 12.1 19 10 2.3 8 -999.9 -999.9 365
sta8 2012 7 13 195 13.1 17.8 6.5 2.2 11 -999.9 -999.9 365
sta8 2012 7 14 196 11.6 22.1 16.3 3.6 2.4 -999.9 -999.9 365
sta8 2012 7 15 197 12.3 20.4 15.6 3.5 1.2 -999.9 -999.9 365
sta8 2012 7 16 198 6.7 23.5 23.4 4.2 0 -999.9 -999.9 365
sta8 2012 7 17 199 14 27.2 23.1 5.1 0 -999.9 -999.9 365
sta8 2012 7 18 200 14.4 28 25.8 5.8 0 -999.9 -999.9 365
sta8 2012 7 19 201 15.1 21.7 16.8 4.1 0.4 -999.9 -999.9 365
sta8 2012 7 20 202 13.4 19.7 9.1 2.3 0 -999.9 -999.9 365
sta8 2012 7 21 203 8.4 23.1 22 4 0 -999.9 -999.9 365
sta8 2012 7 22 204 9.9 23.7 25.9 4.7 0 -999.9 -999.9 365
sta8 2012 7 23 205 9.7 26.5 27.2 5.3 0 -999.9 -999.9 365
sta8 2012 7 24 206 11.8 30 26.5 5.2 0 -999.9 -999.9 365
sta8 2012 7 25 207 13.3 31.4 25.5 5.2 0 -999.9 -999.9 365
sta8 2012 7 26 208 16.5 32.5 25.1 5.8 0 -999.9 -999.9 365
sta8 2012 7 27 209 17.7 31.3 15.1 4.1 20.8 -999.9 -999.9 365
sta8 2012 7 28 210 17.4 24.2 11.4 3.3 0 -999.9 -999.9 365
sta8 2012 7 29 211 9.3 21.8 21.2 3.9 1.2 -999.9 -999.9 365
sta8 2012 7 30 212 11.1 17.7 9.7 1.7 1.2 -999.9 -999.9 365
sta8 2012 7 31 213 10.8 24.4 23 4 0 -999.9 -999.9 365
sta8 2012 8 1 214 11.3 29 18.3 4.1 0 -999.9 -999.9 365
sta8 2012 8 2 215 14.6 24.5 17.8 4.2 0 -999.9 -999.9 365
sta8 2012 8 3 216 12 24 15.5 3.3 0.2 -999.9 -999.9 365
sta8 2012 8 4 217 12.5 25 19.7 4 0 -999.9 -999.9 365
sta8 2012 8 5 218 12.5 21.3 9.7 2.1 7.4 -999.9 -999.9 365
sta8 2012 8 6 219 13.5 22.8 17.6 4.1 0 -999.9 -999.9 365
sta8 2012 8 7 220 11.6 22.7 17.9 3.7 0 -999.9 -999.9 365
sta8 2012 8 8 221 9.5 26.4 24 4.1 0 -999.9 -999.9 365
sta8 2012 8 9 222 13.3 27.9 21.5 4.3 0 -999.9 -999.9 365
sta8 2012 8 10 223 12.6 26.2 24.5 5 0 -999.9 -999.9 365
sta8 2012 8 11 224 11 27.9 24.5 5 0 -999.9 -999.9 365
sta8 2012 8 12 225 12.1 25.6 17.4 3.7 0 -999.9 -999.9 365
sta8 2012 8 13 226 13.2 24.7 16.9 3.4 0 -999.9 -999.9 365
sta8 2012 8 14 227 13 23.6 7.7 1.8 0 -999.9 -999.9 365
sta8 2012 8 15 228 17.6 28.4 13.3 4.4 0 -999.9 -999.9 365
sta8 2012 8 16 229 11.3 26.1 22.5 4.2 0 -999.9 -999.9 365
sta8 2012 8 17 230 13.6 31.9 22.7 5.2 0 -999.9 -999.9 365
sta8 2012 8 18 231 16.7 37.6 22.1 5.8 0 -999.9 -999.9 365
sta8 2012 8 19 232 16.8 35.9 19.4 5 0 -999.9 -999.9 365
sta8 2012 8 20 233 16.9 30.9 17.3 4 0 -999.9 -999.9 365
sta8 2012 8 21 234 18.6 31.6 20.5 5.2 0 -999.9 -999.9 365
sta8 2012 8 22 235 12 25.1 20.5 4 0 -999.9 -999.9 365
sta8 2012 8 23 236 10.1 26.2 18.7 3.8 0 -999.9 -999.9 365
sta8 2012 8 24 237 14.4 24.9 11.3 3.1 1.2 -999.9 -999.9 365
sta8 2012 8 25 238 14.5 23.7 17 4.6 1.2 -999.9 -999.9 365
sta8 2012 8 26 239 13.5 23 14.2 3.9 0 -999.9 -999.9 365
sta8 2012 8 27 240 12.4 27.2 20.6 4.5 0 -999.9 -999.9 365
sta8 2012 8 28 241 17.4 26.1 12.7 5.3 0 -999.9 -999.9 365
sta8 2012 8 29 242 12.5 26.4 17.2 4 0 -999.9 -999.9 365
sta8 2012 8 30 243 13.2 23.1 15.4 3.9 0 -999.9 -999.9 365
sta8 2012 8 31 244 9.4 18.8 14.9 3.6 0 -999.9 -999.9 365
sta8 2012 9 1 245 6.5 20.7 21.1 3.6 0 -999.9 -999.9 365
sta8 2012 9 2 246 6.7 22.3 12.2 2.2 0 -999.9 -999.9 365
sta8 2012 9 3 247 10.8 21.5 7.7 1.8 0 -999.9 -999.9 365
sta8 2012 9 4 248 12.8 25.4 18.1 3.7 0 -999.9 -999.9 365
sta8 2012 9 5 249 14 25.5 16 3.8 0 -999.9 -999.9 365
sta8 2012 9 6 250 8.8 23.3 19.4 3.5 0 -999.9 -999.9 365
sta8 2012 9 7 251 6.6 26.1 19 3.3 0 -999.9 -999.9 365
sta8 2012 9 8 252 8 28.9 18.8 3.6 0 -999.9 -999.9 365
sta8 2012 9 9 253 8.5 30.4 18.4 3.9 0 -999.9 -999.9 365
sta8 2012 9 10 254 15.2 24.2 9.6 2.4 0.8 -999.9 -999.9 365
sta8 2012 9 11 255 15 19.3 4.8 1.7 2.6 -999.9 -999.9 365
sta8 2012 9 12 256 9.6 16.3 8.1 1.8 4 -999.9 -999.9 365
sta8 2012 9 13 257 11.9 18.2 12.3 2.6 0 -999.9 -999.9 365
sta8 2012 9 14 258 5.5 17.5 8.9 1.5 0 -999.9 -999.9 365
sta8 2012 9 15 259 8.2 21.8 15.9 2.4 0 -999.9 -999.9 365
sta8 2012 9 16 260 6.3 23.8 16.5 2.3 0 -999.9 -999.9 365
sta8 2012 9 17 261 9.5 24.6 16.2 2.6 0 -999.9 -999.9 365
sta8 2012 9 18 262 10.9 21 10.1 2.6 0 -999.9 -999.9 365
sta8 2012 9 19 263 6.5 17.9 16.6 2.6 0 -999.9 -999.9 365
sta8 2012 9 20 264 3.6 18.7 14.6 2 0 -999.9 -999.9 365
sta8 2012 9 21 265 3.9 19.3 9.5 1.6 3.6 -999.9 -999.9 365
sta8 2012 9 22 266 9.8 18 13.3 2.2 0 -999.9 -999.9 365
sta8 2012 9 23 267 10.3 25.1 11 2.4 3 -999.9 -999.9 365
sta8 2012 9 24 268 14.8 19.2 8.7 3 10 -999.9 -999.9 365
sta8 2012 9 25 269 11.7 16.1 5.1 1.9 2.4 -999.9 -999.9 365
sta8 2012 9 26 270 11.3 17 6.7 2 1.8 -999.9 -999.9 365
sta8 2012 9 27 271 12 16.3 7.6 2.1 1.4 -999.9 -999.9 365
sta8 2012 9 28 272 6.6 17.9 14.6 1.8 0 -999.9 -999.9 365
sta8 2012 9 29 273 5 17.9 9.9 1.5 0.2 -999.9 -999.9 365
sta8 2012 9 30 274 3 18 15.3 1.6 0 -999.9 -999.9 365
sta8 2012 10 1 275 2.5 19.4 14 1.8 0 -999.9 -999.9 365
sta8 2012 10 2 276 11.5 19.2 8.5 2.2 0.6 -999.9 -999.9 365
sta8 2012 10 3 277 12.2 19.1 6.9 2.2 6.2 -999.9 -999.9 365
sta8 2012 10 4 278 12.7 17.6 10.9 2.2 5.6 -999.9 -999.9 365
sta8 2012 10 5 279 13.3 20.2 8.4 1.9 0 -999.9 -999.9 365
sta8 2012 10 6 280 13.3 17.3 4.4 1.3 3.8 -999.9 -999.9 365
sta8 2012 10 7 281 10.8 15.7 7.9 1.3 0.4 -999.9 -999.9 365
sta8 2012 10 8 282 9.8 17.1 2.2 0.3 24.2 -999.9 -999.9 365
sta8 2012 10 9 283 14.5 18.4 5.7 1.1 11 -999.9 -999.9 365
sta8 2012 10 10 284 12.9 14.4 3.1 0.5 0.4 -999.9 -999.9 365
sta8 2012 10 11 285 13.3 19 5 1 4.8 -999.9 -999.9 365
sta8 2012 10 12 286 11.1 15.1 10.3 1.9 0 -999.9 -999.9 365
sta8 2012 10 13 287 7.7 12.1 3.5 0.8 9.2 -999.9 -999.9 365
sta8 2012 10 14 288 6.5 8.8 0.9 0.1 25.6 -999.9 -999.9 365
sta8 2012 10 15 289 2.9 13.4 11 1 1.6 -999.9 -999.9 365
sta8 2012 10 16 290 7.8 14.8 7.7 1.2 0.4 -999.9 -999.9 365
sta8 2012 10 17 291 7.1 16.3 3.4 0.5 3 -999.9 -999.9 365
sta8 2012 10 18 292 12.7 19.9 4.3 1.2 0 -999.9 -999.9 365
sta8 2012 10 19 293 13.9 18.5 2.8 0.9 2 -999.9 -999.9 365
sta8 2012 10 20 294 13.5 15.2 1.2 0.1 7.2 -999.9 -999.9 365
sta8 2012 10 21 295 14 23.4 7.5 1.2 0.2 -999.9 -999.9 365
sta8 2012 10 22 296 12 21.5 9.5 0.9 0 -999.9 -999.9 365
sta8 2012 10 23 297 12.6 19.1 6 1.1 0.2 -999.9 -999.9 365
sta8 2012 10 24 298 7.9 13.3 5 0.7 0.2 -999.9 -999.9 365
sta8 2012 10 25 299 6.2 10.9 2.7 0.2 0 -999.9 -999.9 365
sta8 2012 10 26 300 8 11.7 1.6 0.6 0.2 -999.9 -999.9 365
sta8 2012 10 27 301 1.5 8.2 8.8 1.1 0 -999.9 -999.9 365
sta8 2012 10 28 302 -0.3 9.4 9.7 0.5 1 -999.9 -999.9 365
sta8 2012 10 29 303 3.3 10.4 6 0.6 0 -999.9 -999.9 365
sta8 2012 10 30 304 2.4 12.7 8.7 0.6 0 -999.9 -999.9 365
sta8 2012 10 31 305 -1.4 13.6 8.6 0.4 0.2 -999.9 -999.9 365
sta8 2012 11 1 306 6.3 11.6 5.2 1.1 4.6 -999.9 -999.9 365
sta8 2012 11 2 307 4.1 11.6 3.1 0.7 7 -999.9 -999.9 365
sta8 2012 11 3 308 7.4 12.6 3.7 0.8 1.6 -999.9 -999.9 365
sta8 2012 11 4 309 5.8 11.5 4.2 0.7 0.6 -999.9 -999.9 365
sta8 2012 11 5 310 5.1 11 5 0.6 1.2 -999.9 -999.9 365
sta8 2012 11 6 311 3 10.8 8 0.2 0 -999.9 -999.9 365
sta8 2012 11 7 312 3.6 11.1 2.8 0.4 0 -999.9 -999.9 365
sta8 2012 11 8 313 1.2 10.1 4.6 0.2 0.2 -999.9 -999.9 365
sta8 2012 11 9 314 -0.5 11.8 4.2 0.1 4.8 -999.9 -999.9 365
sta8 2012 11 10 315 8.5 14.1 2.9 0.6 2.4 -999.9 -999.9 365
sta8 2012 11 11 316 4.7 7 2.3 0.2 0 -999.9 -999.9 365
sta8 2012 11 12 317 4.5 7.3 2.2 0.3 0 -999.9 -999.9 365
sta8 2012 11 13 318 3.3 8.1 2.8 0.3 0.2 -999.9 -999.9 365
sta8 2012 11 14 319 1.1 4.2 1.3 0 0 -999.9 -999.9 365
sta8 2012 11 15 320 3.8 6.4 3.2 0.3 0 -999.9 -999.9 365
sta8 2012 11 16 321 1.7 7 3 0.1 0 -999.9 -999.9 365
sta8 2012 11 17 322 4.7 10.8 3.7 0 0.2 -999.9 -999.9 365
sta8 2012 11 18 323 6.4 8.9 0.9 0 3.4 -999.9 -999.9 365
sta8 2012 11 19 324 7.7 11.9 2.8 0.2 0.2 -999.9 -999.9 365
sta8 2012 11 20 325 5.7 9.9 4 0 0 -999.9 -999.9 365
sta8 2012 11 21 326 5 12.1 2.2 0.6 1.2 -999.9 -999.9 365
sta8 2012 11 22 327 3.2 8.5 2.9 0.1 0.2 -999.9 -999.9 365
sta8 2012 11 23 328 4.4 10.7 1.6 0.3 0.8 -999.9 -999.9 365
sta8 2012 11 24 329 5.5 14.3 1.5 0.7 0 -999.9 -999.9 365
sta8 2012 11 25 330 6.7 11.2 3.5 0.6 0 -999.9 -999.9 365
sta8 2012 11 26 331 5.3 11.8 2.5 0.5 1.8 -999.9 -999.9 365
sta8 2012 11 27 332 6.1 8.2 1.6 0.4 0.4 -999.9 -999.9 365
sta8 2012 11 28 333 3.9 7.8 1.9 0.3 0.2 -999.9 -999.9 365
sta8 2012 11 29 334 4.4 7 3 0.4 0.4 -999.9 -999.9 365
sta8 2012 11 30 335 -0.5 3.2 2.2 0 0 -999.9 -999.9 365
sta8 2012 12 1 336 -0.6 3 1.6 0 0.6 -999.9 -999.9 365
sta8 2012 12 2 337 0.6 5.6 4 0.1 0.4 -999.9 -999.9 365
sta8 2012 12 3 338 -1.9 10.5 1.1 0 5.2 -999.9 -999.9 365
sta8 2012 12 4 339 4 7.2 2.7 0.5 3 -999.9 -999.9 365
sta8 2012 12 5 340 1.2 4.1 1.1 0.1 1.8 -999.9 -999.9 365
sta8 2012 12 6 341 -0.9 3.2 3.9 0 0.2 -999.9 -999.9 365
sta8 2012 12 7 342 -0.1 4.1 2.7 0 6.4 -999.9 -999.9 365
sta8 2012 12 8 343 0.7 3.6 1.1 0.1 0 -999.9 -999.9 365
sta8 2012 12 9 344 -2.6 5.6 2.3 0 2.6 -999.9 -999.9 365
sta8 2012 12 10 345 2.3 6.2 3.1 0.1 0 -999.9 -999.9 365
sta8 2012 12 11 346 -0.7 3.5 4.6 0 0 -999.9 -999.9 365
sta8 2012 12 12 347 -6.4 0.7 6.4 0 0 -999.9 -999.9 365
sta8 2012 12 13 348 -4.1 5 1.1 0.1 0.4 -999.9 -999.9 365
sta8 2012 12 14 349 2.4 11.3 0.5 0 8 -999.9 -999.9 365
sta8 2012 12 15 350 7 11.1 3.8 0.3 0 -999.9 -999.9 365
sta8 2012 12 16 351 6.9 10.2 2.3 0.5 2.6 -999.9 -999.9 365
sta8 2012 12 17 352 5.6 9.7 2.8 0.4 2.2 -999.9 -999.9 365
sta8 2012 12 18 353 4.8 8.6 2.2 0.4 0 -999.9 -999.9 365
sta8 2012 12 19 354 2.3 7.1 1.8 0.1 8.6 -999.9 -999.9 365
sta8 2012 12 20 355 5.1 9.7 1 0.1 6.4 -999.9 -999.9 365
sta8 2012 12 21 356 5.8 8.8 1.3 0.2 0.4 -999.9 -999.9 365
sta8 2012 12 22 357 4.6 13.1 0.5 0 12 -999.9 -999.9 365
sta8 2012 12 23 358 12 13.9 2 0.9 0 -999.9 -999.9 365
sta8 2012 12 24 359 5.7 13.5 3.2 0.2 1.8 -999.9 -999.9 365
sta8 2012 12 25 360 8.5 11.4 3 0.8 0.6 -999.9 -999.9 365
sta8 2012 12 26 361 5.6 10.8 4 0.1 1.2 -999.9 -999.9 365
sta8 2012 12 27 362 8.5 11.7 3.4 1 6.2 -999.9 -999.9 365
sta8 2012 12 28 363 6 10.7 1 0 0.4 -999.9 -999.9 365
sta8 2012 12 29 364 6.2 13 4.8 0.3 0.2 -999.9 -999.9 365
sta8 2012 12 30 365 5.5 9.8 4.4 0.2 0 -999.9 -999.9 365
sta8 2012 12 31 366 5.7 10.7 2.6 0.5 7 -999.9 -999.9 365
