sta5 2012 1 1 1 11.6 13.3 1.9 0.5 11.4 -999.9 -999.9 365
sta5 2012 1 2 2 4.3 9.8 4.1 0 0.2 -999.9 -999.9 365
sta5 2012 1 3 3 3.7 12 1.7 0 17.8 -999.9 -999.9 365
sta5 2012 1 4 4 4.7 9.4 4.7 0.1 0.2 -999.9 -999.9 365
sta5 2012 1 5 5 7.3 11.9 1.7 1.3 0.8 -999.9 -999.9 365
sta5 2012 1 6 6 2.4 8.6 5.5 0 0 -999.9 -999.9 365
sta5 2012 1 7 7 1.2 10.3 2.3 0 0 -999.9 -999.9 365
sta5 2012 1 8 8 6.6 7.6 1 0.2 0 -999.9 -999.9 365
sta5 2012 1 9 9 5.5 9.4 2.2 0.1 0 -999.9 -999.9 365
sta5 2012 1 10 10 5.1 10 2.2 0 0.4 -999.9 -999.9 365
sta5 2012 1 11 11 7.3 10.9 3.1 0.4 0 -999.9 -999.9 365
sta5 2012 1 12 12 -1 4.8 3.3 0 0.2 -999.9 -999.9 365
sta5 2012 1 13 13 3 8 4.3 0 0.2 -999.9 -999.9 365
sta5 2012 1 14 14 -0.7 5.1 5.6 0 0 -999.9 -999.9 365
sta5 2012 1 15 15 -2.6 4.7 7 0 0 -999.9 -999.9 365
sta5 2012 1 16 16 -2.7 4.1 6.3 0 0 -999.9 -999.9 365
sta5 2012 1 17 17 -4.6 4.8 6.2 0 0 -999.9 -999.9 365
sta5 2012 1 18 18 -1.8 8.5 2.6 0 0.2 -999.9 -999.9 365
sta5 2012 1 19 19 5.6 12.1 2.3 0 0.4 -999.9 -999.9 365
sta5 2012 1 20 20 5.5 9.1 1.9 0.4 0 -999.9 -999.9 365
sta5 2012 1 21 21 7.3 11.5 1.7 0.3 0 -999.9 -999.9 365
sta5 2012 1 22 22 7.7 9.5 1.7 0.4 0 -999.9 -999.9 365
sta5 2012 1 23 23 6.4 10 4.5 0.3 0.6 -999.9 -999.9 365
sta5 2012 1 24 24 3.1 9.5 3.4 0 1.2 -999.9 -999.9 365
sta5 2012 1 25 25 8 10.4 2.5 0.2 0.6 -999.9 -999.9 365
sta5 2012 1 26 26 4.8 8 2.5 0.3 1 -999.9 -999.9 365
sta5 2012 1 27 27 -0.8 8.9 7.1 0 3.6 -999.9 -999.9 365
sta5 2012 1 28 28 1.3 5.6 3.5 0.1 0 -999.9 -999.9 365
sta5 2012 1 29 29 1.2 4.2 5.2 0.2 0 -999.9 -999.9 365
sta5 2012 1 30 30 -0.2 1.2 1.6 0.2 1.4 -999.9 -999.9 365
sta5 2012 1 31 31 -1.9 0.1 2.6 0.2 0 -999.9 -999.9 365
sta5 2012 2 1 32 -3.7 -1 6.1 0.3 0 -999.9 -999.9 365
sta5 2012 2 2 33 -7.5 -1.8 8.4 0.6 0 -999.9 -999.9 365
sta5 2012 2 3 34 -9.4 -1.7 8.6 0.4 0 -999.9 -999.9 365
sta5 2012 2 4 35 -7.1 -1.5 9 0.2 0 -999.9 -999.9 365
sta5 2012 2 5 36 -8.7 -4.9 4.8 0.2 3.8 -999.9 -999.9 365
sta5 2012 2 6 37 -13.5 -2.6 6.6 0 0 -999.9 -999.9 365
sta5 2012 2 7 38 -13.7 -4.8 10.1 0.2 0 -999.9 -999.9 365
sta5 2012 2 8 39 -10.3 -4.7 6.6 0.1 0 -999.9 -999.9 365
sta5 2012 2 9 40 -11.3 -2.2 10.9 0.1 0 -999.9 -999.9 365
sta5 2012 2 10 41 -10.6 -1.4 11.7 0.2 0 -999.9 -999.9 365
sta5 2012 2 11 42 -11.2 -2.9 10.4 0.3 0 -999.9 -999.9 365
sta5 2012 2 12 43 -13 -0.6 10.1 0.2 0 -999.9 -999.9 365
sta5 2012 2 13 44 -3.4 3.1 4.3 0.1 1.2 -999.9 -999.9 365
sta5 2012 2 14 45 1.3 5.7 5.2 0.4 0.2 -999.9 -999.9 365
sta5 2012 2 15 46 0.7 8.6 5.8 0.5 0 -999.9 -999.9 365
sta5 2012 2 16 47 2.2 7.5 2.7 0.4 0 -999.9 -999.9 365
sta5 2012 2 17 48 2 9.4 7.2 0.5 0 -999.9 -999.9 365
sta5 2012 2 18 49 5.9 9.2 2.5 0.4 2 -999.9 -999.9 365
sta5 2012 2 19 50 0.4 8 9.9 0.6 0.2 -999.9 -999.9 365
sta5 2012 2 20 51 -2.8 6.3 11.9 0.5 0 -999.9 -999.9 365
sta5 2012 2 21 52 -4.6 7.2 11.7 0.4 0 -999.9 -999.9 365
sta5 2012 2 22 53 -4 9.1 11.9 0.6 0.6 -999.9 -999.9 365
sta5 2012 2 23 54 3.2 12.1 4.5 0.4 0.4 -999.9 -999.9 365
sta5 2012 2 24 55 8.6 14.7 6.9 0.8 0.2 -999.9 -999.9 365
sta5 2012 2 25 56 6.6 13 4.1 0.6 0 -999.9 -999.9 365
sta5 2012 2 26 57 3.8 10.6 8.4 0.9 0 -999.9 -999.9 365
sta5 2012 2 27 58 -1 12.4 11.5 0.7 0.2 -999.9 -999.9 365
sta5 2012 2 28 59 0.1 11.5 7.5 0.5 0.2 -999.9 -999.9 365
sta5 2012 2 29 60 0.6 15.5 12.5 0.9 0 -999.9 -999.9 365
sta5 2012 3 1 61 7.5 9.7 2.6 0.3 0 -999.9 -999.9 365
sta5 2012 3 2 62 7.8 9.9 2.9 0.5 0.2 -999.9 -999.9 365
sta5 2012 3 3 63 1.7 10.9 3.8 0.4 1.2 -999.9 -999.9 365
sta5 2012 3 4 64 4.9 10 3.5 0.8 4.2 -999.9 -999.9 365
sta5 2012 3 5 65 1.2 9.6 11.9 1.5 0 -999.9 -999.9 365
sta5 2012 3 6 66 1.7 6.6 5.7 0.8 0 -999.9 -999.9 365
sta5 2012 3 7 67 -2.3 8 5.3 0.5 3.2 -999.9 -999.9 365
sta5 2012 3 8 68 0.1 10.1 13 1.1 0.2 -999.9 -999.9 365
sta5 2012 3 9 69 -1.9 12.6 14.7 1.1 0 -999.9 -999.9 365
sta5 2012 3 10 70 2 12.5 6.9 0.8 0 -999.9 -999.9 365
sta5 2012 3 11 71 7.7 14.3 6.7 1.2 0 -999.9 -999.9 365
sta5 2012 3 12 72 3.7 16.9 14.8 1.6 0 -999.9 -999.9 365
sta5 2012 3 13 73 4.6 15.7 12.3 1.5 0.4 -999.9 -999.9 365
sta5 2012 3 14 74 2.8 17.9 15.6 1.8 0 -999.9 -999.9 365
sta5 2012 3 15 75 2.3 20.9 16.3 1.8 0 -999.9 -999.9 365
sta5 2012 3 16 76 2.4 22.6 15.8 2.1 0.2 -999.9 -999.9 365
sta5 2012 3 17 77 5.6 12.4 4.4 0.9 1.4 -999.9 -999.9 365
sta5 2012 3 18 78 5.5 10 6.3 1.1 7 -999.9 -999.9 365
sta5 2012 3 19 79 3.3 9.5 7.8 1.2 0 -999.9 -999.9 365
sta5 2012 3 20 80 -1.5 12.3 14.3 1.4 0 -999.9 -999.9 365
sta5 2012 3 21 81 2.6 17.3 15.7 2.2 0 -999.9 -999.9 365
sta5 2012 3 22 82 6 21.1 16.4 2.5 0 -999.9 -999.9 365
sta5 2012 3 23 83 4.7 21.3 16.1 2.3 0 -999.9 -999.9 365
sta5 2012 3 24 84 5.1 21.2 17.1 2.5 0 -999.9 -999.9 365
sta5 2012 3 25 85 3.9 21.4 17.2 2.5 0 -999.9 -999.9 365
sta5 2012 3 26 86 7.6 21.2 18.7 3.2 0 -999.9 -999.9 365
sta5 2012 3 27 87 6.4 20.5 18.6 3.1 0 -999.9 -999.9 365
sta5 2012 3 28 88 6.9 21 18 2.9 0 -999.9 -999.9 365
sta5 2012 3 29 89 7 21.1 18.5 3.2 0 -999.9 -999.9 365
sta5 2012 3 30 90 5.7 18.9 18.6 2.6 0 -999.9 -999.9 365
sta5 2012 3 31 91 4.9 15.4 13.7 2 0 -999.9 -999.9 365
sta5 2012 4 1 92 1.5 13.2 19.8 2.7 0 -999.9 -999.9 365
sta5 2012 4 2 93 1.3 17.4 20.1 2.8 0 -999.9 -999.9 365
sta5 2012 4 3 94 -0.8 17.1 18 2.2 0 -999.9 -999.9 365
sta5 2012 4 4 95 0.4 14.3 10.8 1.4 0.2 -999.9 -999.9 365
sta5 2012 4 5 96 4.2 15.4 17.8 2.4 0 -999.9 -999.9 365
sta5 2012 4 6 97 4.9 14.6 17.2 2.5 0 -999.9 -999.9 365
sta5 2012 4 7 98 1.2 13.2 12.6 1.9 0 -999.9 -999.9 365
sta5 2012 4 8 99 1.8 12.3 17.5 2.2 0 -999.9 -999.9 365
sta5 2012 4 9 100 8.8 13.9 6 2.2 0 -999.9 -999.9 365
sta5 2012 4 10 101 7.9 13.4 7 2.1 3.4 -999.9 -999.9 365
sta5 2012 4 11 102 1.3 13.9 18.1 2.2 4.6 -999.9 -999.9 365
sta5 2012 4 12 103 1.9 14.2 16.5 2.1 0 -999.9 -999.9 365
sta5 2012 4 13 104 0.4 14.4 19.1 2.2 1.6 -999.9 -999.9 365
sta5 2012 4 14 105 4.4 13.2 10.6 1.8 0.2 -999.9 -999.9 365
sta5 2012 4 15 106 3.3 10.1 10.5 2.2 0.2 -999.9 -999.9 365
sta5 2012 4 16 107 0.1 10.6 18.4 2.6 0 -999.9 -999.9 365
sta5 2012 4 17 108 -2.3 8.7 6 0.8 5.6 -999.9 -999.9 365
sta5 2012 4 18 109 2.8 11.3 8.9 1.5 16.8 -999.9 -999.9 365
sta5 2012 4 19 110 4.7 13.5 17.9 2.6 0.8 -999.9 -999.9 365
sta5 2012 4 20 111 3.8 13.3 17.2 2.5 2.4 -999.9 -999.9 365
sta5 2012 4 21 112 5.1 13.2 14.1 2.4 4.2 -999.9 -999.9 365
sta5 2012 4 22 113 3.5 13.7 19.7 2.9 0 -999.9 -999.9 365
sta5 2012 4 23 114 2.2 11.4 9.1 1.4 15.6 -999.9 -999.9 365
sta5 2012 4 24 115 6.9 14 14.2 2.7 1.4 -999.9 -999.9 365
sta5 2012 4 25 116 4.6 12.3 6.7 1.3 6.2 -999.9 -999.9 365
sta5 2012 4 26 117 8.2 16 13 2.8 1 -999.9 -999.9 365
sta5 2012 4 27 118 8.2 12.4 7.5 1.4 2.8 -999.9 -999.9 365
sta5 2012 4 28 119 8.7 14 4 0.7 6.4 -999.9 -999.9 365
sta5 2012 4 29 120 10.4 14.5 13.1 2.7 1.8 -999.9 -999.9 365
sta5 2012 4 30 121 4.6 15 11.6 1.6 6.6 -999.9 -999.9 365
sta5 2012 5 1 122 5.5 17.6 21.8 3.2 0 -999.9 -999.9 365
sta5 2012 5 2 123 5.5 14.4 8.9 1.5 0 -999.9 -999.9 365
sta5 2012 5 3 124 8 21.4 24.6 3.8 0 -999.9 -999.9 365
sta5 2012 5 4 125 10.4 17.4 9.8 1.9 3 -999.9 -999.9 365
sta5 2012 5 5 126 7.6 16.2 9.1 1.6 7.4 -999.9 -999.9 365
sta5 2012 5 6 127 9.3 14.9 12.6 2.1 0.4 -999.9 -999.9 365
sta5 2012 5 7 128 4.9 18 20.8 3 0 -999.9 -999.9 365
sta5 2012 5 8 129 9.1 18.3 9.3 1.7 5 -999.9 -999.9 365
sta5 2012 5 9 130 14.1 21.4 17.3 3.5 0.2 -999.9 -999.9 365
sta5 2012 5 10 131 12.8 27.2 22.9 4.6 0 -999.9 -999.9 365
sta5 2012 5 11 132 14 21.1 16.2 3.3 0 -999.9 -999.9 365
sta5 2012 5 12 133 9.9 16.9 25.3 4.4 0 -999.9 -999.9 365
sta5 2012 5 13 134 4.6 15.7 26.9 3.9 0 -999.9 -999.9 365
sta5 2012 5 14 135 1.5 18.8 26.8 3.6 0 -999.9 -999.9 365
sta5 2012 5 15 136 5.4 12.7 17.9 3 1.2 -999.9 -999.9 365
sta5 2012 5 16 137 0.8 15.5 26.3 3.4 0 -999.9 -999.9 365
sta5 2012 5 17 138 3.4 16.6 13.3 2.7 0.2 -999.9 -999.9 365
sta5 2012 5 18 139 7 18.2 14.4 2.7 0 -999.9 -999.9 365
sta5 2012 5 19 140 6.4 18 12.1 1.9 10.8 -999.9 -999.9 365
sta5 2012 5 20 141 11.7 19.3 9.6 2 1 -999.9 -999.9 365
sta5 2012 5 21 142 10.9 12.5 2.7 0.6 19.4 -999.9 -999.9 365
sta5 2012 5 22 143 11.2 21.8 20.5 4 0.2 -999.9 -999.9 365
sta5 2012 5 23 144 11.7 24.8 22.4 4.1 0 -999.9 -999.9 365
sta5 2012 5 24 145 11.5 26.7 25.2 4.6 0 -999.9 -999.9 365
sta5 2012 5 25 146 16.7 25.9 27.4 5.7 0 -999.9 -999.9 365
sta5 2012 5 26 147 11.2 25.6 28 5.2 0 -999.9 -999.9 365
sta5 2012 5 27 148 13.5 21.5 17.2 3.3 0 -999.9 -999.9 365
sta5 2012 5 28 149 13.1 24.2 26.6 5.1 0 -999.9 -999.9 365
sta5 2012 5 29 150 10.8 24.9 27.4 4.8 0 -999.9 -999.9 365
sta5 2012 5 30 151 10.4 25.2 18.8 3.5 6.4 -999.9 -999.9 365
sta5 2012 5 31 152 11.9 20.3 22.7 3.8 0.2 -999.9 -999.9 365
sta5 2012 6 1 153 9.5 23.6 22.2 3.8 0 -999.9 -999.9 365
sta5 2012 6 2 154 12.7 28.8 25.8 5.1 30 -999.9 -999.9 365
sta5 2012 6 3 155 14 20 15.2 3.3 1.2 -999.9 -999.9 365
sta5 2012 6 4 156 9.9 16.9 13.3 2.6 1.6 -999.9 -999.9 365
sta5 2012 6 5 157 6.6 17.3 16 2.4 1.8 -999.9 -999.9 365
sta5 2012 6 6 158 13 20.8 17.6 3.7 0.8 -999.9 -999.9 365
sta5 2012 6 7 159 12.7 22.4 15.4 3.5 4 -999.9 -999.9 365
sta5 2012 6 8 160 11.6 19.7 21.4 4.6 0 -999.9 -999.9 365
sta5 2012 6 9 161 7 16.9 18.6 3 0 -999.9 -999.9 365
sta5 2012 6 10 162 10.2 15.9 7.4 1.4 9.4 -999.9 -999.9 365
sta5 2012 6 11 163 11.9 18.6 16.4 3.2 1.4 -999.9 -999.9 365
sta5 2012 6 12 164 9.9 15.4 8.4 1.7 1.6 -999.9 -999.9 365
sta5 2012 6 13 165 10.7 18.7 21.2 3.7 0.4 -999.9 -999.9 365
sta5 2012 6 14 166 6.9 22.2 24.7 4 1.4 -999.9 -999.9 365
sta5 2012 6 15 167 14.1 21.4 15.6 3.5 5.8 -999.9 -999.9 365
sta5 2012 6 16 168 13.6 18.1 9.6 2.4 10.2 -999.9 -999.9 365
sta5 2012 6 17 169 8.3 21.1 26.5 4.3 18 -999.9 -999.9 365
sta5 2012 6 18 170 12.6 20.1 16 3.2 0 -999.9 -999.9 365
sta5 2012 6 19 171 12.2 20.2 11.9 2.4 5.4 -999.9 -999.9 365
sta5 2012 6 20 172 12 24 22.9 4.1 0.2 -999.9 -999.9 365
sta5 2012 6 21 173 16.2 26.1 21.5 5.4 3 -999.9 -999.9 365
sta5 2012 6 22 174 11.1 20.9 21.3 4.4 0 -999.9 -999.9 365
sta5 2012 6 23 175 7.9 20.5 19.7 3.4 0 -999.9 -999.9 365
sta5 2012 6 24 176 9.9 20.6 10.6 2.3 3.2 -999.9 -999.9 365
sta5 2012 6 25 177 13.8 20.4 13.5 2.6 2.4 -999.9 -999.9 365
sta5 2012 6 26 178 16.4 21.8 10.4 2.3 0.4 -999.9 -999.9 365
sta5 2012 6 27 179 13.7 27.4 24.1 4.6 0 -999.9 -999.9 365
sta5 2012 6 28 180 17.4 31.2 24.4 5.9 1.6 -999.9 -999.9 365
sta5 2012 6 29 181 13.6 22 14.7 3.2 0 -999.9 -999.9 365
sta5 2012 6 30 182 10.5 24.1 24.3 4.6 0.2 -999.9 -999.9 365
sta5 2012 7 1 183 10.3 21.3 24.2 4.5 0 -999.9 -999.9 365
sta5 2012 7 2 184 7.9 22.5 23.6 4.1 0 -999.9 -999.9 365
sta5 2012 7 3 185 12 24.6 22.5 4.2 0 -999.9 -999.9 365
sta5 2012 7 4 186 14.2 25 19.5 4 2.6 -999.9 -999.9 365
sta5 2012 7 5 187 15.4 20.7 13.1 2.8 3.4 -999.9 -999.9 365
sta5 2012 7 6 188 11.7 22.3 19.3 3.9 8 -999.9 -999.9 365
sta5 2012 7 7 189 11.2 22.7 12.8 2.5 11.6 -999.9 -999.9 365
sta5 2012 7 8 190 15 22 14.8 3.7 0 -999.9 -999.9 365
sta5 2012 7 9 191 12.3 24.1 18.5 3.9 0 -999.9 -999.9 365
sta5 2012 7 10 192 13.2 19.2 11.9 2.9 0 -999.9 -999.9 365
sta5 2012 7 11 193 11.3 21.1 17.3 3.7 4 -999.9 -999.9 365
sta5 2012 7 12 194 10.6 19.4 12.1 2.4 4 -999.9 -999.9 365
sta5 2012 7 13 195 13.3 17.1 6 1.4 25.2 -999.9 -999.9 365
sta5 2012 7 14 196 11.4 21.8 18.4 3.8 6.6 -999.9 -999.9 365
sta5 2012 7 15 197 12.1 19.8 16.6 3.6 0 -999.9 -999.9 365
sta5 2012 7 16 198 7.6 23.2 24.1 4.4 0 -999.9 -999.9 365
sta5 2012 7 17 199 12.7 25.7 22.3 4.5 0 -999.9 -999.9 365
sta5 2012 7 18 200 12.3 27.3 26.1 5.5 0 -999.9 -999.9 365
sta5 2012 7 19 201 14.9 21.7 17.6 4.2 2.6 -999.9 -999.9 365
sta5 2012 7 20 202 13.3 20.4 10.6 2.4 1.8 -999.9 -999.9 365
sta5 2012 7 21 203 6.9 23.4 21.6 3.8 0 -999.9 -999.9 365
sta5 2012 7 22 204 10.3 24 25.7 4.7 0 -999.9 -999.9 365
sta5 2012 7 23 205 12.5 26.5 27.4 5.5 0 -999.9 -999.9 365
sta5 2012 7 24 206 10 29.2 26.7 5.1 0 -999.9 -999.9 365
sta5 2012 7 25 207 12.6 32.2 24.8 5.1 0 -999.9 -999.9 365
sta5 2012 7 26 208 17.5 32.3 24.1 5.8 0 -999.9 -999.9 365
sta5 2012 7 27 209 18.7 26.2 8.4 2.7 2.8 -999.9 -999.9 365
sta5 2012 7 28 210 16.7 24 12.2 3.4 0 -999.9 -999.9 365
sta5 2012 7 29 211 9.2 22.1 19.9 3.8 2.6 -999.9 -999.9 365
sta5 2012 7 30 212 12.1 18 8.9 1.7 3 -999.9 -999.9 365
sta5 2012 7 31 213 11.7 24.8 23 4.2 0 -999.9 -999.9 365
sta5 2012 8 1 214 11.6 28.1 18.4 4.1 0.2 -999.9 -999.9 365
sta5 2012 8 2 215 14.5 24.4 18.3 4.3 0 -999.9 -999.9 365
sta5 2012 8 3 216 10.5 24.3 16.9 3.5 0.4 -999.9 -999.9 365
sta5 2012 8 4 217 12.1 25 21.3 4.2 0 -999.9 -999.9 365
sta5 2012 8 5 218 11.4 19.4 8.1 1.7 6.2 -999.9 -999.9 365
sta5 2012 8 6 219 13.5 21.9 17.4 3.9 0 -999.9 -999.9 365
sta5 2012 8 7 220 10.7 23.2 18.4 3.6 0 -999.9 -999.9 365
sta5 2012 8 8 221 8.7 25.9 24 4 0 -999.9 -999.9 365
sta5 2012 8 9 222 13.1 28.7 23.1 4.6 0 -999.9 -999.9 365
sta5 2012 8 10 223 14.4 26.8 24.6 5.1 0 -999.9 -999.9 365
sta5 2012 8 11 224 12.2 28.5 24.3 5.1 0 -999.9 -999.9 365
sta5 2012 8 12 225 13.1 25.2 17.3 3.8 0 -999.9 -999.9 365
sta5 2012 8 13 226 14.4 24 12.8 2.8 0 -999.9 -999.9 365
sta5 2012 8 14 227 13.8 24.5 7.5 1.9 0 -999.9 -999.9 365
sta5 2012 8 15 228 16.6 27.3 14.1 4.2 0 -999.9 -999.9 365
sta5 2012 8 16 229 10.8 26.4 22 4.2 0 -999.9 -999.9 365
sta5 2012 8 17 230 13.1 32.3 23 5.3 0 -999.9 -999.9 365
sta5 2012 8 18 231 14.4 37.5 22.1 5.5 0 -999.9 -999.9 365
sta5 2012 8 19 232 17.6 35.4 19.5 5.2 0 -999.9 -999.9 365
sta5 2012 8 20 233 15.9 32 18.6 4.1 0 -999.9 -999.9 365
sta5 2012 8 21 234 18.1 30.7 20.7 5 0 -999.9 -999.9 365
sta5 2012 8 22 235 11.1 24.8 22.3 4 0 -999.9 -999.9 365
sta5 2012 8 23 236 11.6 26.6 17.1 3.7 0 -999.9 -999.9 365
sta5 2012 8 24 237 11.9 23.8 11.3 2.7 0.8 -999.9 -999.9 365
sta5 2012 8 25 238 15.4 23.9 14.8 4.6 0 -999.9 -999.9 365
sta5 2012 8 26 239 13.8 22.5 14.4 3.6 0 -999.9 -999.9 365
sta5 2012 8 27 240 11.4 27 20.9 4.4 0 -999.9 -999.9 365
sta5 2012 8 28 241 16.5 26.4 17.8 4.3 0 -999.9 -999.9 365
sta5 2012 8 29 242 12.3 26.2 18.9 4.1 0 -999.9 -999.9 365
sta5 2012 8 30 243 13.3 22.7 16.5 3.9 0 -999.9 -999.9 365
sta5 2012 8 31 244 9.7 18.7 19 3.6 0 -999.9 -999.9 365
sta5 2012 9 1 245 3.8 21 20 2.9 0 -999.9 -999.9 365
sta5 2012 9 2 246 7.6 22.2 11.2 2 0 -999.9 -999.9 365
sta5 2012 9 3 247 11.3 22.4 9 2 0 -999.9 -999.9 365
sta5 2012 9 4 248 13.2 25.5 18.5 3.6 0 -999.9 -999.9 365
sta5 2012 9 5 249 13.9 26 15.7 3.5 0 -999.9 -999.9 365
sta5 2012 9 6 250 9.5 23.9 20.5 3.6 0 -999.9 -999.9 365
sta5 2012 9 7 251 4.2 27 20.8 3.3 0 -999.9 -999.9 365
sta5 2012 9 8 252 9.4 28.9 20 3.8 0 -999.9 -999.9 365
sta5 2012 9 9 253 7.4 30.2 19.6 3.8 0 -999.9 -999.9 365
sta5 2012 9 10 254 15.5 25 9.7 2.5 0 -999.9 -999.9 365
sta5 2012 9 11 255 13.9 20.2 6.4 1.7 8.8 -999.9 -999.9 365
sta5 2012 9 12 256 9.5 17.5 10 1.9 0.6 -999.9 -999.9 365
sta5 2012 9 13 257 12.1 18.8 13.5 2.8 0.2 -999.9 -999.9 365
sta5 2012 9 14 258 5.6 18 10.7 1.6 0 -999.9 -999.9 365
sta5 2012 9 15 259 10.2 21.9 16.2 2.5 0 -999.9 -999.9 365
sta5 2012 9 16 260 7.2 24.4 17.3 2.5 0 -999.9 -999.9 365
sta5 2012 9 17 261 8 25.4 17.6 2.7 0 -999.9 -999.9 365
sta5 2012 9 18 262 8.6 19.7 8 1.9 0 -999.9 -999.9 365
sta5 2012 9 19 263 4.3 18 16.5 2.3 0 -999.9 -999.9 365
sta5 2012 9 20 264 1.9 18.8 15.1 2.1 0 -999.9 -999.9 365
sta5 2012 9 21 265 2.5 18 6.6 1.2 6 -999.9 -999.9 365
sta5 2012 9 22 266 10.6 17.8 11.2 1.9 0 -999.9 -999.9 365
sta5 2012 9 23 267 9.8 25.5 10.8 2.3 11.6 -999.9 -999.9 365
sta5 2012 9 24 268 14.3 19 9.3 2.9 21.4 -999.9 -999.9 365
sta5 2012 9 25 269 11.3 15.1 4.7 1.6 0.8 -999.9 -999.9 365
sta5 2012 9 26 270 11.1 17.4 8.4 2.1 3 -999.9 -999.9 365
sta5 2012 9 27 271 11.8 17.4 7.1 1.9 1.8 -999.9 -999.9 365
sta5 2012 9 28 272 6.7 17.6 14 1.7 0 -999.9 -999.9 365
sta5 2012 9 29 273 5.8 18.1 11.9 1.6 0 -999.9 -999.9 365
sta5 2012 9 30 274 1.9 18.3 15.8 1.5 0 -999.9 -999.9 365
sta5 2012 10 1 275 3.3 18.9 14.1 1.7 1 -999.9 -999.9 365
sta5 2012 10 2 276 12.8 18.9 8.4 2.1 0 -999.9 -999.9 365
sta5 2012 10 3 277 11.9 19.3 7.7 2 10.6 -999.9 -999.9 365
sta5 2012 10 4 278 12.9 18.3 12.1 2.2 3.6 -999.9 -999.9 365
sta5 2012 10 5 279 14.2 20.5 7.8 1.9 0.2 -999.9 -999.9 365
sta5 2012 10 6 280 11.6 17.8 4 1.1 2.2 -999.9 -999.9 365
sta5 2012 10 7 281 11.9 13.9 5 0.8 4.4 -999.9 -999.9 365
sta5 2012 10 8 282 12 18.3 2.2 0.4 36.4 -999.9 -999.9 365
sta5 2012 10 9 283 14.7 19.6 5.7 1 6.2 -999.9 -999.9 365
sta5 2012 10 10 284 15.3 19.5 5.8 1.1 1 -999.9 -999.9 365
sta5 2012 10 11 285 13.8 19.6 6 1.2 8.2 -999.9 -999.9 365
sta5 2012 10 12 286 10.6 15.7 11.9 1.9 0 -999.9 -999.9 365
sta5 2012 10 13 287 8.4 12.3 3.6 0.9 18.8 -999.9 -999.9 365
sta5 2012 10 14 288 7 9.7 1.5 0.2 24 -999.9 -999.9 365
sta5 2012 10 15 289 3.1 13.9 11.8 1 2 -999.9 -999.9 365
sta5 2012 10 16 290 8.3 15.3 8 1.2 0.4 -999.9 -999.9 365
sta5 2012 10 17 291 8.4 16.5 4 0.8 1 -999.9 -999.9 365
sta5 2012 10 18 292 12.7 19.6 4.4 0.9 2.2 -999.9 -999.9 365
sta5 2012 10 19 293 13.7 16.8 1.4 0.4 13.4 -999.9 -999.9 365
sta5 2012 10 20 294 12.5 14.5 2.4 0.3 13.2 -999.9 -999.9 365
sta5 2012 10 21 295 13.8 22.2 6.2 1 0.2 -999.9 -999.9 365
sta5 2012 10 22 296 12.1 21.8 9.8 0.9 0.2 -999.9 -999.9 365
sta5 2012 10 23 297 9.6 16.6 2.9 0.4 0 -999.9 -999.9 365
sta5 2012 10 24 298 9.9 16.9 6.6 0.9 0.2 -999.9 -999.9 365
sta5 2012 10 25 299 7.3 11.2 2 0 0.2 -999.9 -999.9 365
sta5 2012 10 26 300 8.9 11.3 1.6 0.4 0 -999.9 -999.9 365
sta5 2012 10 27 301 1.2 8.6 9.1 0.9 0.2 -999.9 -999.9 365
sta5 2012 10 28 302 0.4 9.7 9.4 0.4 0.6 -999.9 -999.9 365
sta5 2012 10 29 303 2 11.3 7 0.5 0 -999.9 -999.9 365
sta5 2012 10 30 304 0.8 13.2 9.4 0.4 0.2 -999.9 -999.9 365
sta5 2012 10 31 305 -0.1 13.1 9.4 0.4 1.6 -999.9 -999.9 365
sta5 2012 11 1 306 5.7 11.3 5.4 0.9 8 -999.9 -999.9 365
sta5 2012 11 2 307 4.1 12.3 3.2 0.6 9.8 -999.9 -999.9 365
sta5 2012 11 3 308 7.7 12.6 3.2 0.7 1.8 -999.9 -999.9 365
sta5 2012 11 4 309 6.1 11.4 4.8 0.6 0.2 -999.9 -999.9 365
sta5 2012 11 5 310 4.6 12.4 6.6 0.6 0 -999.9 -999.9 365
sta5 2012 11 6 311 3.5 10.9 7.9 0.3 0 -999.9 -999.9 365
sta5 2012 11 7 312 2.7 11.3 3.6 0.3 0 -999.9 -999.9 365
sta5 2012 11 8 313 3.1 10 4.4 0.3 0 -999.9 -999.9 365
sta5 2012 11 9 314 -0.2 11.8 4.3 0.1 3.6 -999.9 -999.9 365
sta5 2012 11 10 315 8.4 14.3 2.9 0.6 2.8 -999.9 -999.9 365
sta5 2012 11 11 316 4.3 8.1 3.1 0.3 0 -999.9 -999.9 365
sta5 2012 11 12 317 2.6 7.3 3.5 0.1 0 -999.9 -999.9 365
sta5 2012 11 13 318 3.4 10 4.1 0.3 0 -999.9 -999.9 365
sta5 2012 11 14 319 2.5 4.4 1.6 0 0.2 -999.9 -999.9 365
sta5 2012 11 15 320 2.5 4.8 2.3 0.1 0 -999.9 -999.9 365
sta5 2012 11 16 321 2.5 6.3 2.7 0.1 0.2 -999.9 -999.9 365
sta5 2012 11 17 322 5.2 11 3.8 0.1 1.4 -999.9 -999.9 365
sta5 2012 11 18 323 7.1 9.2 0.8 0 3.4 -999.9 -999.9 365
sta5 2012 11 19 324 8 11.6 1.9 0.2 0.2 -999.9 -999.9 365
sta5 2012 11 20 325 5.9 11.5 5.1 0 0.4 -999.9 -999.9 365
sta5 2012 11 21 326 5.8 12 2.2 0.4 1.8 -999.9 -999.9 365
sta5 2012 11 22 327 2.6 8.4 3.5 0 0.2 -999.9 -999.9 365
sta5 2012 11 23 328 4.7 11 1.6 0.2 0 -999.9 -999.9 365
sta5 2012 11 24 329 5.7 14.4 2.3 0.7 0.2 -999.9 -999.9 365
sta5 2012 11 25 330 7.8 11.4 3.4 0.7 0 -999.9 -999.9 365
sta5 2012 11 26 331 5.6 11.3 3 0.4 0.2 -999.9 -999.9 365
sta5 2012 11 27 332 5 8.6 2.5 0.3 0.2 -999.9 -999.9 365
sta5 2012 11 28 333 4.9 7.9 3 0.2 0.2 -999.9 -999.9 365
sta5 2012 11 29 334 2.1 7 5.1 0.1 0 -999.9 -999.9 365
sta5 2012 11 30 335 -1.9 2.1 1.4 0 0.2 -999.9 -999.9 365
sta5 2012 12 1 336 -1.6 3.6 2.8 0 0.4 -999.9 -999.9 365
sta5 2012 12 2 337 0.9 7.3 4.4 0 1.2 -999.9 -999.9 365
sta5 2012 12 3 338 1.2 11.1 1.1 0 11.4 -999.9 -999.9 365
sta5 2012 12 4 339 3.2 7.4 4.2 0.2 0.8 -999.9 -999.9 365
sta5 2012 12 5 340 1.3 6.5 1.8 0.4 1.4 -999.9 -999.9 365
sta5 2012 12 6 341 -1.2 4.5 4.7 0 0.2 -999.9 -999.9 365
sta5 2012 12 7 342 0 6.3 3.5 0.2 6.4 -999.9 -999.9 365
sta5 2012 12 8 343 2.8 4.5 1.5 0.2 0 -999.9 -999.9 365
sta5 2012 12 9 344 0.6 5.4 1.5 0.2 1.6 -999.9 -999.9 365
sta5 2012 12 10 345 2.6 7.2 4.8 0 0 -999.9 -999.9 365
sta5 2012 12 11 346 0 4.4 5.1 0 0 -999.9 -999.9 365
sta5 2012 12 12 347 -4.3 0.6 6.6 0 0 -999.9 -999.9 365
sta5 2012 12 13 348 -3.3 5.8 1.5 0.2 0.4 -999.9 -999.9 365
sta5 2012 12 14 349 2 11.3 0.8 0 15 -999.9 -999.9 365
sta5 2012 12 15 350 6.8 11.4 3.5 0.5 4.2 -999.9 -999.9 365
sta5 2012 12 16 351 6.9 10.5 2.8 0.4 14 -999.9 -999.9 365
sta5 2012 12 17 352 5.7 10 2.8 0.5 0 -999.9 -999.9 365
sta5 2012 12 18 353 4.2 9.6 3.7 0 0 -999.9 -999.9 365
sta5 2012 12 19 354 2.4 7.4 1.6 0 12.7 -999.9 -999.9 365
sta5 2012 12 20 355 6 10.2 1.1 0.2 5.7 -999.9 -999.9 365
sta5 2012 12 21 356 5.1 9.4 2.4 0.1 3.4 -999.9 -999.9 365
sta5 2012 12 22 357 4.9 13.7 0.8 0 7.4 -999.9 -999.9 365
sta5 2012 12 23 358 11.3 14.1 2.7 0.7 0.2 -999.9 -999.9 365
sta5 2012 12 24 359 4.8 12.7 3.3 0.1 2.6 -999.9 -999.9 365
sta5 2012 12 25 360 8.2 11.7 3.7 0.6 0.4 -999.9 -999.9 365
sta5 2012 12 26 361 5.4 10.9 3.6 0.1 5.6 -999.9 -999.9 365
sta5 2012 12 27 362 8.5 11.6 3.9 0.8 4.4 -999.9 -999.9 365
sta5 2012 12 28 363 6.4 11.1 1.5 0.1 1.2 -999.9 -999.9 365
sta5 2012 12 29 364 5.2 12.5 4.8 0.1 0.8 -999.9 -999.9 365
sta5 2012 12 30 365 5.5 10.4 4.2 0.3 0 -999.9 -999.9 365
sta5 2012 12 31 366 6 10.7 3 0.3 7.4 -999.9 -999.9 365
sta5 2013 1 1 1 4.7 9.3 3.4 0.2 0.4 -999.9 -999.9 365
sta5 2013 1 2 2 0.9 8.2 4.6 0 1 -999.9 -999.9 365
sta5 2013 1 3 3 6.3 9.7 1.3 0 0.8 -999.9 -999.9 365
sta5 2013 1 4 4 8 8.7 0.9 0 0 -999.9 -999.9 365
sta5 2013 1 5 5 7 8.8 1.4 0.2 0 -999.9 -999.9 365
sta5 2013 1 6 6 5.8 6.6 0.9 0 0 -999.9 -999.9 365
sta5 2013 1 7 7 4.8 5.5 1.1 0 0 -999.9 -999.9 365
sta5 2013 1 8 8 2.8 3.5 0.9 0 0.2 -999.9 -999.9 365
sta5 2013 1 9 9 2.5 5 1.5 0.2 2.8 -999.9 -999.9 365
sta5 2013 1 10 10 3.5 9 1.2 0 8.6 -999.9 -999.9 365
sta5 2013 1 11 11 3.8 9.5 3.2 0.2 0.4 -999.9 -999.9 365
sta5 2013 1 12 12 3 6.5 1.5 0.1 0.6 -999.9 -999.9 365
sta5 2013 1 13 13 1.5 4.8 1.3 0.1 3.2 -999.9 -999.9 365
sta5 2013 1 14 14 -1.9 2.9 2.2 0.3 2.8 -999.9 -999.9 365
sta5 2013 1 15 15 0.9 4.5 3.8 0.3 0.2 -999.9 -999.9 365
sta5 2013 1 16 16 -2.3 0.8 6.9 0 0 -999.9 -999.9 365
sta5 2013 1 17 17 -5.4 -1.5 5.9 0 0 -999.9 -999.9 365
sta5 2013 1 18 18 -6.3 -1.1 1.6 0.1 1 -999.9 -999.9 365
sta5 2013 1 19 19 -2 -0.6 2.2 0.1 3.4 -999.9 -999.9 365
sta5 2013 1 20 20 -3.4 0.1 3.9 0 5 -999.9 -999.9 365
sta5 2013 1 21 21 -1.4 1.7 3.7 0 1.8 -999.9 -999.9 365
sta5 2013 1 22 22 0 3.3 3.8 0 2.2 -999.9 -999.9 365
sta5 2013 1 23 23 1.1 3.2 2.9 0.1 0 -999.9 -999.9 365
sta5 2013 1 24 24 0.7 2.4 1.8 0.1 0 -999.9 -999.9 365
sta5 2013 1 25 25 -2.7 -0.3 2.1 0.1 0 -999.9 -999.9 365
sta5 2013 1 26 26 -2.2 4.3 2.9 0.1 0.6 -999.9 -999.9 365
sta5 2013 1 27 27 0.8 9.5 3 0.2 4.4 -999.9 -999.9 365
sta5 2013 1 28 28 0.6 10 7 0 0 -999.9 -999.9 365
sta5 2013 1 29 29 7.8 12.1 1.6 0.4 1.8 -999.9 -999.9 365
sta5 2013 1 30 30 9.2 13.3 2.6 0.9 5 -999.9 -999.9 365
sta5 2013 1 31 31 4.3 11.6 3.2 0.3 1.4 -999.9 -999.9 365
sta5 2013 2 1 32 7 12.3 1.4 0.5 17.8 -999.9 -999.9 365
sta5 2013 2 2 33 2.5 6.6 5.8 0.5 0.6 -999.9 -999.9 365
sta5 2013 2 3 34 -0.2 8.4 3.3 0.7 0.8 -999.9 -999.9 365
sta5 2013 2 4 35 4 11 3.1 0.2 0.6 -999.9 -999.9 365
sta5 2013 2 5 36 1.7 7 3.7 0.6 4.6 -999.9 -999.9 365
sta5 2013 2 6 37 1.2 7.3 6.4 0.6 0.4 -999.9 -999.9 365
sta5 2013 2 7 38 0.6 5.2 4.2 0.6 1.6 -999.9 -999.9 365
sta5 2013 2 8 39 0.7 5.5 6.6 0.4 0.4 -999.9 -999.9 365
sta5 2013 2 9 40 -0.3 3.7 3.3 0.4 0.2 -999.9 -999.9 365
sta5 2013 2 10 41 0 7.1 1.6 0.3 19 -999.9 -999.9 365
sta5 2013 2 11 42 3.5 8.9 7.7 0.6 0 -999.9 -999.9 365
sta5 2013 2 12 43 1.1 3.5 1.6 0.1 0.2 -999.9 -999.9 365
sta5 2013 2 13 44 -0.4 1.5 4.8 0.4 0 -999.9 -999.9 365
sta5 2013 2 14 45 -0.7 10.3 3.1 0.7 2.4 -999.9 -999.9 365
sta5 2013 2 15 46 1.9 10.2 10.1 0.5 0 -999.9 -999.9 365
sta5 2013 2 16 47 -0.7 6.7 5.5 0.3 0 -999.9 -999.9 365
sta5 2013 2 17 48 -0.3 6.3 8.3 0.4 0 -999.9 -999.9 365
sta5 2013 2 18 49 -1.4 8.5 12 0.5 0 -999.9 -999.9 365
sta5 2013 2 19 50 -2.5 9 11.8 0.5 0 -999.9 -999.9 365
sta5 2013 2 20 51 -0.7 7.8 10.6 0.7 0.2 -999.9 -999.9 365
sta5 2013 2 21 52 -3 2.8 10.1 0.9 0 -999.9 -999.9 365
sta5 2013 2 22 53 -3.8 1.5 10.2 0.9 0 -999.9 -999.9 365
sta5 2013 2 23 54 -5 -1.1 5.3 0.6 0 -999.9 -999.9 365
sta5 2013 2 24 55 -2.6 1.3 3.8 0.5 1.8 -999.9 -999.9 365
sta5 2013 2 25 56 -0.7 1.6 4.5 0.4 3 -999.9 -999.9 365
sta5 2013 2 26 57 0 2.9 6.1 0.5 0 -999.9 -999.9 365
sta5 2013 2 27 58 0.5 3.7 1.1 0 0.2 -999.9 -999.9 365
sta5 2013 2 28 59 1.7 3.2 2.3 0.3 0 -999.9 -999.9 365
sta5 2013 3 1 60 0.8 4 3.3 0.5 0 -999.9 -999.9 365
sta5 2013 3 2 61 0.8 2.5 3.1 0.6 0 -999.9 -999.9 365
sta5 2013 3 3 62 0.2 8.3 12.2 1.1 0 -999.9 -999.9 365
sta5 2013 3 4 63 -1.6 16.6 13.3 1.4 0 -999.9 -999.9 365
sta5 2013 3 5 64 1.9 14.9 5.8 1.3 0 -999.9 -999.9 365
sta5 2013 3 6 65 8.6 12.3 3.9 1 1.4 -999.9 -999.9 365
sta5 2013 3 7 66 8.6 16.2 7.1 1.2 4.6 -999.9 -999.9 365
sta5 2013 3 8 67 10.1 14.8 5.5 1.4 2.4 -999.9 -999.9 365
sta5 2013 3 9 68 6.7 15.7 9.8 1.2 0.2 -999.9 -999.9 365
sta5 2013 3 10 69 2.6 11.9 10.5 0.9 5.4 -999.9 -999.9 365
sta5 2013 3 11 70 3.2 5.5 5 0 12.2 -999.9 -999.9 365
sta5 2013 3 12 71 -2 -0.2 2.8 0.2 0 -999.9 -999.9 365
sta5 2013 3 13 72 -6 3 9.3 0.7 0.2 -999.9 -999.9 365
sta5 2013 3 14 73 -1.2 5.4 13.1 1.2 0 -999.9 -999.9 365
sta5 2013 3 15 74 -3.5 7.3 14.8 1.3 0 -999.9 -999.9 365
sta5 2013 3 16 75 0.4 10 8 1.6 4.8 -999.9 -999.9 365
sta5 2013 3 17 76 3.3 9.7 8.7 1.3 6.6 -999.9 -999.9 365
sta5 2013 3 18 77 0.4 8.9 7.3 1.1 2.4 -999.9 -999.9 365
sta5 2013 3 19 78 2.5 9.5 7.7 1.2 6.4 -999.9 -999.9 365
sta5 2013 3 20 79 3.7 9.3 11 1.4 0.8 -999.9 -999.9 365
sta5 2013 3 21 80 0.8 10.8 8 0.9 1.6 -999.9 -999.9 365
sta5 2013 3 22 81 4.5 15.8 12 1.8 0 -999.9 -999.9 365
sta5 2013 3 23 82 5.9 12.7 5.9 0.9 0.4 -999.9 -999.9 365
sta5 2013 3 24 83 4.6 8.2 5.3 1 0 -999.9 -999.9 365
sta5 2013 3 25 84 2.5 8 13.4 1.7 0 -999.9 -999.9 365
sta5 2013 3 26 85 1.1 7.1 15.1 1.7 0 -999.9 -999.9 365
sta5 2013 3 27 86 -0.8 7.4 16 1.6 0 -999.9 -999.9 365
sta5 2013 3 28 87 1.7 6.1 8.8 1.4 0 -999.9 -999.9 365
sta5 2013 3 29 88 -2.6 6.5 8.4 1.1 0 -999.9 -999.9 365
sta5 2013 3 30 89 1.3 3.8 4.9 1.1 0.2 -999.9 -999.9 365
sta5 2013 3 31 90 -2.4 7.5 19 1.9 0 -999.9 -999.9 365
sta5 2013 4 1 91 -2.4 9.7 19.6 2.3 0.2 -999.9 -999.9 365
sta5 2013 4 2 92 -0.8 10.6 20.1 2.5 0 -999.9 -999.9 365
sta5 2013 4 3 93 -3.5 10.3 17.4 2 0 -999.9 -999.9 365
sta5 2013 4 4 94 -0.3 6.6 5.6 1 8.4 -999.9 -999.9 365
sta5 2013 4 5 95 0.5 4 3.3 0.3 7.6 -999.9 -999.9 365
sta5 2013 4 6 96 1.7 6.8 6.7 1.1 0 -999.9 -999.9 365
sta5 2013 4 7 97 -0.5 9.5 17 1.8 0 -999.9 -999.9 365
sta5 2013 4 8 98 2.9 10.4 7.5 1.2 7.6 -999.9 -999.9 365
sta5 2013 4 9 99 5.1 11.5 9 1.5 12 -999.9 -999.9 365
sta5 2013 4 10 100 7.2 12.6 9 1.6 14 -999.9 -999.9 365
sta5 2013 4 11 101 10.2 13.5 5.1 1.3 4 -999.9 -999.9 365
sta5 2013 4 12 102 8 14 12.9 2.7 2.2 -999.9 -999.9 365
sta5 2013 4 13 103 5.5 15.5 8.1 1.5 0.2 -999.9 -999.9 365
sta5 2013 4 14 104 8.5 25.4 21.7 4.1 0 -999.9 -999.9 365
sta5 2013 4 15 105 10 20.1 14.9 2.5 1 -999.9 -999.9 365
sta5 2013 4 16 106 8.9 17.6 13 2.4 0 -999.9 -999.9 365
sta5 2013 4 17 107 8.7 25.1 22 4 0 -999.9 -999.9 365
sta5 2013 4 18 108 11.1 17.1 18 4.2 0 -999.9 -999.9 365
sta5 2013 4 19 109 2.6 14.4 18.7 2.8 0.2 -999.9 -999.9 365
sta5 2013 4 20 110 3.2 14 15.8 2.7 0 -999.9 -999.9 365
sta5 2013 4 21 111 2.4 15.7 23.3 3.3 0 -999.9 -999.9 365
sta5 2013 4 22 112 3.4 15.2 17.2 2.6 0 -999.9 -999.9 365
sta5 2013 4 23 113 3.1 18.3 19 2.7 0 -999.9 -999.9 365
sta5 2013 4 24 114 5.2 22.7 24 3.5 0 -999.9 -999.9 365
sta5 2013 4 25 115 6.6 26.2 23.8 3.8 0 -999.9 -999.9 365
sta5 2013 4 26 116 8.2 16.6 4.9 1.7 0 -999.9 -999.9 365
sta5 2013 4 27 117 2 11 10.9 1.9 0 -999.9 -999.9 365
sta5 2013 4 28 118 3.9 12.1 15 2.4 0 -999.9 -999.9 365
sta5 2013 4 29 119 0.5 15.6 22.6 3 0 -999.9 -999.9 365
sta5 2013 4 30 120 7.2 10.7 5.7 1.5 10.8 -999.9 -999.9 365
sta5 2013 5 1 121 8 11.5 3.2 0.7 10.4 -999.9 -999.9 365
sta5 2013 5 2 122 3.7 16.8 19 2.5 0 -999.9 -999.9 365
sta5 2013 5 3 123 6.1 16.9 14.5 2.6 0 -999.9 -999.9 365
sta5 2013 5 4 124 2.8 18.1 24.2 3.2 0 -999.9 -999.9 365
sta5 2013 5 5 125 7.9 18.3 19.8 3.2 0 -999.9 -999.9 365
sta5 2013 5 6 126 8.5 21.2 23.7 3.9 0 -999.9 -999.9 365
sta5 2013 5 7 127 8 22.3 24.5 3.9 0.8 -999.9 -999.9 365
sta5 2013 5 8 128 10.9 19.9 14.6 2.9 1.8 -999.9 -999.9 365
sta5 2013 5 9 129 8.8 16 17.8 3.4 0 -999.9 -999.9 365
sta5 2013 5 10 130 6.3 13.8 8.6 1.8 0 -999.9 -999.9 365
sta5 2013 5 11 131 9.3 16.7 17.3 3.6 1 -999.9 -999.9 365
sta5 2013 5 12 132 6.3 15.7 21.2 3.6 0 -999.9 -999.9 365
sta5 2013 5 13 133 10.3 14.8 9.1 2.3 0 -999.9 -999.9 365
sta5 2013 5 14 134 9.7 15.6 11.8 2.7 0.2 -999.9 -999.9 365
sta5 2013 5 15 135 7 15.5 17.4 3.2 0 -999.9 -999.9 365
sta5 2013 5 16 136 7.6 16.8 20.7 3.5 0 -999.9 -999.9 365
sta5 2013 5 17 137 3.8 17 16 2.6 5.4 -999.9 -999.9 365
sta5 2013 5 18 138 6.8 13.1 7.9 1.5 9.4 -999.9 -999.9 365
sta5 2013 5 19 139 5.7 14 11.9 1.8 6.8 -999.9 -999.9 365
sta5 2013 5 20 140 9.7 12.7 5.6 1.2 20.6 -999.9 -999.9 365
sta5 2013 5 21 141 9.8 14.4 4.7 0.9 0.2 -999.9 -999.9 365
sta5 2013 5 22 142 7.1 16.2 15.4 2.5 0 -999.9 -999.9 365
sta5 2013 5 23 143 6.7 13.3 17 3.2 0.8 -999.9 -999.9 365
sta5 2013 5 24 144 2.5 9.4 12.4 1.7 10.4 -999.9 -999.9 365
sta5 2013 5 25 145 3.7 14.2 15.9 2.6 0.6 -999.9 -999.9 365
sta5 2013 5 26 146 1.8 17.5 23.2 3.3 0 -999.9 -999.9 365
sta5 2013 5 27 147 5 18.9 24.6 3.7 1.4 -999.9 -999.9 365
sta5 2013 5 28 148 9.8 14.9 15.3 3 4.8 -999.9 -999.9 365
sta5 2013 5 29 149 5.5 15.9 15.5 2.6 1.4 -999.9 -999.9 365
sta5 2013 5 30 150 8.7 15.3 9.9 1.9 4 -999.9 -999.9 365
sta5 2013 5 31 151 8.4 16.7 12.1 2.3 0.2 -999.9 -999.9 365
sta5 2013 6 1 152 8.3 21.3 23.3 4.2 0 -999.9 -999.9 365
sta5 2013 6 2 153 7.8 18.2 21.6 3.8 0 -999.9 -999.9 365
sta5 2013 6 3 154 6.7 17.7 26.6 4.3 0 -999.9 -999.9 365
sta5 2013 6 4 155 6.9 19.4 28.1 4.6 0 -999.9 -999.9 365
sta5 2013 6 5 156 8.1 24.3 27.5 4.8 0 -999.9 -999.9 365
sta5 2013 6 6 157 12.9 27 22.4 4.7 1.2 -999.9 -999.9 365
sta5 2013 6 7 158 13.2 27.2 25.2 5.2 0 -999.9 -999.9 365
sta5 2013 6 8 159 14.6 24.8 14.9 3.6 31.2 -999.9 -999.9 365
sta5 2013 6 9 160 13.3 18.2 15.7 2.9 0.6 -999.9 -999.9 365
sta5 2013 6 10 161 11.9 20.8 17.6 3.4 0.2 -999.9 -999.9 365
sta5 2013 6 11 162 10.8 18.7 11 2 0.4 -999.9 -999.9 365
sta5 2013 6 12 163 14.5 21.3 9.8 2.3 0 -999.9 -999.9 365
sta5 2013 6 13 164 12.5 16.1 7.6 1.7 8.2 -999.9 -999.9 365
sta5 2013 6 14 165 8 19.4 19 3.1 0.2 -999.9 -999.9 365
sta5 2013 6 15 166 9.9 18.9 20.8 3.8 0 -999.9 -999.9 365
sta5 2013 6 16 167 8.2 23.6 25.7 4.3 0.2 -999.9 -999.9 365
sta5 2013 6 17 168 15.2 26.2 11.6 3.1 7.8 -999.9 -999.9 365
sta5 2013 6 18 169 16.1 24.4 19.8 3.9 0.6 -999.9 -999.9 365
sta5 2013 6 19 170 16.1 24.3 11.8 2.8 18.6 -999.9 -999.9 365
sta5 2013 6 20 171 13.8 20.2 19.6 3.6 0.2 -999.9 -999.9 365
sta5 2013 6 21 172 12.5 19.1 14.9 3 0.2 -999.9 -999.9 365
sta5 2013 6 22 173 12.8 17.4 10.6 2.6 0 -999.9 -999.9 365
sta5 2013 6 23 174 11.9 17.2 15.8 3.5 3.8 -999.9 -999.9 365
sta5 2013 6 24 175 10.1 18.5 19.8 3.8 0 -999.9 -999.9 365
sta5 2013 6 25 176 7.5 19 22.4 3.7 0 -999.9 -999.9 365
sta5 2013 6 26 177 7.6 20 21.8 3.8 0 -999.9 -999.9 365
sta5 2013 6 27 178 10.2 20.7 17.9 3.4 5 -999.9 -999.9 365
sta5 2013 6 28 179 11.7 18.2 6.6 1.5 0.6 -999.9 -999.9 365
sta5 2013 6 29 180 13.4 21.6 15 3.5 0 -999.9 -999.9 365
sta5 2013 6 30 181 8.2 24.2 28.9 4.7 0 -999.9 -999.9 365
sta5 2013 7 1 182 10.8 25.1 21.5 3.9 0 -999.9 -999.9 365
sta5 2013 7 2 183 12.2 25.1 17.5 3.6 1.8 -999.9 -999.9 365
sta5 2013 7 3 184 14.8 19.7 9.3 2.5 0.2 -999.9 -999.9 365
sta5 2013 7 4 185 9.4 21.3 14.3 2.5 0 -999.9 -999.9 365
sta5 2013 7 5 186 11.6 25.1 24.6 4.5 0 -999.9 -999.9 365
sta5 2013 7 6 187 13.8 27.4 26.3 5.2 0 -999.9 -999.9 365
sta5 2013 7 7 188 16 28.7 27 5.8 0 -999.9 -999.9 365
sta5 2013 7 8 189 15.9 28.3 27.8 6 0 -999.9 -999.9 365
sta5 2013 7 9 190 15.7 29.1 26.8 5.9 0 -999.9 -999.9 365
sta5 2013 7 10 191 15.3 28.2 26.6 5.8 0 -999.9 -999.9 365
sta5 2013 7 11 192 12.4 22.8 25.8 5 0 -999.9 -999.9 365
sta5 2013 7 12 193 11.1 25.4 27.4 5.2 0 -999.9 -999.9 365
sta5 2013 7 13 194 11.7 25.5 25.7 5 0 -999.9 -999.9 365
sta5 2013 7 14 195 13.1 28.4 27.2 5.5 0 -999.9 -999.9 365
sta5 2013 7 15 196 14.5 29.6 25.5 5.2 0 -999.9 -999.9 365
sta5 2013 7 16 197 18.2 28.7 20.9 5 0 -999.9 -999.9 365
sta5 2013 7 17 198 14.6 29.9 24.3 5.3 0.8 -999.9 -999.9 365
sta5 2013 7 18 199 15.8 30 23.2 5.4 0 -999.9 -999.9 365
sta5 2013 7 19 200 18.4 30.3 16.1 4.4 1 -999.9 -999.9 365
sta5 2013 7 20 201 17.6 31.3 19.8 5 0 -999.9 -999.9 365
sta5 2013 7 21 202 17.8 33.1 24.4 5.7 0 -999.9 -999.9 365
sta5 2013 7 22 203 16.6 34.2 20.5 5 4.4 -999.9 -999.9 365
sta5 2013 7 23 204 20 28.9 18.7 4.9 0.4 -999.9 -999.9 365
sta5 2013 7 24 205 17 29.2 19.7 4.5 0 -999.9 -999.9 365
sta5 2013 7 25 206 15.8 29.2 18 4.3 45.4 -999.9 -999.9 365
sta5 2013 7 26 207 18.9 29.1 19.2 4.5 20 -999.9 -999.9 365
sta5 2013 7 27 208 17.7 29.4 17 4.4 0.4 -999.9 -999.9 365
sta5 2013 7 28 209 15.1 26.1 20.8 4.4 0.2 -999.9 -999.9 365
sta5 2013 7 29 210 14.2 25.8 22.2 5.1 0 -999.9 -999.9 365
sta5 2013 7 30 211 14.8 24.8 15.4 4 0.2 -999.9 -999.9 365
sta5 2013 7 31 212 18 28.1 21 4.9 0 -999.9 -999.9 365
sta5 2013 8 1 213 17.1 34.7 25.9 6.3 0 -999.9 -999.9 365
sta5 2013 8 2 214 17.9 31.3 23.9 6.1 1.4 -999.9 -999.9 365
sta5 2013 8 3 215 15.7 25.7 22.4 5 0 -999.9 -999.9 365
sta5 2013 8 4 216 12.1 26.7 25.2 4.9 0 -999.9 -999.9 365
sta5 2013 8 5 217 12.5 28.4 19.8 4.5 0 -999.9 -999.9 365
sta5 2013 8 6 218 12.1 24.5 16.9 3.3 8.8 -999.9 -999.9 365
sta5 2013 8 7 219 15.3 23.3 13.7 3 2.2 -999.9 -999.9 365
sta5 2013 8 8 220 14.9 24 18.1 3.6 0 -999.9 -999.9 365
sta5 2013 8 9 221 13 23.4 19 3.7 0 -999.9 -999.9 365
sta5 2013 8 10 222 10.2 22.9 23.4 4.1 0 -999.9 -999.9 365
sta5 2013 8 11 223 10.5 24.5 16.9 3.2 0 -999.9 -999.9 365
sta5 2013 8 12 224 15.6 24.5 20.9 4.5 0 -999.9 -999.9 365
sta5 2013 8 13 225 8.1 23.2 21.1 3.7 0 -999.9 -999.9 365
sta5 2013 8 14 226 7.9 25.3 23.8 4 0 -999.9 -999.9 365
sta5 2013 8 15 227 9.1 27.5 23.6 4.1 0 -999.9 -999.9 365
sta5 2013 8 16 228 10.1 29.2 20.7 4.2 0 -999.9 -999.9 365
sta5 2013 8 17 229 12.7 26.9 17.5 3.9 0 -999.9 -999.9 365
sta5 2013 8 18 230 18.1 24 8.6 2.8 1 -999.9 -999.9 365
sta5 2013 8 19 231 12.2 23.9 19.7 4.1 0 -999.9 -999.9 365
sta5 2013 8 20 232 6.7 24.9 23.1 3.6 0 -999.9 -999.9 365
sta5 2013 8 21 233 8.4 26.6 22.7 4 0 -999.9 -999.9 365
sta5 2013 8 22 234 13.9 28.2 19.6 4.6 0 -999.9 -999.9 365
sta5 2013 8 23 235 12.9 31.1 21.1 4.7 0 -999.9 -999.9 365
sta5 2013 8 24 236 16.5 22.5 14.3 4.4 0 -999.9 -999.9 365
sta5 2013 8 25 237 10.1 18.2 7.8 1.6 3 -999.9 -999.9 365
sta5 2013 8 26 238 12.1 24.3 13.4 2.8 0 -999.9 -999.9 365
sta5 2013 8 27 239 14.2 22.8 12.2 3 0.8 -999.9 -999.9 365
sta5 2013 8 28 240 12.5 24.4 16.9 3.5 0 -999.9 -999.9 365
sta5 2013 8 29 241 8.4 25.3 18.5 3.2 0 -999.9 -999.9 365
sta5 2013 8 30 242 7.8 25.9 20.4 3.5 0 -999.9 -999.9 365
sta5 2013 8 31 243 11 24.1 10.9 2.4 0 -999.9 -999.9 365
sta5 2013 9 1 244 10.5 21.3 19.4 3.5 0 -999.9 -999.9 365
sta5 2013 9 2 245 6.4 26.2 20.7 3.5 0 -999.9 -999.9 365
sta5 2013 9 3 246 8.1 27.5 20.5 3.6 0 -999.9 -999.9 365
sta5 2013 9 4 247 12.6 32.3 20.3 4 0 -999.9 -999.9 365
sta5 2013 9 5 248 14.5 32.1 19.7 4.4 0 -999.9 -999.9 365
sta5 2013 9 6 249 14.1 21.5 10.4 2.6 0.6 -999.9 -999.9 365
sta5 2013 9 7 250 8.6 19.1 11.3 2.3 0 -999.9 -999.9 365
sta5 2013 9 8 251 5.5 21.4 16.2 3 0 -999.9 -999.9 365
sta5 2013 9 9 252 11.2 19.8 9 2.5 1.4 -999.9 -999.9 365
sta5 2013 9 10 253 9.5 20.2 13.3 2.8 0 -999.9 -999.9 365
sta5 2013 9 11 254 7.4 17.3 5.9 1.6 0 -999.9 -999.9 365
sta5 2013 9 12 255 11.3 17.3 6 1.4 0.4 -999.9 -999.9 365
sta5 2013 9 13 256 9.7 19.2 4.9 0.7 3 -999.9 -999.9 365
sta5 2013 9 14 257 12.4 17 2.3 0.5 33.8 -999.9 -999.9 365
sta5 2013 9 15 258 10.2 18.1 14.3 2.5 1.2 -999.9 -999.9 365
sta5 2013 9 16 259 10.8 16.1 11.3 2.4 2 -999.9 -999.9 365
sta5 2013 9 17 260 9 16.9 7.1 1.7 0.8 -999.9 -999.9 365
sta5 2013 9 18 261 14.9 18.4 11.2 3 0 -999.9 -999.9 365
sta5 2013 9 19 262 7.1 17 10.6 1.8 0.2 -999.9 -999.9 365
sta5 2013 9 20 263 13 20.9 16.5 2.6 0.2 -999.9 -999.9 365
sta5 2013 9 21 264 7.2 22.3 15.5 2 0 -999.9 -999.9 365
sta5 2013 9 22 265 10 21.1 13.2 1.8 0 -999.9 -999.9 365
sta5 2013 9 23 266 12.4 22.6 12.6 2.2 0.2 -999.9 -999.9 365
sta5 2013 9 24 267 10 26 18.1 2.5 0 -999.9 -999.9 365
sta5 2013 9 25 268 9.4 25.8 13.3 2.1 0 -999.9 -999.9 365
sta5 2013 9 26 269 15.1 24.6 9.5 2 0 -999.9 -999.9 365
sta5 2013 9 27 270 14.2 26.5 14.6 2.7 0.6 -999.9 -999.9 365
sta5 2013 9 28 271 16.5 24.1 6.8 1.8 8.2 -999.9 -999.9 365
sta5 2013 9 29 272 13.7 16.6 1.7 0.5 31.8 -999.9 -999.9 365
sta5 2013 9 30 273 13.6 18 5.5 1 0.4 -999.9 -999.9 365
sta5 2013 10 1 274 11.2 18.3 4.6 0.7 1.2 -999.9 -999.9 365
sta5 2013 10 2 275 13.6 19.6 6.7 1 0 -999.9 -999.9 365
sta5 2013 10 3 276 16 23.4 8.9 1.8 2.8 -999.9 -999.9 365
sta5 2013 10 4 277 15.3 19.9 5.6 1.2 2.2 -999.9 -999.9 365
sta5 2013 10 5 278 14 19.4 12.6 2 0 -999.9 -999.9 365
sta5 2013 10 6 279 10.5 19.2 8.9 1.3 0 -999.9 -999.9 365
sta5 2013 10 7 280 13.5 19.6 8.5 1.4 0 -999.9 -999.9 365
sta5 2013 10 8 281 12.5 18.9 7.9 1.4 0 -999.9 -999.9 365
sta5 2013 10 9 282 12.9 19 8.8 1.7 0.4 -999.9 -999.9 365
sta5 2013 10 10 283 6.4 12.7 9.1 1.5 0 -999.9 -999.9 365
sta5 2013 10 11 284 6.6 11.4 5.7 0.9 14.4 -999.9 -999.9 365
sta5 2013 10 12 285 6.1 12.1 7.6 1 0.2 -999.9 -999.9 365
sta5 2013 10 13 286 2.1 11.8 8.3 0.7 0.2 -999.9 -999.9 365
sta5 2013 10 14 287 6.7 16.1 5.6 0.6 8.8 -999.9 -999.9 365
sta5 2013 10 15 288 11.3 14.9 2.4 0.4 8.8 -999.9 -999.9 365
sta5 2013 10 16 289 9.6 18.1 3.1 1 3.4 -999.9 -999.9 365
sta5 2013 10 17 290 8.5 17 8.5 0.8 0.4 -999.9 -999.9 365
sta5 2013 10 18 291 7 17.1 10.5 1 0.2 -999.9 -999.9 365
sta5 2013 10 19 292 9.4 20.8 6.2 1 0.6 -999.9 -999.9 365
sta5 2013 10 20 293 12.3 19.4 7 1.3 0.2 -999.9 -999.9 365
sta5 2013 10 21 294 11.6 20.9 8 1.2 0.2 -999.9 -999.9 365
sta5 2013 10 22 295 13.7 18.7 3.1 1.1 1.2 -999.9 -999.9 365
sta5 2013 10 23 296 14.2 20 9.6 2 0.2 -999.9 -999.9 365
sta5 2013 10 24 297 11.7 19.4 7.9 1.2 1 -999.9 -999.9 365
sta5 2013 10 25 298 13.9 18.8 2.7 0.8 8.4 -999.9 -999.9 365
sta5 2013 10 26 299 14.2 20 5.3 1.1 1.4 -999.9 -999.9 365
sta5 2013 10 27 300 11.5 16.3 4.7 1.1 16 -999.9 -999.9 365
sta5 2013 10 28 301 11.6 15.8 5.4 1.8 8.6 -999.9 -999.9 365
sta5 2013 10 29 302 6.3 14.6 9.5 0.9 0.2 -999.9 -999.9 365
sta5 2013 10 30 303 2.3 14.7 8.5 0.8 0 -999.9 -999.9 365
sta5 2013 10 31 304 2 13.5 9.2 0.4 0.2 -999.9 -999.9 365
sta5 2013 11 1 305 8.2 15 1.4 1.1 19.6 -999.9 -999.9 365
sta5 2013 11 2 306 8.9 16.3 5.3 0.5 1.4 -999.9 -999.9 365
sta5 2013 11 3 307 6.8 12.9 8.6 1 13.6 -999.9 -999.9 365
sta5 2013 11 4 308 6.3 14.6 4.2 0.9 4.2 -999.9 -999.9 365
sta5 2013 11 5 309 2.7 14.7 2.5 0.4 4 -999.9 -999.9 365
sta5 2013 11 6 310 11.2 16.1 5 0.7 0 -999.9 -999.9 365
sta5 2013 11 7 311 13 16.9 5.2 1 10.2 -999.9 -999.9 365
sta5 2013 11 8 312 10.8 14.2 3.1 0.9 7.2 -999.9 -999.9 365
sta5 2013 11 9 313 4.6 13.2 2.8 0.7 19 -999.9 -999.9 365
sta5 2013 11 10 314 5.3 11.4 7.2 0.7 0 -999.9 -999.9 365
sta5 2013 11 11 315 0 9.6 6.7 0 0.2 -999.9 -999.9 365
sta5 2013 11 12 316 7.3 11.4 2.9 0.3 2.2 -999.9 -999.9 365
sta5 2013 11 13 317 6.3 11.6 8.2 0.3 0.2 -999.9 -999.9 365
sta5 2013 11 14 318 0.3 10.4 4.2 0.4 0.4 -999.9 -999.9 365
sta5 2013 11 15 319 3 8.9 3 0.4 0.4 -999.9 -999.9 365
sta5 2013 11 16 320 0.8 5.2 3.7 0.1 0 -999.9 -999.9 365
sta5 2013 11 17 321 3.1 4.7 1 0.1 0 -999.9 -999.9 365
sta5 2013 11 18 322 4.3 6 1.6 0.2 0 -999.9 -999.9 365
sta5 2013 11 19 323 0 7.3 2.4 0.3 1 -999.9 -999.9 365
sta5 2013 11 20 324 -1 5.3 5.7 0 5.8 -999.9 -999.9 365
sta5 2013 11 21 325 1.7 3.5 1.8 0.2 1.8 -999.9 -999.9 365
sta5 2013 11 22 326 1.3 4.5 2.7 0.3 0 -999.9 -999.9 365
sta5 2013 11 23 327 4.2 6 1.2 0.4 0 -999.9 -999.9 365
sta5 2013 11 24 328 1.2 7.1 4.7 0 0 -999.9 -999.9 365
sta5 2013 11 25 329 3.8 7.2 4.1 0.2 0 -999.9 -999.9 365
sta5 2013 11 26 330 2.3 6.4 4.6 0 0 -999.9 -999.9 365
sta5 2013 11 27 331 3.4 6.9 3.4 0.2 0 -999.9 -999.9 365
sta5 2013 11 28 332 -0.8 5.6 3 0.1 0.2 -999.9 -999.9 365
sta5 2013 11 29 333 4.1 8.9 2.4 0.1 0 -999.9 -999.9 365
sta5 2013 11 30 334 1.5 7.9 4 0 0.2 -999.9 -999.9 365
sta5 2013 12 1 335 3.2 7.5 2.2 0.3 0 -999.9 -999.9 365
sta5 2013 12 2 336 3.8 8 3.6 0.3 0 -999.9 -999.9 365
sta5 2013 12 3 337 -1.6 8.2 6.1 0 0.2 -999.9 -999.9 365
sta5 2013 12 4 338 -2.1 5 1.9 0 0.2 -999.9 -999.9 365
sta5 2013 12 5 339 3.7 7.9 2.4 0.3 0.4 -999.9 -999.9 365
sta5 2013 12 6 340 3 8.3 2.6 0.2 0 -999.9 -999.9 365
sta5 2013 12 7 341 0.3 6.9 2.2 0.1 0 -999.9 -999.9 365
sta5 2013 12 8 342 0 8.8 5.9 0 0 -999.9 -999.9 365
sta5 2013 12 9 343 -2.6 6.7 6 0 0.2 -999.9 -999.9 365
sta5 2013 12 10 344 -3.6 9.9 7 0 0.2 -999.9 -999.9 365
sta5 2013 12 11 345 -4.3 5.9 7.3 0 0.2 -999.9 -999.9 365
sta5 2013 12 12 346 -3.6 7.4 3.9 0 0.2 -999.9 -999.9 365
sta5 2013 12 13 347 -3.5 5.4 3.9 0 3.6 -999.9 -999.9 365
sta5 2013 12 14 348 1.7 6.2 2.9 0 0 -999.9 -999.9 365
sta5 2013 12 15 349 1.2 9 5.2 0 0 -999.9 -999.9 365
sta5 2013 12 16 350 0.6 11.2 5.7 0 0 -999.9 -999.9 365
sta5 2013 12 17 351 0 8.6 4.2 0 0 -999.9 -999.9 365
sta5 2013 12 18 352 6.3 10.2 2.5 0.2 4.2 -999.9 -999.9 365
sta5 2013 12 19 353 3 9.4 4.3 0 0.2 -999.9 -999.9 365
sta5 2013 12 20 354 1 8.3 5.4 0 0 -999.9 -999.9 365
sta5 2013 12 21 355 1.3 7.1 2.7 0.4 0.6 -999.9 -999.9 365
sta5 2013 12 22 356 3.6 10.5 1.4 0 5.4 -999.9 -999.9 365
sta5 2013 12 23 357 6.7 11.4 2.3 0.6 1.8 -999.9 -999.9 365
sta5 2013 12 24 358 8.6 11.5 0.9 1 15.8 -999.9 -999.9 365
sta5 2013 12 25 359 4.9 9.2 3.5 0.1 3.4 -999.9 -999.9 365
sta5 2013 12 26 360 2.5 8.2 5.6 0 0.8 -999.9 -999.9 365
sta5 2013 12 27 361 2.8 13.1 1.6 0 4.2 -999.9 -999.9 365
sta5 2013 12 28 362 4.7 8.3 1.9 0.2 2.2 -999.9 -999.9 365
sta5 2013 12 29 363 2.8 8 5.6 0 0.2 -999.9 -999.9 365
sta5 2013 12 30 364 0.3 6.6 1.9 0 0.8 -999.9 -999.9 365
sta5 2013 12 31 365 4.5 9.1 2.9 0.4 2.4 -999.9 -999.9 365
