sta7 2013 1 1 1 4.8 9.7 4.4 0.9 2 -999.9 -999.9 365
sta7 2013 1 2 2 2.6 10.2 2.8 0.3 0 -999.9 -999.9 365
sta7 2013 1 3 3 9.1 10.7 1.6 0.7 0 -999.9 -999.9 365
sta7 2013 1 4 4 8.9 10.1 1.4 0.4 0 -999.9 -999.9 365
sta7 2013 1 5 5 7 7.8 1.9 0.3 0 -999.9 -999.9 365
sta7 2013 1 6 6 4.6 5.3 1.1 0.2 0 -999.9 -999.9 365
sta7 2013 1 7 7 3.9 6.2 1.4 0.2 0 -999.9 -999.9 365
sta7 2013 1 8 8 5.8 8.2 1.9 0.5 0 -999.9 -999.9 365
sta7 2013 1 9 9 6.8 9.9 1.1 0.2 2 -999.9 -999.9 365
sta7 2013 1 10 10 8 11.7 2.6 0.9 0.8 -999.9 -999.9 365
sta7 2013 1 11 11 2.9 11.8 4.4 0.8 9.5 -999.9 -999.9 365
sta7 2013 1 12 12 4.7 10 4.6 1 1.2 -999.9 -999.9 365
sta7 2013 1 13 13 -1.5 8 3.6 0.6 0.2 -999.9 -999.9 365
sta7 2013 1 14 14 1.2 7.9 2.8 0.6 3.4 -999.9 -999.9 365
sta7 2013 1 15 15 2 7 4.3 0.8 9.9 -999.9 -999.9 365
sta7 2013 1 16 16 0.5 3.5 3.3 0.7 3 -999.9 -999.9 365
sta7 2013 1 17 17 -2.4 3.5 4.9 1 2 -999.9 -999.9 365
sta7 2013 1 18 18 -2.3 0.1 1.7 0.2 0.8 -999.9 -999.9 365
sta7 2013 1 19 19 -0.9 2.3 1.4 0.3 0.4 -999.9 -999.9 365
sta7 2013 1 20 20 0.8 6 3.3 0.8 4 -999.9 -999.9 365
sta7 2013 1 21 21 0.2 6.1 3.1 0.5 10 -999.9 -999.9 365
sta7 2013 1 22 22 0.9 6.5 2.5 0.4 3.3 -999.9 -999.9 365
sta7 2013 1 23 23 -0.6 8 3.6 0.5 0.4 -999.9 -999.9 365
sta7 2013 1 24 24 -0.5 6.4 5.6 0.6 0 -999.9 -999.9 365
sta7 2013 1 25 25 -2.1 8.1 3 0.8 7.7 -999.9 -999.9 365
sta7 2013 1 26 26 3.3 11.4 6.4 0.7 16.9 -999.9 -999.9 365
sta7 2013 1 27 27 8 11.9 6.4 1.6 2.1 -999.9 -999.9 365
sta7 2013 1 28 28 4.8 11.5 3.9 0.8 13.9 -999.9 -999.9 365
sta7 2013 1 29 29 10.5 13.4 2.1 0.8 10.8 -999.9 -999.9 365
sta7 2013 1 30 30 9.2 13.7 6.3 1.3 2.7 -999.9 -999.9 365
sta7 2013 1 31 31 5.6 14.1 4.8 0.9 9 -999.9 -999.9 365
sta7 2013 2 1 32 6.7 12.4 1.4 0.8 9.5 -999.9 -999.9 365
sta7 2013 2 2 33 4.4 7.9 7.1 1.7 0 -999.9 -999.9 365
sta7 2013 2 3 34 -1.4 10 3 0.4 1 -999.9 -999.9 365
sta7 2013 2 4 35 9.2 12.7 4.2 1.5 0.8 -999.9 -999.9 365
sta7 2013 2 5 36 3.1 8 4.8 1.3 10 -999.9 -999.9 365
sta7 2013 2 6 37 2.9 7.8 5.5 1.4 6.4 -999.9 -999.9 365
sta7 2013 2 7 38 -0.7 6.9 5 1 2.4 -999.9 -999.9 365
sta7 2013 2 8 39 2.8 7.4 6 1 1.4 -999.9 -999.9 365
sta7 2013 2 9 40 2.2 8.6 3 0.3 4.8 -999.9 -999.9 365
sta7 2013 2 10 41 6.4 10.2 2.8 1 9.1 -999.9 -999.9 365
sta7 2013 2 11 42 1.6 8.9 8.1 1 0.2 -999.9 -999.9 365
sta7 2013 2 12 43 -0.4 7.3 3.5 0.5 0 -999.9 -999.9 365
sta7 2013 2 13 44 0.5 9.9 3.2 0.8 1.6 -999.9 -999.9 365
sta7 2013 2 14 45 5.2 13.6 8.7 1.3 1.4 -999.9 -999.9 365
sta7 2013 2 15 46 -0.3 12.4 9 0.9 0.2 -999.9 -999.9 365
sta7 2013 2 16 47 0 11 9.5 0.9 0.2 -999.9 -999.9 365
sta7 2013 2 17 48 1.3 8.5 11.7 1.3 0 -999.9 -999.9 365
sta7 2013 2 18 49 0.7 10.8 11.6 1.3 0.2 -999.9 -999.9 365
sta7 2013 2 19 50 -1.5 11.7 11.8 1.1 0.2 -999.9 -999.9 365
sta7 2013 2 20 51 -1.5 10 11.9 1.2 0.2 -999.9 -999.9 365
sta7 2013 2 21 52 -1.4 4.7 12.8 1.7 0 -999.9 -999.9 365
sta7 2013 2 22 53 -2.6 2.5 11.5 1.7 0 -999.9 -999.9 365
sta7 2013 2 23 54 -4 2.9 4.8 1 0.2 -999.9 -999.9 365
sta7 2013 2 24 55 -1.2 3.6 5.4 1.4 0 -999.9 -999.9 365
sta7 2013 2 25 56 1.3 6.4 6 1.3 0.6 -999.9 -999.9 365
sta7 2013 2 26 57 2.5 3.7 3.9 1.2 0.4 -999.9 -999.9 365
sta7 2013 2 27 58 1.2 5 3.6 0.9 0 -999.9 -999.9 365
sta7 2013 2 28 59 2.1 4.4 3 0.8 0 -999.9 -999.9 365
sta7 2013 3 1 60 0.6 3.8 3.3 1 0 -999.9 -999.9 365
sta7 2013 3 2 61 1.9 3.1 4.6 1.3 0 -999.9 -999.9 365
sta7 2013 3 3 62 0.1 4.7 8.6 1.5 0 -999.9 -999.9 365
sta7 2013 3 4 63 -0.7 13.3 14.1 1.6 0.2 -999.9 -999.9 365
sta7 2013 3 5 64 5.6 15.2 9.2 2.2 0 -999.9 -999.9 365
sta7 2013 3 6 65 8.7 13.6 6.6 1.5 1.4 -999.9 -999.9 365
sta7 2013 3 7 66 9.5 14.3 8.2 1.7 11.7 -999.9 -999.9 365
sta7 2013 3 8 67 9 14.8 10 1.8 1.8 -999.9 -999.9 365
sta7 2013 3 9 68 3.5 15.5 12.7 1.7 0.2 -999.9 -999.9 365
sta7 2013 3 10 69 5.8 12.9 7.1 1.4 19.6 -999.9 -999.9 365
sta7 2013 3 11 70 0.4 10.9 3.8 0.7 14.5 -999.9 -999.9 365
sta7 2013 3 12 71 -0.6 2.1 6.8 1.3 0.6 -999.9 -999.9 365
sta7 2013 3 13 72 -0.3 6.9 8.3 1.6 0.4 -999.9 -999.9 365
sta7 2013 3 14 73 -1.2 7.2 12.3 1.5 0.2 -999.9 -999.9 365
sta7 2013 3 15 74 -3 8.8 9.8 1.1 11.9 -999.9 -999.9 365
sta7 2013 3 16 75 5.1 11 9.2 2 10.5 -999.9 -999.9 365
sta7 2013 3 17 76 4.1 10.5 12.4 1.8 4.2 -999.9 -999.9 365
sta7 2013 3 18 77 1.6 9.8 10.7 1.4 3 -999.9 -999.9 365
sta7 2013 3 19 78 1.4 9.8 11.4 1.4 6.8 -999.9 -999.9 365
sta7 2013 3 20 79 1.5 12 15.1 1.7 0 -999.9 -999.9 365
sta7 2013 3 21 80 5.9 9.1 3 0.6 6.9 -999.9 -999.9 365
sta7 2013 3 22 81 7.6 13.7 6.5 2 0.4 -999.9 -999.9 365
sta7 2013 3 23 82 5 13.4 14 1.4 0 -999.9 -999.9 365
sta7 2013 3 24 83 6.3 13.1 10.3 1.9 0 -999.9 -999.9 365
sta7 2013 3 25 84 3.5 6.7 4.7 1.3 0 -999.9 -999.9 365
sta7 2013 3 26 85 2.9 7.8 9.2 1.9 0 -999.9 -999.9 365
sta7 2013 3 27 86 3 8 10.6 2.1 0 -999.9 -999.9 365
sta7 2013 3 28 87 -2.1 8.5 15.9 1.8 0.2 -999.9 -999.9 365
sta7 2013 3 29 88 0.5 3.6 4.4 0.9 4.6 -999.9 -999.9 365
sta7 2013 3 30 89 1.6 4.9 6.2 1.2 0.2 -999.9 -999.9 365
sta7 2013 3 31 90 -1.8 7.3 18.1 2 0 -999.9 -999.9 365
sta7 2013 4 1 91 -0.6 9.8 18.8 2.5 0 -999.9 -999.9 365
sta7 2013 4 2 92 0.2 9.9 18.7 2.6 0 -999.9 -999.9 365
sta7 2013 4 3 93 -1 9.1 18.6 2.6 0.2 -999.9 -999.9 365
sta7 2013 4 4 94 -0.1 7.8 9.6 1.8 2.8 -999.9 -999.9 365
sta7 2013 4 5 95 1 4.3 3.4 0.9 2.2 -999.9 -999.9 365
sta7 2013 4 6 96 2.5 8.8 18.9 2.6 0 -999.9 -999.9 365
sta7 2013 4 7 97 1.1 9.2 10 1.7 2 -999.9 -999.9 365
sta7 2013 4 8 98 4 11.1 12.6 1.5 21.1 -999.9 -999.9 365
sta7 2013 4 9 99 6.1 13.4 12.2 2.2 8.2 -999.9 -999.9 365
sta7 2013 4 10 100 7.2 12.4 5 1.1 25.6 -999.9 -999.9 365
sta7 2013 4 11 101 9.8 13 13.3 2.4 8.5 -999.9 -999.9 365
sta7 2013 4 12 102 9 14 17.6 2.9 1 -999.9 -999.9 365
sta7 2013 4 13 103 6.3 12.3 5.4 0.8 20.2 -999.9 -999.9 365
sta7 2013 4 14 104 9.8 18.5 18.9 3.8 1.2 -999.9 -999.9 365
sta7 2013 4 15 105 9.7 16.6 20 3.2 0.4 -999.9 -999.9 365
sta7 2013 4 16 106 10.5 12.9 5.9 1.2 5 -999.9 -999.9 365
sta7 2013 4 17 107 8.8 20.4 19.1 3.9 0 -999.9 -999.9 365
sta7 2013 4 18 108 9 14.4 20 3.4 0.2 -999.9 -999.9 365
sta7 2013 4 19 109 3.7 14.8 19.3 2.7 0 -999.9 -999.9 365
sta7 2013 4 20 110 1.3 15.2 21.3 2.4 0 -999.9 -999.9 365
sta7 2013 4 21 111 -1.4 14.9 21.1 2 0.4 -999.9 -999.9 365
sta7 2013 4 22 112 4.5 13.8 13.7 1.9 0 -999.9 -999.9 365
sta7 2013 4 23 113 9.5 18.5 15.2 2.4 0.4 -999.9 -999.9 365
sta7 2013 4 24 114 6.5 22.2 21.3 3.2 0.2 -999.9 -999.9 365
sta7 2013 4 25 115 8 24.4 24.8 4.1 0 -999.9 -999.9 365
sta7 2013 4 26 116 7.5 13 17.9 3.3 0 -999.9 -999.9 365
sta7 2013 4 27 117 0.2 11.6 19.6 2.6 0.6 -999.9 -999.9 365
sta7 2013 4 28 118 1.5 13.7 21.5 2.6 0 -999.9 -999.9 365
sta7 2013 4 29 119 1.1 14.4 17.9 3.2 0 -999.9 -999.9 365
sta7 2013 4 30 120 5.3 15.7 23.4 3.5 0 -999.9 -999.9 365
sta7 2013 5 1 121 7.6 14.8 15.9 3.4 2.4 -999.9 -999.9 365
sta7 2013 5 2 122 7.8 11.2 7.9 2.4 0 -999.9 -999.9 365
sta7 2013 5 3 123 4.3 19.2 26.5 3.1 0 -999.9 -999.9 365
sta7 2013 5 4 124 1.7 17.6 22.6 2.7 0 -999.9 -999.9 365
sta7 2013 5 5 125 6.8 21.5 24.5 3 0.2 -999.9 -999.9 365
sta7 2013 5 6 126 5.5 21.2 23.6 3.5 0.2 -999.9 -999.9 365
sta7 2013 5 7 127 11.4 20.6 16.7 3.9 13.3 -999.9 -999.9 365
sta7 2013 5 8 128 12.5 15.2 13.3 2.9 0.8 -999.9 -999.9 365
sta7 2013 5 9 129 5.2 14.9 23.9 3.5 0 -999.9 -999.9 365
sta7 2013 5 10 130 9.8 15.8 13.8 3 1.6 -999.9 -999.9 365
sta7 2013 5 11 131 8.2 14.4 15.4 2.8 0 -999.9 -999.9 365
sta7 2013 5 12 132 6.1 14.3 12.6 2 0 -999.9 -999.9 365
sta7 2013 5 13 133 10.4 16.2 17.6 3.6 0 -999.9 -999.9 365
sta7 2013 5 14 134 7.8 12.5 9.2 2.5 8.5 -999.9 -999.9 365
sta7 2013 5 15 135 4.9 14.4 18.9 2.7 0.6 -999.9 -999.9 365
sta7 2013 5 16 136 2 13.9 22.7 2.5 3.8 -999.9 -999.9 365
sta7 2013 5 17 137 3 16.9 23.4 2.9 0.2 -999.9 -999.9 365
sta7 2013 5 18 138 6.4 15.1 21.1 3.3 1.6 -999.9 -999.9 365
sta7 2013 5 19 139 8 10.6 6.8 1.2 10.3 -999.9 -999.9 365
sta7 2013 5 20 140 8.9 14.2 10 1.9 0 -999.9 -999.9 365
sta7 2013 5 21 141 11.3 17.8 11.2 2.3 0 -999.9 -999.9 365
sta7 2013 5 22 142 10.5 18 19.5 3.6 0 -999.9 -999.9 365
sta7 2013 5 23 143 5.8 14 22.8 3.8 0 -999.9 -999.9 365
sta7 2013 5 24 144 4.5 12.2 14.3 2.4 0.4 -999.9 -999.9 365
sta7 2013 5 25 145 6.7 15.2 21.4 3.3 0.2 -999.9 -999.9 365
sta7 2013 5 26 146 1.5 18.5 28.3 3.2 0 -999.9 -999.9 365
sta7 2013 5 27 147 2.4 18.3 26.1 3.6 7.1 -999.9 -999.9 365
sta7 2013 5 28 148 7 13.2 19.3 2.6 7.9 -999.9 -999.9 365
sta7 2013 5 29 149 5.3 14.6 12.3 1.8 6.1 -999.9 -999.9 365
sta7 2013 5 30 150 8.4 18.6 16.7 2.6 3.2 -999.9 -999.9 365
sta7 2013 5 31 151 9.8 19.8 24 3.7 0 -999.9 -999.9 365
sta7 2013 6 1 152 9.8 17.7 21.9 3.7 0 -999.9 -999.9 365
sta7 2013 6 2 153 6.3 19 26.1 3.8 0.2 -999.9 -999.9 365
sta7 2013 6 3 154 7 19.4 30.8 4.2 0 -999.9 -999.9 365
sta7 2013 6 4 155 6.9 19.5 28.2 4.1 0 -999.9 -999.9 365
sta7 2013 6 5 156 7 23.2 28.1 3.6 0 -999.9 -999.9 365
sta7 2013 6 6 157 11.8 27.2 27.7 4.6 0.2 -999.9 -999.9 365
sta7 2013 6 7 158 13.8 27 21.1 3.8 4 -999.9 -999.9 365
sta7 2013 6 8 159 14.1 19.8 17 3.3 2.4 -999.9 -999.9 365
sta7 2013 6 9 160 11.3 15.2 11.7 2.2 0.2 -999.9 -999.9 365
sta7 2013 6 10 161 11.3 18.4 16 2.9 5.8 -999.9 -999.9 365
sta7 2013 6 11 162 12.9 17.2 11 2.1 8.5 -999.9 -999.9 365
sta7 2013 6 12 163 14 18.6 10.4 2.5 4.2 -999.9 -999.9 365
sta7 2013 6 13 164 12.5 18.3 19.8 4.1 0 -999.9 -999.9 365
sta7 2013 6 14 165 8.3 18.6 22.9 3.7 1.4 -999.9 -999.9 365
sta7 2013 6 15 166 9.1 17.6 24.1 4 0 -999.9 -999.9 365
sta7 2013 6 16 167 10.7 18.8 14.6 3.2 2.8 -999.9 -999.9 365
sta7 2013 6 17 168 14 19.9 9 1.9 3.2 -999.9 -999.9 365
sta7 2013 6 18 169 12.7 21.4 18.3 3.5 0.6 -999.9 -999.9 365
sta7 2013 6 19 170 13 19.8 11.4 2.6 19.2 -999.9 -999.9 365
sta7 2013 6 20 171 11.8 19.9 13.1 2.6 0.4 -999.9 -999.9 365
sta7 2013 6 21 172 11.6 19.3 13.3 2.6 2 -999.9 -999.9 365
sta7 2013 6 22 173 12.1 17.7 16.4 3.4 2 -999.9 -999.9 365
sta7 2013 6 23 174 11.8 17.6 17.1 3.7 1 -999.9 -999.9 365
sta7 2013 6 24 175 8.3 18.2 21 3.6 0 -999.9 -999.9 365
sta7 2013 6 25 176 5.6 20.3 27.1 3.4 0.2 -999.9 -999.9 365
sta7 2013 6 26 177 10.5 20.6 22 3.3 0 -999.9 -999.9 365
sta7 2013 6 27 178 8.3 21.4 25.3 3.9 0 -999.9 -999.9 365
sta7 2013 6 28 179 12.2 24 20.3 3.9 0 -999.9 -999.9 365
sta7 2013 6 29 180 13.1 22.4 17.1 3.3 0 -999.9 -999.9 365
sta7 2013 6 30 181 11.3 25.5 22.2 3.7 0 -999.9 -999.9 365
sta7 2013 7 1 182 12.7 23.3 21.9 3.7 0 -999.9 -999.9 365
sta7 2013 7 2 183 10.6 19.3 10.7 2.4 9.3 -999.9 -999.9 365
sta7 2013 7 3 184 13.5 19.6 15.3 3.1 0.4 -999.9 -999.9 365
sta7 2013 7 4 185 14 23.6 20.1 3.4 0 -999.9 -999.9 365
sta7 2013 7 5 186 15.6 23.9 21.6 3.8 0 -999.9 -999.9 365
sta7 2013 7 6 187 10.8 27 28.8 4.6 0 -999.9 -999.9 365
sta7 2013 7 7 188 11.8 28.5 27.8 5.1 0 -999.9 -999.9 365
sta7 2013 7 8 189 15.8 28.7 29.3 6.2 0 -999.9 -999.9 365
sta7 2013 7 9 190 13.7 27.7 26.3 5.6 0 -999.9 -999.9 365
sta7 2013 7 10 191 13.2 26.8 28.3 5.4 0 -999.9 -999.9 365
sta7 2013 7 11 192 12.6 24.1 25.6 5.4 0 -999.9 -999.9 365
sta7 2013 7 12 193 11.1 25.9 28 5.1 0.2 -999.9 -999.9 365
sta7 2013 7 13 194 11 27.5 28 5.5 0 -999.9 -999.9 365
sta7 2013 7 14 195 13 30.3 28.3 6 0 -999.9 -999.9 365
sta7 2013 7 15 196 12.1 29.8 28.9 5.7 0.2 -999.9 -999.9 365
sta7 2013 7 16 197 11.6 29.6 26.5 5.4 0 -999.9 -999.9 365
sta7 2013 7 17 198 13.5 29.4 27.3 5.4 0 -999.9 -999.9 365
sta7 2013 7 18 199 13.3 28.9 26.4 5.5 0 -999.9 -999.9 365
sta7 2013 7 19 200 15.5 29.2 20.4 5.1 2 -999.9 -999.9 365
sta7 2013 7 20 201 17.4 31 22.2 5.8 2.6 -999.9 -999.9 365
sta7 2013 7 21 202 17 31.7 24 5.8 0.2 -999.9 -999.9 365
sta7 2013 7 22 203 16.2 29 21.6 4.6 0 -999.9 -999.9 365
sta7 2013 7 23 204 16.6 25.9 20.4 4.2 0.2 -999.9 -999.9 365
sta7 2013 7 24 205 12.3 25.7 20.9 4.2 2.2 -999.9 -999.9 365
sta7 2013 7 25 206 18.6 25.8 21.5 5 0 -999.9 -999.9 365
sta7 2013 7 26 207 12.8 24.1 18.6 3.6 0 -999.9 -999.9 365
sta7 2013 7 27 208 15.1 20.6 8.2 2.4 19.8 -999.9 -999.9 365
sta7 2013 7 28 209 13.9 22.4 18.2 3.6 5.7 -999.9 -999.9 365
sta7 2013 7 29 210 15.2 22 17.8 3.8 2.4 -999.9 -999.9 365
sta7 2013 7 30 211 14.5 20.5 9.5 2.3 2 -999.9 -999.9 365
sta7 2013 7 31 212 17.6 26.5 17.7 4.3 0 -999.9 -999.9 365
sta7 2013 8 1 213 16.9 27.7 24.9 5.8 0 -999.9 -999.9 365
sta7 2013 8 2 214 14.9 24 17.3 4.3 4.3 -999.9 -999.9 365
sta7 2013 8 3 215 12.5 22.9 22.3 4.7 0 -999.9 -999.9 365
sta7 2013 8 4 216 10.4 22.8 21.7 4.3 0 -999.9 -999.9 365
sta7 2013 8 5 217 14.9 23.5 19.4 4.5 2 -999.9 -999.9 365
sta7 2013 8 6 218 13.3 23.1 21.3 3.9 0.2 -999.9 -999.9 365
sta7 2013 8 7 219 13.7 21.1 9.2 2.2 6.3 -999.9 -999.9 365
sta7 2013 8 8 220 13.9 24.9 20.5 3.8 0.2 -999.9 -999.9 365
sta7 2013 8 9 221 13.2 24.1 20.1 4.6 0.4 -999.9 -999.9 365
sta7 2013 8 10 222 9.2 24.2 22.1 3.7 0 -999.9 -999.9 365
sta7 2013 8 11 223 14.4 24.7 16.5 3.9 0 -999.9 -999.9 365
sta7 2013 8 12 224 9.5 22.2 20.3 3.9 0 -999.9 -999.9 365
sta7 2013 8 13 225 7.3 23.3 21.2 3.6 0 -999.9 -999.9 365
sta7 2013 8 14 226 8.5 26.2 23.7 3.8 0 -999.9 -999.9 365
sta7 2013 8 15 227 10.4 26.9 24.2 4.3 0 -999.9 -999.9 365
sta7 2013 8 16 228 8.9 22.2 10 1.8 2 -999.9 -999.9 365
sta7 2013 8 17 229 13.2 22.6 16.2 3.3 1 -999.9 -999.9 365
sta7 2013 8 18 230 17 25 20.5 4.6 0.4 -999.9 -999.9 365
sta7 2013 8 19 231 12.7 24.4 19.6 3.7 0 -999.9 -999.9 365
sta7 2013 8 20 232 9 25.2 24 3.8 0 -999.9 -999.9 365
sta7 2013 8 21 233 9.8 27.9 22.8 4.5 0 -999.9 -999.9 365
sta7 2013 8 22 234 13 29.8 23.6 5.3 0 -999.9 -999.9 365
sta7 2013 8 23 235 11.3 29.5 20.9 4.8 0.4 -999.9 -999.9 365
sta7 2013 8 24 236 14.4 20.4 14.3 3.8 0.4 -999.9 -999.9 365
sta7 2013 8 25 237 13 22.1 15.4 3.1 0 -999.9 -999.9 365
sta7 2013 8 26 238 13.3 24.3 19.5 4.1 0.2 -999.9 -999.9 365
sta7 2013 8 27 239 11.9 24.5 17 3.4 0 -999.9 -999.9 365
sta7 2013 8 28 240 13.2 24.8 21.4 4.1 0 -999.9 -999.9 365
sta7 2013 8 29 241 8.7 25.9 21.1 3.5 0.2 -999.9 -999.9 365
sta7 2013 8 30 242 9.5 25.4 19.6 3 0.2 -999.9 -999.9 365
sta7 2013 8 31 243 13.3 20.8 10.6 3.2 0 -999.9 -999.9 365
sta7 2013 9 1 244 9 22.8 21.5 4 0 -999.9 -999.9 365
sta7 2013 9 2 245 5.2 25.3 21.3 3.2 0.2 -999.9 -999.9 365
sta7 2013 9 3 246 10.9 27.6 21.9 3.6 0.2 -999.9 -999.9 365
sta7 2013 9 4 247 10.6 31.5 21.1 4.1 0 -999.9 -999.9 365
sta7 2013 9 5 248 7.4 29.4 19.3 3.3 0.2 -999.9 -999.9 365
sta7 2013 9 6 249 12 19.5 15.6 4 0.2 -999.9 -999.9 365
sta7 2013 9 7 250 6.9 20 18.8 3.5 0 -999.9 -999.9 365
sta7 2013 9 8 251 2.4 18.8 15.2 2.4 3.2 -999.9 -999.9 365
sta7 2013 9 9 252 11.9 21.5 10.6 2.5 0.4 -999.9 -999.9 365
sta7 2013 9 10 253 9.6 19.9 16.5 3.3 0 -999.9 -999.9 365
sta7 2013 9 11 254 9.5 19.4 10.7 2.6 1.6 -999.9 -999.9 365
sta7 2013 9 12 255 12.6 21.7 7.5 1.7 0.2 -999.9 -999.9 365
sta7 2013 9 13 256 16 20 7.6 2.2 7.1 -999.9 -999.9 365
sta7 2013 9 14 257 12.1 16.1 10.4 2.5 1.8 -999.9 -999.9 365
sta7 2013 9 15 258 5.7 18.1 13.7 1.9 1.6 -999.9 -999.9 365
sta7 2013 9 16 259 10.5 18.1 10.9 2.8 0 -999.9 -999.9 365
sta7 2013 9 17 260 10.4 18.8 5.8 1.6 0.2 -999.9 -999.9 365
sta7 2013 9 18 261 14.9 19.4 10.1 2.9 0 -999.9 -999.9 365
sta7 2013 9 19 262 8.1 17.5 7.8 1.6 1 -999.9 -999.9 365
sta7 2013 9 20 263 11.9 21.5 15.2 2.4 0 -999.9 -999.9 365
sta7 2013 9 21 264 8 23.5 11.1 1.9 0 -999.9 -999.9 365
sta7 2013 9 22 265 12.2 26.7 16.4 3 0 -999.9 -999.9 365
sta7 2013 9 23 266 13.8 27.2 16.3 3.4 0 -999.9 -999.9 365
sta7 2013 9 24 267 9.4 26.9 16.1 2.6 0 -999.9 -999.9 365
sta7 2013 9 25 268 12.3 25.4 10.3 2.4 0 -999.9 -999.9 365
sta7 2013 9 26 269 12.9 24.9 10.5 2.4 1 -999.9 -999.9 365
sta7 2013 9 27 270 15.8 27.1 11.5 3.1 1.4 -999.9 -999.9 365
sta7 2013 9 28 271 17.3 22.8 5.4 1.8 3.4 -999.9 -999.9 365
sta7 2013 9 29 272 16.4 21.6 7.1 1.7 0 -999.9 -999.9 365
sta7 2013 9 30 273 14.5 20.4 8.5 1.8 0.6 -999.9 -999.9 365
sta7 2013 10 1 274 15.5 20.3 5.4 1.2 5.7 -999.9 -999.9 365
sta7 2013 10 2 275 15.8 22.9 12.4 2.5 6.1 -999.9 -999.9 365
sta7 2013 10 3 276 16.9 22.3 9.4 2.6 10.5 -999.9 -999.9 365
sta7 2013 10 4 277 16.7 20.7 10 2.5 0.8 -999.9 -999.9 365
sta7 2013 10 5 278 8.5 20.2 12.5 1.7 0 -999.9 -999.9 365
sta7 2013 10 6 279 6.5 20.6 10 1.6 0 -999.9 -999.9 365
sta7 2013 10 7 280 8.2 21.8 12.6 1.5 0 -999.9 -999.9 365
sta7 2013 10 8 281 9.7 21.4 11.3 1.7 0.2 -999.9 -999.9 365
sta7 2013 10 9 282 6.7 19.3 7.8 1.6 0 -999.9 -999.9 365
sta7 2013 10 10 283 8.1 15 11.7 2.6 0.4 -999.9 -999.9 365
sta7 2013 10 11 284 5.3 14.3 8.6 1.7 7 -999.9 -999.9 365
sta7 2013 10 12 285 9.2 12.9 7.7 1.6 1.2 -999.9 -999.9 365
sta7 2013 10 13 286 0.5 16.3 11.6 1.2 0 -999.9 -999.9 365
sta7 2013 10 14 287 6.2 17.1 7.8 1.6 2.6 -999.9 -999.9 365
sta7 2013 10 15 288 11.2 16.5 3.4 0.5 12.1 -999.9 -999.9 365
sta7 2013 10 16 289 13.6 19.9 8.3 1.9 5.9 -999.9 -999.9 365
sta7 2013 10 17 290 12.3 18.7 9.3 1.8 0.6 -999.9 -999.9 365
sta7 2013 10 18 291 11 20.1 8 2.1 1.4 -999.9 -999.9 365
sta7 2013 10 19 292 14.2 18 7.2 1.5 23.2 -999.9 -999.9 365
sta7 2013 10 20 293 13 17.2 6.2 1.7 9.1 -999.9 -999.9 365
sta7 2013 10 21 294 15.2 19.3 5.9 2.4 4.8 -999.9 -999.9 365
sta7 2013 10 22 295 14.9 19.9 6.9 2.6 1.8 -999.9 -999.9 365
sta7 2013 10 23 296 13.3 17.6 8.2 1.8 6.7 -999.9 -999.9 365
sta7 2013 10 24 297 10 19.2 7.3 1 3.4 -999.9 -999.9 365
sta7 2013 10 25 298 14.9 19.4 6.7 2.2 0.2 -999.9 -999.9 365
sta7 2013 10 26 299 13.2 18.2 8.4 2.1 12.1 -999.9 -999.9 365
sta7 2013 10 27 300 12 16.1 4.7 1.7 39.3 -999.9 -999.9 365
sta7 2013 10 28 301 10.7 15.7 7.4 2.2 0.4 -999.9 -999.9 365
sta7 2013 10 29 302 6.9 14.7 8.8 1.4 0.2 -999.9 -999.9 365
sta7 2013 10 30 303 2.1 15.7 8.7 1 0 -999.9 -999.9 365
sta7 2013 10 31 304 9.2 14.8 4.3 1.2 2.2 -999.9 -999.9 365
sta7 2013 11 1 305 9.9 15.9 1.4 0.5 19.6 -999.9 -999.9 365
sta7 2013 11 2 306 10.9 15.2 4.7 1.7 2.8 -999.9 -999.9 365
sta7 2013 11 3 307 6.7 14.8 5.8 1.4 16.7 -999.9 -999.9 365
sta7 2013 11 4 308 9.2 13.3 6.5 1.4 2.2 -999.9 -999.9 365
sta7 2013 11 5 309 8.2 15.7 3.8 0.6 0.4 -999.9 -999.9 365
sta7 2013 11 6 310 12.4 16.2 4.1 1.4 4.6 -999.9 -999.9 365
sta7 2013 11 7 311 12.3 15.5 1.9 0.7 12.1 -999.9 -999.9 365
sta7 2013 11 8 312 6.9 12.6 4 1 5 -999.9 -999.9 365
sta7 2013 11 9 313 4.9 14.3 5.9 0.9 9.9 -999.9 -999.9 365
sta7 2013 11 10 314 9.6 13.7 5.2 1.3 14.9 -999.9 -999.9 365
sta7 2013 11 11 315 9 14.6 1.9 0.3 5.1 -999.9 -999.9 365
sta7 2013 11 12 316 11.8 15.4 3.1 1.2 0.6 -999.9 -999.9 365
sta7 2013 11 13 317 5.5 11.5 7.7 1 0 -999.9 -999.9 365
sta7 2013 11 14 318 1.1 12.1 5.5 1 1.2 -999.9 -999.9 365
sta7 2013 11 15 319 4.9 10.7 5.5 1.5 0 -999.9 -999.9 365
sta7 2013 11 16 320 2.1 10.8 7.4 0.7 0 -999.9 -999.9 365
sta7 2013 11 17 321 2.2 9.6 5.7 0.8 0 -999.9 -999.9 365
sta7 2013 11 18 322 3.7 10.4 2.4 0.5 0.4 -999.9 -999.9 365
sta7 2013 11 19 323 3.8 8 5.2 1 0.8 -999.9 -999.9 365
sta7 2013 11 20 324 -1 9.5 2.7 0.8 4 -999.9 -999.9 365
sta7 2013 11 21 325 4 9 3.7 1.1 1.4 -999.9 -999.9 365
sta7 2013 11 22 326 2.7 8.9 4.6 0.9 1 -999.9 -999.9 365
sta7 2013 11 23 327 5.6 9.2 4.5 1.2 0.6 -999.9 -999.9 365
sta7 2013 11 24 328 5.2 9.2 2.1 1.1 0 -999.9 -999.9 365
sta7 2013 11 25 329 5.1 9.1 3.3 1.5 0 -999.9 -999.9 365
sta7 2013 11 26 330 3.5 9.1 3 1.4 0 -999.9 -999.9 365
sta7 2013 11 27 331 1.2 7.7 2 0.5 0 -999.9 -999.9 365
sta7 2013 11 28 332 -0.7 8.2 4.6 0.4 0 -999.9 -999.9 365
sta7 2013 11 29 333 1.1 9.7 1.5 0.4 0 -999.9 -999.9 365
sta7 2013 11 30 334 5.5 10.2 4.6 1.4 0.2 -999.9 -999.9 365
sta7 2013 12 1 335 0.2 9.7 5.1 0.8 0.2 -999.9 -999.9 365
sta7 2013 12 2 336 2.4 8.6 3.8 1.1 0 -999.9 -999.9 365
sta7 2013 12 3 337 1.1 6.3 3.1 0.8 0 -999.9 -999.9 365
sta7 2013 12 4 338 -1.6 7.7 1.5 0.2 0.4 -999.9 -999.9 365
sta7 2013 12 5 339 0 9.1 5.5 0.5 0 -999.9 -999.9 365
sta7 2013 12 6 340 4.4 11.4 5 0.9 0 -999.9 -999.9 365
sta7 2013 12 7 341 -2.1 10.3 6.1 0.8 0.2 -999.9 -999.9 365
sta7 2013 12 8 342 -3.2 8.5 5.9 0.9 0.2 -999.9 -999.9 365
sta7 2013 12 9 343 -2.9 5.5 5.6 0.5 0.2 -999.9 -999.9 365
sta7 2013 12 10 344 -1.8 9.9 5.7 0.8 0.2 -999.9 -999.9 365
sta7 2013 12 11 345 -2.5 8 4.7 0.9 0.2 -999.9 -999.9 365
sta7 2013 12 12 346 -1.7 8.4 2.9 0.3 0.4 -999.9 -999.9 365
sta7 2013 12 13 347 6 11.8 1.4 0.5 5.6 -999.9 -999.9 365
sta7 2013 12 14 348 2.3 11.8 3.1 0.4 0.2 -999.9 -999.9 365
sta7 2013 12 15 349 9.7 12.1 2.1 0.8 0.2 -999.9 -999.9 365
sta7 2013 12 16 350 9.9 12.8 2.4 1.1 1.4 -999.9 -999.9 365
sta7 2013 12 17 351 8.2 10 1.2 0.6 0.2 -999.9 -999.9 365
sta7 2013 12 18 352 4.5 11.8 2.4 0.3 27.8 -999.9 -999.9 365
sta7 2013 12 19 353 4 10.2 3.8 1 6.3 -999.9 -999.9 365
sta7 2013 12 20 354 -0.2 10.8 5.2 0.9 0.2 -999.9 -999.9 365
sta7 2013 12 21 355 8.2 12.2 1.3 0.8 14.3 -999.9 -999.9 365
sta7 2013 12 22 356 8.6 11.9 3 1.2 2.4 -999.9 -999.9 365
sta7 2013 12 23 357 5.9 12.1 0.9 0.4 65.4 -999.9 -999.9 365
sta7 2013 12 24 358 8.9 10.8 2 1 9.2 -999.9 -999.9 365
sta7 2013 12 25 359 2 7.8 3 0.9 2 -999.9 -999.9 365
sta7 2013 12 26 360 1.5 12.6 5.2 1.1 8.1 -999.9 -999.9 365
sta7 2013 12 27 361 6.8 12.6 1.1 0.5 16.5 -999.9 -999.9 365
sta7 2013 12 28 362 4.3 9 3.1 1 3.6 -999.9 -999.9 365
sta7 2013 12 29 363 2.3 10.5 5.1 0.7 0.6 -999.9 -999.9 365
sta7 2013 12 30 364 6.8 11.3 2.8 0.5 10.1 -999.9 -999.9 365
sta7 2013 12 31 365 5.9 11.3 1.6 0.9 6 -999.9 -999.9 365
sta7 2014 1 1 1 5.6 11.6 0.8 0.6 52.1 -999.9 -999.9 365
sta7 2014 1 2 2 5.9 12 4.1 0.8 5.2 -999.9 -999.9 365
sta7 2014 1 3 3 8.1 11.7 4.1 1.3 7.6 -999.9 -999.9 365
sta7 2014 1 4 4 4.8 9.4 1.7 0.8 5.7 -999.9 -999.9 365
sta7 2014 1 5 5 4 13.2 1.2 0.3 17.7 -999.9 -999.9 365
sta7 2014 1 6 6 9.2 13.2 3.6 1.4 3.4 -999.9 -999.9 365
sta7 2014 1 7 7 10.3 13.1 3.4 1.4 6.3 -999.9 -999.9 365
sta7 2014 1 8 8 6.7 12.3 2.3 0.3 0.8 -999.9 -999.9 365
sta7 2014 1 9 9 6.7 10.5 3.2 1 0 -999.9 -999.9 365
sta7 2014 1 10 10 -0.2 8.6 3.8 0.2 5.8 -999.9 -999.9 365
sta7 2014 1 11 11 4.9 10.9 4.7 0.5 0 -999.9 -999.9 365
sta7 2014 1 12 12 7.1 11.2 1.9 0.3 7.7 -999.9 -999.9 365
sta7 2014 1 13 13 4.3 10.4 4.3 1 8.4 -999.9 -999.9 365
sta7 2014 1 14 14 -0.3 10.7 5.5 0.5 1.8 -999.9 -999.9 365
sta7 2014 1 15 15 6.5 11.7 2 0.3 23.9 -999.9 -999.9 365
sta7 2014 1 16 16 6.7 10.1 4.2 1.3 8.7 -999.9 -999.9 365
sta7 2014 1 17 17 6 10.7 2.3 0.6 8.3 -999.9 -999.9 365
sta7 2014 1 18 18 7.5 11.3 2.3 0.8 7.7 -999.9 -999.9 365
sta7 2014 1 19 19 -1 9.8 6.2 0.5 0.2 -999.9 -999.9 365
sta7 2014 1 20 20 -1.1 9.9 5 0.7 0.2 -999.9 -999.9 365
sta7 2014 1 21 21 -1.5 9.4 3.4 0.2 7.5 -999.9 -999.9 365
sta7 2014 1 22 22 6.3 11.5 5.4 0.8 0 -999.9 -999.9 365
sta7 2014 1 23 23 2.2 10.1 2.9 0.6 1 -999.9 -999.9 365
sta7 2014 1 24 24 7.6 12.1 1 0 4.4 -999.9 -999.9 365
sta7 2014 1 25 25 7.9 14.6 6.6 1.1 0 -999.9 -999.9 365
sta7 2014 1 26 26 5.5 11.9 1.5 1.1 9.7 -999.9 -999.9 365
sta7 2014 1 27 27 2 8.9 5.6 1.3 1.4 -999.9 -999.9 365
sta7 2014 1 28 28 3.4 7.9 3.1 0.9 2.2 -999.9 -999.9 365
sta7 2014 1 29 29 -0.8 9.3 5.2 0.5 0.2 -999.9 -999.9 365
sta7 2014 1 30 30 0.2 10 5.6 0.6 0 -999.9 -999.9 365
sta7 2014 1 31 31 -1.6 11.6 1.8 0.2 33.3 -999.9 -999.9 365
sta7 2014 2 1 32 3.6 9.7 6.6 1.5 1.2 -999.9 -999.9 365
sta7 2014 2 2 33 1.7 10.9 7.5 1.2 0 -999.9 -999.9 365
sta7 2014 2 3 34 5 7.3 2.8 0.9 9.3 -999.9 -999.9 365
sta7 2014 2 4 35 2.6 9.3 5.4 0.8 18.1 -999.9 -999.9 365
sta7 2014 2 5 36 5.3 10.5 4 1.7 6.2 -999.9 -999.9 365
sta7 2014 2 6 37 6.9 12.1 1.7 1 38.3 -999.9 -999.9 365
sta7 2014 2 7 38 5.1 11 8 1.5 27.8 -999.9 -999.9 365
sta7 2014 2 8 39 4.2 8.9 6 1.5 11 -999.9 -999.9 365
sta7 2014 2 9 40 3.6 9.4 5.5 1.3 7.6 -999.9 -999.9 365
sta7 2014 2 10 41 4.4 10.8 7.1 1.2 0.6 -999.9 -999.9 365
sta7 2014 2 11 42 1.8 8.6 3.8 0.8 24.4 -999.9 -999.9 365
sta7 2014 2 12 43 3.4 9.5 2.9 1.1 19.6 -999.9 -999.9 365
sta7 2014 2 13 44 4.6 9.6 6.2 1.4 12.7 -999.9 -999.9 365
sta7 2014 2 14 45 4.5 13 3.3 1.3 8.8 -999.9 -999.9 365
sta7 2014 2 15 46 6.4 11.7 7.8 2.1 2.4 -999.9 -999.9 365
sta7 2014 2 16 47 2.9 12.2 7.5 1 5 -999.9 -999.9 365
sta7 2014 2 17 48 5.4 10.4 4.8 1.2 2 -999.9 -999.9 365
sta7 2014 2 18 49 6.8 12.2 8.4 1 2.6 -999.9 -999.9 365
sta7 2014 2 19 50 7.3 11.3 5.1 0.8 2 -999.9 -999.9 365
sta7 2014 2 20 51 8.5 14 7.1 1.5 5.8 -999.9 -999.9 365
sta7 2014 2 21 52 2.4 10.1 10 1.2 3.8 -999.9 -999.9 365
sta7 2014 2 22 53 4.8 11.9 9.5 1.4 0.4 -999.9 -999.9 365
sta7 2014 2 23 54 8.1 12.7 7.9 1.8 0 -999.9 -999.9 365
sta7 2014 2 24 55 5.9 15.8 10.2 1.6 9.3 -999.9 -999.9 365
sta7 2014 2 25 56 5.8 10.5 7.7 1.6 2.6 -999.9 -999.9 365
sta7 2014 2 26 57 0.4 12.9 12 1.3 7.5 -999.9 -999.9 365
sta7 2014 2 27 58 5 11.9 8.6 1.4 13.3 -999.9 -999.9 365
sta7 2014 2 28 59 4.3 8.3 6.2 1.6 1.4 -999.9 -999.9 365
sta7 2014 3 1 60 0 8.6 7.4 1.1 0 -999.9 -999.9 365
sta7 2014 3 2 61 0.3 10.2 3.9 0.6 11.5 -999.9 -999.9 365
sta7 2014 3 3 62 4 9.2 8.2 1.4 7 -999.9 -999.9 365
sta7 2014 3 4 63 2.6 9.6 6 1 5.8 -999.9 -999.9 365
sta7 2014 3 5 64 2.9 14.8 14.4 1.3 0 -999.9 -999.9 365
sta7 2014 3 6 65 0.3 14.4 14.7 1.4 0.2 -999.9 -999.9 365
sta7 2014 3 7 66 0.5 13.9 7.5 0.8 0 -999.9 -999.9 365
sta7 2014 3 8 67 6.3 18 15.7 2.5 0 -999.9 -999.9 365
sta7 2014 3 9 68 5.2 18.9 16.1 3 0 -999.9 -999.9 365
sta7 2014 3 10 69 1.6 17.3 15.6 1.8 0 -999.9 -999.9 365
sta7 2014 3 11 70 6.1 14.4 10.8 1.7 0 -999.9 -999.9 365
sta7 2014 3 12 71 6 15.6 13.4 1.8 0.2 -999.9 -999.9 365
sta7 2014 3 13 72 0.6 18.3 14 1.5 0 -999.9 -999.9 365
sta7 2014 3 14 73 0.9 18.5 11.3 1.1 0 -999.9 -999.9 365
sta7 2014 3 15 74 6.9 18.1 12.2 1.9 0 -999.9 -999.9 365
sta7 2014 3 16 75 2.6 18.8 16 1.6 0.2 -999.9 -999.9 365
sta7 2014 3 17 76 5 14.2 8.2 1.1 0.2 -999.9 -999.9 365
sta7 2014 3 18 77 6.3 13.4 8.8 1.7 0 -999.9 -999.9 365
sta7 2014 3 19 78 3.9 15.3 16 1.8 0.2 -999.9 -999.9 365
sta7 2014 3 20 79 0.4 14.7 13.4 1.4 11.9 -999.9 -999.9 365
sta7 2014 3 21 80 5.3 12.9 15 2 2.6 -999.9 -999.9 365
sta7 2014 3 22 81 3.8 11.2 12.4 2.1 2 -999.9 -999.9 365
sta7 2014 3 23 82 1.6 12.3 14.5 2.2 0.2 -999.9 -999.9 365
sta7 2014 3 24 83 -1.3 8.2 5.8 0.5 9.7 -999.9 -999.9 365
sta7 2014 3 25 84 3.9 9.5 9.5 1.3 6 -999.9 -999.9 365
sta7 2014 3 26 85 6 11.2 15.3 2.7 0 -999.9 -999.9 365
sta7 2014 3 27 86 2.6 5 6.8 0.9 4 -999.9 -999.9 365
sta7 2014 3 28 87 2.7 11.5 9.5 1.2 1 -999.9 -999.9 365
sta7 2014 3 29 88 6.9 15.8 13.9 2.6 0 -999.9 -999.9 365
sta7 2014 3 30 89 9.2 18.2 16.9 2.7 0 -999.9 -999.9 365
sta7 2014 3 31 90 9.4 16.1 12.5 2.6 0 -999.9 -999.9 365
sta7 2014 4 1 91 5.6 20.3 14.5 2.2 0 -999.9 -999.9 365
sta7 2014 4 2 92 12.9 17.9 10.3 3 15.1 -999.9 -999.9 365
sta7 2014 4 3 93 10.3 16.7 10.9 1.8 2 -999.9 -999.9 365
sta7 2014 4 4 94 7.1 15.8 14.4 2.3 0.4 -999.9 -999.9 365
sta7 2014 4 5 95 8.3 15.6 8.8 1.3 1.2 -999.9 -999.9 365
sta7 2014 4 6 96 11.9 15.1 8.5 2 0.2 -999.9 -999.9 365
sta7 2014 4 7 97 11.7 13.8 6.2 1.7 2.4 -999.9 -999.9 365
sta7 2014 4 8 98 5.3 13.6 14.7 2.2 0 -999.9 -999.9 365
sta7 2014 4 9 99 1.5 16.8 19.4 2 0 -999.9 -999.9 365
sta7 2014 4 10 100 4.3 17.2 21.6 2.6 0 -999.9 -999.9 365
sta7 2014 4 11 101 6.7 15.2 20.1 2.9 0.2 -999.9 -999.9 365
sta7 2014 4 12 102 4.2 17.9 20.5 2.7 0 -999.9 -999.9 365
sta7 2014 4 13 103 3.7 16.3 13.7 1.9 0 -999.9 -999.9 365
sta7 2014 4 14 104 2.8 17.5 22 2.6 0 -999.9 -999.9 365
sta7 2014 4 15 105 6 16.1 24.4 4.1 0 -999.9 -999.9 365
sta7 2014 4 16 106 4.4 19 24.4 3.9 0 -999.9 -999.9 365
sta7 2014 4 17 107 1.7 22.4 23.9 3.5 0 -999.9 -999.9 365
sta7 2014 4 18 108 7.7 16.2 20 3.4 0 -999.9 -999.9 365
sta7 2014 4 19 109 2.9 12.9 19.1 3 0 -999.9 -999.9 365
sta7 2014 4 20 110 4.7 10.8 3.6 0.7 1.2 -999.9 -999.9 365
sta7 2014 4 21 111 7.4 15.6 17.1 2.6 0 -999.9 -999.9 365
sta7 2014 4 22 112 4 16 13.6 2.4 0.2 -999.9 -999.9 365
sta7 2014 4 23 113 8.5 14.4 8.5 1.5 8.9 -999.9 -999.9 365
sta7 2014 4 24 114 4.7 16.3 18.8 2.3 0.2 -999.9 -999.9 365
sta7 2014 4 25 115 6.4 17.2 17.2 2.6 8.9 -999.9 -999.9 365
sta7 2014 4 26 116 9.1 14.1 17.8 3.1 17.5 -999.9 -999.9 365
sta7 2014 4 27 117 8.2 14.2 13.9 2.5 6.2 -999.9 -999.9 365
sta7 2014 4 28 118 8.5 17.6 17 2.5 0.8 -999.9 -999.9 365
sta7 2014 4 29 119 8.5 14.5 15.1 2.1 1 -999.9 -999.9 365
sta7 2014 4 30 120 2.9 16.8 17.7 2.1 1.2 -999.9 -999.9 365
sta7 2014 5 1 121 10.2 15.8 13.3 2.3 2.8 -999.9 -999.9 365
sta7 2014 5 2 122 9.8 15.8 13.4 2.5 0 -999.9 -999.9 365
sta7 2014 5 3 123 6.5 14.7 21 3.2 0 -999.9 -999.9 365
sta7 2014 5 4 124 3.6 17.5 25.7 3.2 0.2 -999.9 -999.9 365
sta7 2014 5 5 125 6.4 19 20 3.1 2.2 -999.9 -999.9 365
sta7 2014 5 6 126 12.1 16.5 13.3 2.7 8.7 -999.9 -999.9 365
sta7 2014 5 7 127 10.1 17.5 19.2 3.6 0.4 -999.9 -999.9 365
sta7 2014 5 8 128 10.8 14.4 7.1 1.5 1.2 -999.9 -999.9 365
sta7 2014 5 9 129 11.3 16.9 18.6 3.4 2 -999.9 -999.9 365
sta7 2014 5 10 130 11.2 16.7 19.4 3.7 4 -999.9 -999.9 365
sta7 2014 5 11 131 8.3 14.9 22.1 3.4 3.2 -999.9 -999.9 365
sta7 2014 5 12 132 7.7 14.2 20.3 3.1 10.1 -999.9 -999.9 365
sta7 2014 5 13 133 3.8 16.6 22.8 2.9 1.2 -999.9 -999.9 365
sta7 2014 5 14 134 4.9 18.9 24.4 2.9 0.2 -999.9 -999.9 365
sta7 2014 5 15 135 6.1 19.4 28.4 3.9 0 -999.9 -999.9 365
sta7 2014 5 16 136 6.1 19.2 28.6 4.2 0 -999.9 -999.9 365
sta7 2014 5 17 137 6.9 21.3 28.2 4 0 -999.9 -999.9 365
sta7 2014 5 18 138 7.4 24 27.7 4.2 0 -999.9 -999.9 365
sta7 2014 5 19 139 9.7 18.7 13.2 2.8 5.4 -999.9 -999.9 365
sta7 2014 5 20 140 11.8 16.8 22 3.7 1.2 -999.9 -999.9 365
sta7 2014 5 21 141 5.3 15.7 9.9 1.2 13.9 -999.9 -999.9 365
sta7 2014 5 22 142 8.9 15.2 12.4 2.7 9.8 -999.9 -999.9 365
sta7 2014 5 23 143 8 16.6 16.2 3 2 -999.9 -999.9 365
sta7 2014 5 24 144 5.4 16.1 19.5 2.6 1.2 -999.9 -999.9 365
sta7 2014 5 25 145 4.7 16.2 18.6 2.8 0 -999.9 -999.9 365
sta7 2014 5 26 146 7.5 17.7 22.2 2.9 1 -999.9 -999.9 365
sta7 2014 5 27 147 5.8 18.1 20.9 2.9 0.2 -999.9 -999.9 365
sta7 2014 5 28 148 5 20.4 24.3 2.9 0.8 -999.9 -999.9 365
sta7 2014 5 29 149 10 16.6 10.4 1.9 0.2 -999.9 -999.9 365
sta7 2014 5 30 150 7.5 19.4 17.6 2.4 0 -999.9 -999.9 365
sta7 2014 5 31 151 9.9 19.9 25.9 3.8 0.2 -999.9 -999.9 365
sta7 2014 6 1 152 7.6 21.4 23.9 3.6 0 -999.9 -999.9 365
sta7 2014 6 2 153 9.4 17.9 13.5 2.4 0.2 -999.9 -999.9 365
sta7 2014 6 3 154 12.1 17.9 13.2 2.7 13.3 -999.9 -999.9 365
sta7 2014 6 4 155 11 17 22.4 4 0 -999.9 -999.9 365
sta7 2014 6 5 156 5.5 17.8 23.4 3.6 0 -999.9 -999.9 365
sta7 2014 6 6 157 9.7 25.9 24.9 4.6 1.6 -999.9 -999.9 365
sta7 2014 6 7 158 13.5 21.9 24.4 4.6 0 -999.9 -999.9 365
sta7 2014 6 8 159 9.4 25.3 25.1 4.7 0.2 -999.9 -999.9 365
sta7 2014 6 9 160 11.9 24.2 19.5 4 0 -999.9 -999.9 365
sta7 2014 6 10 161 11.4 20.1 25.7 4.5 0.2 -999.9 -999.9 365
sta7 2014 6 11 162 7.1 24 29.8 3.9 0 -999.9 -999.9 365
sta7 2014 6 12 163 9.8 25.4 29.9 4.9 0.2 -999.9 -999.9 365
sta7 2014 6 13 164 10.1 25.2 29.5 4.8 0 -999.9 -999.9 365
sta7 2014 6 14 165 10.6 24.6 27.6 4.6 0 -999.9 -999.9 365
sta7 2014 6 15 166 12.7 20.7 26.7 4.8 0 -999.9 -999.9 365
sta7 2014 6 16 167 11.1 20.7 25 4.7 0 -999.9 -999.9 365
sta7 2014 6 17 168 10.8 18.9 20.6 4.3 0.2 -999.9 -999.9 365
sta7 2014 6 18 169 10.2 22.2 28.4 4.7 0 -999.9 -999.9 365
sta7 2014 6 19 170 10.5 24.5 30 4.7 0.2 -999.9 -999.9 365
sta7 2014 6 20 171 12 24.9 28.6 5.4 0 -999.9 -999.9 365
sta7 2014 6 21 172 11.1 25.3 28.7 5.6 0 -999.9 -999.9 365
sta7 2014 6 22 173 12.4 26.7 25.6 5.5 0 -999.9 -999.9 365
sta7 2014 6 23 174 13.1 27.5 28 5.6 0 -999.9 -999.9 365
sta7 2014 6 24 175 13.7 27.3 28.7 5.6 0 -999.9 -999.9 365
sta7 2014 6 25 176 10.9 26.8 26.4 4.6 0.2 -999.9 -999.9 365
sta7 2014 6 26 177 13.3 22.4 17.5 3.5 20.9 -999.9 -999.9 365
sta7 2014 6 27 178 15 20 20.1 4.4 0.2 -999.9 -999.9 365
sta7 2014 6 28 179 12.5 16.6 10.4 2.3 5 -999.9 -999.9 365
sta7 2014 6 29 180 11 21 23 4 0 -999.9 -999.9 365
sta7 2014 6 30 181 9.6 18 13 2.3 12.1 -999.9 -999.9 365
sta7 2014 7 1 182 14.5 22.1 13.5 3 6.7 -999.9 -999.9 365
sta7 2014 7 2 183 13.7 26.8 29.2 6 0 -999.9 -999.9 365
sta7 2014 7 3 184 11.2 28.5 28.9 5.5 0 -999.9 -999.9 365
sta7 2014 7 4 185 13.4 23.9 22.1 4.1 6.9 -999.9 -999.9 365
sta7 2014 7 5 186 15.7 18.1 6.4 1.7 30.7 -999.9 -999.9 365
sta7 2014 7 6 187 12.1 20.3 20.2 3.9 1 -999.9 -999.9 365
sta7 2014 7 7 188 7.9 20 20.8 3.1 2.4 -999.9 -999.9 365
sta7 2014 7 8 189 12.8 20.7 19.6 3.7 0.6 -999.9 -999.9 365
sta7 2014 7 9 190 10.6 21.2 24.6 4.4 0 -999.9 -999.9 365
sta7 2014 7 10 191 11.1 23.8 25.6 4.3 0 -999.9 -999.9 365
sta7 2014 7 11 192 14.1 23.3 17.7 3.6 0 -999.9 -999.9 365
sta7 2014 7 12 193 12.7 22.9 18 3.1 0.2 -999.9 -999.9 365
sta7 2014 7 13 194 16.1 23.5 16.4 3.9 0.4 -999.9 -999.9 365
sta7 2014 7 14 195 9.7 20.8 20.2 3.2 0.2 -999.9 -999.9 365
sta7 2014 7 15 196 14.7 23.9 17.7 3.5 0 -999.9 -999.9 365
sta7 2014 7 16 197 13.6 28.5 25.3 4.2 0 -999.9 -999.9 365
sta7 2014 7 17 198 15.5 32.2 23.1 5.7 0.2 -999.9 -999.9 365
sta7 2014 7 18 199 15.7 24.5 22.1 4.6 1.4 -999.9 -999.9 365
sta7 2014 7 19 200 16.8 25.3 20.5 3.9 3.2 -999.9 -999.9 365
sta7 2014 7 20 201 15.8 23.1 19 3.7 25.5 -999.9 -999.9 365
sta7 2014 7 21 202 12.2 25.6 23.4 4 0 -999.9 -999.9 365
sta7 2014 7 22 203 11.6 28 27.2 4.5 0 -999.9 -999.9 365
sta7 2014 7 23 204 14.4 28.4 25.4 4.2 0.2 -999.9 -999.9 365
sta7 2014 7 24 205 15.6 29.1 17.7 4 1.8 -999.9 -999.9 365
sta7 2014 7 25 206 15.9 27.7 25.6 5.1 0.2 -999.9 -999.9 365
sta7 2014 7 26 207 13.8 28.9 24.8 4.6 0 -999.9 -999.9 365
sta7 2014 7 27 208 13.1 25.4 16.6 3.7 0.4 -999.9 -999.9 365
sta7 2014 7 28 209 11.7 22.1 19.8 3.5 1.6 -999.9 -999.9 365
sta7 2014 7 29 210 11.3 26.2 24.1 4.4 0 -999.9 -999.9 365
sta7 2014 7 30 211 14.3 25.2 22 4.3 0 -999.9 -999.9 365
sta7 2014 7 31 212 9.3 24.9 20.6 3.5 0 -999.9 -999.9 365
sta7 2014 8 1 213 9.2 23.8 20.7 3.8 7.5 -999.9 -999.9 365
sta7 2014 8 2 214 16.2 23.3 20.5 4.2 3 -999.9 -999.9 365
sta7 2014 8 3 215 11 22.1 21.3 3.9 0 -999.9 -999.9 365
sta7 2014 8 4 216 8.2 23.2 21 3.4 0 -999.9 -999.9 365
sta7 2014 8 5 217 10.9 22.7 17.6 3.4 14.3 -999.9 -999.9 365
sta7 2014 8 6 218 16.6 24.3 17.9 3.4 1.4 -999.9 -999.9 365
sta7 2014 8 7 219 16.7 24.6 18.5 3.7 8.1 -999.9 -999.9 365
sta7 2014 8 8 220 15.2 21.6 7.7 1.9 1.8 -999.9 -999.9 365
sta7 2014 8 9 221 11.5 22.3 17.4 3.1 17.8 -999.9 -999.9 365
sta7 2014 8 10 222 16.8 22.2 20 4.6 4 -999.9 -999.9 365
sta7 2014 8 11 223 10.9 20.7 19.9 3.8 0.2 -999.9 -999.9 365
sta7 2014 8 12 224 12.5 21.4 18.4 3.5 0 -999.9 -999.9 365
sta7 2014 8 13 225 10.2 21.3 21.1 3.3 6.5 -999.9 -999.9 365
sta7 2014 8 14 226 12.7 19.9 16.1 3 6.7 -999.9 -999.9 365
sta7 2014 8 15 227 9.4 20.1 18.7 3.1 0 -999.9 -999.9 365
sta7 2014 8 16 228 6.5 22.5 22.2 3.2 0.2 -999.9 -999.9 365
sta7 2014 8 17 229 7.9 18.4 11.6 2.4 0 -999.9 -999.9 365
sta7 2014 8 18 230 12.9 20.7 18.9 3.9 0 -999.9 -999.9 365
sta7 2014 8 19 231 7 19.5 17.5 3 3.6 -999.9 -999.9 365
sta7 2014 8 20 232 5.1 20.1 20.6 3 0 -999.9 -999.9 365
sta7 2014 8 21 233 6.7 20.7 20.7 3.1 0 -999.9 -999.9 365
sta7 2014 8 22 234 7.2 19.7 14.5 2.8 0 -999.9 -999.9 365
sta7 2014 8 23 235 11.3 20.6 19.6 3.4 0.2 -999.9 -999.9 365
sta7 2014 8 24 236 6.3 20.1 12.8 2.2 3.2 -999.9 -999.9 365
sta7 2014 8 25 237 15.2 18.7 3.7 1.5 28 -999.9 -999.9 365
sta7 2014 8 26 238 14.3 21.6 15.6 3.2 0.8 -999.9 -999.9 365
sta7 2014 8 27 239 15.1 18.8 7.8 1.8 6.6 -999.9 -999.9 365
sta7 2014 8 28 240 15 21.8 15.5 3.2 0.4 -999.9 -999.9 365
sta7 2014 8 29 241 11.7 21.1 17.7 2.9 0 -999.9 -999.9 365
sta7 2014 8 30 242 10.8 21.8 12.1 2.4 0.2 -999.9 -999.9 365
sta7 2014 8 31 243 8 22.7 21.4 2.9 0 -999.9 -999.9 365
sta7 2014 9 1 244 8.2 23.1 19.8 2.7 0.2 -999.9 -999.9 365
sta7 2014 9 2 245 10.9 24.9 17.4 2.7 0.2 -999.9 -999.9 365
sta7 2014 9 3 246 13.1 24.7 21.1 3.6 0.2 -999.9 -999.9 365
sta7 2014 9 4 247 11.7 25.5 19.9 3.3 0.2 -999.9 -999.9 365
sta7 2014 9 5 248 11.5 25.3 16.9 2.7 0.2 -999.9 -999.9 365
sta7 2014 9 6 249 12.2 24.9 14.8 2.7 0 -999.9 -999.9 365
sta7 2014 9 7 250 13.9 27.8 18 3.6 0.2 -999.9 -999.9 365
sta7 2014 9 8 251 14.9 27.3 18.1 3.8 0 -999.9 -999.9 365
sta7 2014 9 9 252 15.1 27.2 16.5 3.3 0 -999.9 -999.9 365
sta7 2014 9 10 253 13.6 24.2 18.9 4.1 0.2 -999.9 -999.9 365
sta7 2014 9 11 254 10.6 22.2 19.9 3.5 0.2 -999.9 -999.9 365
sta7 2014 9 12 255 9.2 23.6 19.1 3.3 0.2 -999.9 -999.9 365
sta7 2014 9 13 256 11.4 23.3 16.7 2.9 0 -999.9 -999.9 365
sta7 2014 9 14 257 13 23.8 15.4 3.4 0 -999.9 -999.9 365
sta7 2014 9 15 258 13.1 24 16.6 2.9 0.4 -999.9 -999.9 365
sta7 2014 9 16 259 11.2 26.6 15.8 3.3 0 -999.9 -999.9 365
sta7 2014 9 17 260 16.7 26.7 12.7 3.5 0 -999.9 -999.9 365
sta7 2014 9 18 261 13.9 25.8 11.9 2.7 4.3 -999.9 -999.9 365
sta7 2014 9 19 262 13.1 26.9 15.4 3 0 -999.9 -999.9 365
sta7 2014 9 20 263 14.2 24.9 12 2.3 0.4 -999.9 -999.9 365
sta7 2014 9 21 264 15 22 11 2.9 0.2 -999.9 -999.9 365
sta7 2014 9 22 265 10.2 20.5 16.8 3.3 0 -999.9 -999.9 365
sta7 2014 9 23 266 5.9 19.7 15.5 2.4 0.2 -999.9 -999.9 365
sta7 2014 9 24 267 4.4 21.1 12.5 1.9 0.2 -999.9 -999.9 365
sta7 2014 9 25 268 5.8 20.9 16.4 2.2 0.2 -999.9 -999.9 365
sta7 2014 9 26 269 4.6 23.6 16.1 2 0.2 -999.9 -999.9 365
sta7 2014 9 27 270 11.7 23.7 16.1 2.9 0.2 -999.9 -999.9 365
sta7 2014 9 28 271 8 23.6 13.6 2.4 1.4 -999.9 -999.9 365
sta7 2014 9 29 272 13.3 22.2 11.3 2.5 0.4 -999.9 -999.9 365
sta7 2014 9 30 273 12.9 22.9 12.7 2.1 0.2 -999.9 -999.9 365
sta7 2014 10 1 274 10.9 21.9 9 1.7 0.4 -999.9 -999.9 365
sta7 2014 10 2 275 15.6 20.8 9.5 2 0.2 -999.9 -999.9 365
sta7 2014 10 3 276 9.9 24.3 13.6 2 0.2 -999.9 -999.9 365
sta7 2014 10 4 277 10.6 18.8 6.3 2.1 8.1 -999.9 -999.9 365
sta7 2014 10 5 278 3 17.8 13.4 2 0 -999.9 -999.9 365
sta7 2014 10 6 279 8.2 19.9 8.1 2 19.4 -999.9 -999.9 365
sta7 2014 10 7 280 9.3 17.4 10.7 2.4 9.4 -999.9 -999.9 365
sta7 2014 10 8 281 12.6 18.8 8.6 2.4 1.8 -999.9 -999.9 365
sta7 2014 10 9 282 10.9 18.4 10.4 3.1 0.6 -999.9 -999.9 365
sta7 2014 10 10 283 7.9 19.1 9.7 2.1 3.8 -999.9 -999.9 365
sta7 2014 10 11 284 7.9 19.3 11.4 1.7 0.8 -999.9 -999.9 365
sta7 2014 10 12 285 8.9 13.2 1.7 0.5 21.4 -999.9 -999.9 365
sta7 2014 10 13 286 10.4 17.6 10.8 2.1 0 -999.9 -999.9 365
sta7 2014 10 14 287 2.4 19.4 11.8 1.4 0.6 -999.9 -999.9 365
sta7 2014 10 15 288 10.9 16.8 3.6 0.7 6.7 -999.9 -999.9 365
sta7 2014 10 16 289 13.5 17.4 3.4 1 30.6 -999.9 -999.9 365
sta7 2014 10 17 290 13.8 19.8 6.6 1.2 0 -999.9 -999.9 365
sta7 2014 10 18 291 16.7 23 10.9 2.7 0.4 -999.9 -999.9 365
sta7 2014 10 19 292 15 22 10.3 1.9 0.2 -999.9 -999.9 365
sta7 2014 10 20 293 12 16.8 5.6 1.1 2 -999.9 -999.9 365
sta7 2014 10 21 294 10.2 16.4 8.3 2.6 0 -999.9 -999.9 365
sta7 2014 10 22 295 4.1 16.5 8.4 1.8 0 -999.9 -999.9 365
sta7 2014 10 23 296 4.8 15.7 4.5 0.8 0.4 -999.9 -999.9 365
sta7 2014 10 24 297 13 17.3 4.4 1.1 0.4 -999.9 -999.9 365
sta7 2014 10 25 298 10.8 17.3 6.9 1.6 0 -999.9 -999.9 365
sta7 2014 10 26 299 6 19.4 8.7 1.1 0.2 -999.9 -999.9 365
sta7 2014 10 27 300 7.2 21.2 10.4 1.5 0.2 -999.9 -999.9 365
sta7 2014 10 28 301 5.6 20.3 8.8 1 0.4 -999.9 -999.9 365
sta7 2014 10 29 302 11.5 17.5 4.4 0.8 0 -999.9 -999.9 365
sta7 2014 10 30 303 11.6 20.7 8.5 1.4 0.4 -999.9 -999.9 365
sta7 2014 10 31 304 9.5 21.7 9.3 1.7 0.4 -999.9 -999.9 365
sta7 2014 11 1 305 12.7 18.9 8.4 1.5 0.4 -999.9 -999.9 365
sta7 2014 11 2 306 10.5 16.8 4 1.9 34.4 -999.9 -999.9 365
sta7 2014 11 3 307 7.5 11.9 2.3 1 9.9 -999.9 -999.9 365
sta7 2014 11 4 308 3.1 14.6 7.2 1.1 0 -999.9 -999.9 365
sta7 2014 11 5 309 4.9 13.3 7 1.2 1 -999.9 -999.9 365
sta7 2014 11 6 310 0.2 15.1 3.5 0.5 11.1 -999.9 -999.9 365
sta7 2014 11 7 311 9.1 13.2 6.5 1.7 5.2 -999.9 -999.9 365
sta7 2014 11 8 312 6.8 15.2 3.9 1.3 12.1 -999.9 -999.9 365
sta7 2014 11 9 313 2.6 14.6 7.4 0.8 1 -999.9 -999.9 365
sta7 2014 11 10 314 2 14.4 6.4 0.9 6.2 -999.9 -999.9 365
sta7 2014 11 11 315 10.7 13.1 2.2 0.9 30.9 -999.9 -999.9 365
sta7 2014 11 12 316 6.3 13.4 5.9 1.4 4.8 -999.9 -999.9 365
sta7 2014 11 13 317 8.3 16 4.5 1 7 -999.9 -999.9 365
sta7 2014 11 14 318 7.6 15.5 6.5 1.5 4.6 -999.9 -999.9 365
sta7 2014 11 15 319 5.1 15 4.7 1 5 -999.9 -999.9 365
sta7 2014 11 16 320 4.7 13.8 4.2 0.5 0 -999.9 -999.9 365
sta7 2014 11 17 321 4.1 11.5 3 0.3 0.4 -999.9 -999.9 365
sta7 2014 11 18 322 6.3 12.4 4.7 0.7 0.4 -999.9 -999.9 365
sta7 2014 11 19 323 4.5 13.4 3.1 0.5 0.4 -999.9 -999.9 365
sta7 2014 11 20 324 8.6 11.4 3.4 1.1 0 -999.9 -999.9 365
sta7 2014 11 21 325 7.3 14 3.9 0.5 0.2 -999.9 -999.9 365
sta7 2014 11 22 326 13 15.3 1.9 0.4 5.4 -999.9 -999.9 365
sta7 2014 11 23 327 9.6 11.6 0.6 0.6 9.7 -999.9 -999.9 365
sta7 2014 11 24 328 8.1 9.1 1 0.7 2.8 -999.9 -999.9 365
sta7 2014 11 25 329 8.2 10.5 0.9 0.1 6.4 -999.9 -999.9 365
sta7 2014 11 26 330 9.3 11.5 2.3 0.4 0.2 -999.9 -999.9 365
sta7 2014 11 27 331 9.4 11.5 2.8 0.4 0 -999.9 -999.9 365
sta7 2014 11 28 332 9.5 15.5 4.3 1.4 0 -999.9 -999.9 365
sta7 2014 11 29 333 8.1 15.8 3.7 1.2 0 -999.9 -999.9 365
sta7 2014 11 30 334 6.1 12 3.7 0.7 0 -999.9 -999.9 365
sta7 2014 12 1 335 7.3 12.1 2.3 1.1 0 -999.9 -999.9 365
sta7 2014 12 2 336 8.2 9.5 1.4 1 2 -999.9 -999.9 365
sta7 2014 12 3 337 6.8 10.4 3.5 1.1 0.4 -999.9 -999.9 365
sta7 2014 12 4 338 1.8 5.4 1.3 0.5 0 -999.9 -999.9 365
sta7 2014 12 5 339 4 9 2.8 0.9 0.8 -999.9 -999.9 365
sta7 2014 12 6 340 1.6 8.9 5.2 0.9 0 -999.9 -999.9 365
sta7 2014 12 7 341 0.8 11.5 2.6 0.3 0.4 -999.9 -999.9 365
sta7 2014 12 8 342 2.7 9.2 4.1 1 1.8 -999.9 -999.9 365
sta7 2014 12 9 343 -0.1 12.2 3.1 0.7 1.4 -999.9 -999.9 365
sta7 2014 12 10 344 7.6 11.9 2.2 1.1 0.2 -999.9 -999.9 365
sta7 2014 12 11 345 6.3 11.7 2.8 1.6 4.2 -999.9 -999.9 365
sta7 2014 12 12 346 8.1 12.8 1.5 1.2 25.1 -999.9 -999.9 365
sta7 2014 12 13 347 2.4 7.5 3.9 0.8 0.6 -999.9 -999.9 365
sta7 2014 12 14 348 -2.6 9.5 5 0.5 1.8 -999.9 -999.9 365
sta7 2014 12 15 349 5.3 10.5 1.8 0.3 3.4 -999.9 -999.9 365
sta7 2014 12 16 350 7.6 11.9 4.1 0.7 0.2 -999.9 -999.9 365
sta7 2014 12 17 351 7.6 13.5 1.2 0 0 -999.9 -999.9 365
sta7 2014 12 18 352 11.4 12.3 1.9 0.9 0.2 -999.9 -999.9 365
sta7 2014 12 19 353 10.1 12.9 1.2 0.9 1.4 -999.9 -999.9 365
sta7 2014 12 20 354 5.9 10 2.7 1 0 -999.9 -999.9 365
sta7 2014 12 21 355 7.2 10.5 1.6 1.3 0 -999.9 -999.9 365
sta7 2014 12 22 356 9.5 11.2 1.9 0.8 2.8 -999.9 -999.9 365
sta7 2014 12 23 357 9 10.9 1.5 1.1 0 -999.9 -999.9 365
sta7 2014 12 24 358 8.4 12.2 1.4 0.9 1.2 -999.9 -999.9 365
sta7 2014 12 25 359 4.7 10.5 3.6 0.8 0 -999.9 -999.9 365
sta7 2014 12 26 360 2.8 11.3 1.2 0.4 2.6 -999.9 -999.9 365
sta7 2014 12 27 361 4.9 8.4 2.2 1.1 3.6 -999.9 -999.9 365
sta7 2014 12 28 362 1.4 7 5.2 1.7 0 -999.9 -999.9 365
sta7 2014 12 29 363 -5.1 7.2 6 0.9 0 -999.9 -999.9 365
sta7 2014 12 30 364 -3.9 7.5 5.7 0.5 0.2 -999.9 -999.9 365
sta7 2014 12 31 365 -2.9 3.1 4.4 0.5 0.2 -999.9 -999.9 365
