sta5 2011 1 1 1 -1.3 2 1.1 0.1 0 -999.9 -999.9 365
sta5 2011 1 2 2 0.1 4 2.7 0 0 -999.9 -999.9 365
sta5 2011 1 3 3 -2 0.9 2.2 0 0 -999.9 -999.9 365
sta5 2011 1 4 4 -2.1 -0.5 1.4 0 0 -999.9 -999.9 365
sta5 2011 1 5 5 -3.2 9.3 1.6 0.4 5 -999.9 -999.9 365
sta5 2011 1 6 6 2.9 11.8 1.3 0 5 -999.9 -999.9 365
sta5 2011 1 7 7 9.7 11.6 2.1 0.2 5 -999.9 -999.9 365
sta5 2011 1 8 8 9.3 12.8 4.1 0.6 5.8 -999.9 -999.9 365
sta5 2011 1 9 9 2.9 7.9 4.5 0 0 -999.9 -999.9 365
sta5 2011 1 10 10 -1.6 5.8 3.9 0 3.8 -999.9 -999.9 365
sta5 2011 1 11 11 1 10.5 3.5 0 0.8 -999.9 -999.9 365
sta5 2011 1 12 12 4 11.6 1.2 0 1 -999.9 -999.9 365
sta5 2011 1 13 13 10.9 13.8 3.4 0.5 0.2 -999.9 -999.9 365
sta5 2011 1 14 14 8.3 12.5 2.1 0.6 1 -999.9 -999.9 365
sta5 2011 1 15 15 7.5 10.7 3.4 0.8 0 -999.9 -999.9 365
sta5 2011 1 16 16 0.8 11 6.8 0 0 -999.9 -999.9 365
sta5 2011 1 17 17 3.8 9.7 3.1 0 0 -999.9 -999.9 365
sta5 2011 1 18 18 5.9 8.6 2 0.4 0 -999.9 -999.9 365
sta5 2011 1 19 19 -1.2 4.6 4.5 0 0 -999.9 -999.9 365
sta5 2011 1 20 20 0 5.3 5.2 0.1 0 -999.9 -999.9 365
sta5 2011 1 21 21 -1.6 1.4 5.9 0 0.2 -999.9 -999.9 365
sta5 2011 1 22 22 -2.4 4.5 4 0 0.2 -999.9 -999.9 365
sta5 2011 1 23 23 0.9 5.5 2.3 0.3 0.4 -999.9 -999.9 365
sta5 2011 1 24 24 3.6 5.9 2.7 0.2 0.2 -999.9 -999.9 365
sta5 2011 1 25 25 1.5 6.8 6.2 0 0 -999.9 -999.9 365
sta5 2011 1 26 26 0.6 4.2 1.5 0 7.8 -999.9 -999.9 365
sta5 2011 1 27 27 0.2 4.3 1.7 0.1 0 -999.9 -999.9 365
sta5 2011 1 28 28 -0.8 1.3 2.6 0.3 0 -999.9 -999.9 365
sta5 2011 1 29 29 -2.5 2.2 7.3 0.1 0 -999.9 -999.9 365
sta5 2011 1 30 30 -3.4 -0.6 4.4 0.1 0 -999.9 -999.9 365
sta5 2011 1 31 31 -4.6 -1.5 2.5 0.1 0 -999.9 -999.9 365
sta5 2011 2 1 32 -4.5 -1 2.3 0.2 0 -999.9 -999.9 365
sta5 2011 2 2 33 -2.4 3.2 4.2 0.1 1.4 -999.9 -999.9 365
sta5 2011 2 3 34 1.3 9.7 3.8 0.2 2.6 -999.9 -999.9 365
sta5 2011 2 4 35 2.7 9.9 2.9 0.1 0 -999.9 -999.9 365
sta5 2011 2 5 36 8.4 10.7 3.4 1.1 0 -999.9 -999.9 365
sta5 2011 2 6 37 4.7 9.8 6.3 0.6 0 -999.9 -999.9 365
sta5 2011 2 7 38 -0.9 12.6 9.8 0.2 0.2 -999.9 -999.9 365
sta5 2011 2 8 39 4 8.5 2.2 0 0 -999.9 -999.9 365
sta5 2011 2 9 40 4.5 11.2 8.6 0.5 0.2 -999.9 -999.9 365
sta5 2011 2 10 41 2.1 15.7 6.7 0.6 0 -999.9 -999.9 365
sta5 2011 2 11 42 3.4 16 9.6 0.7 0 -999.9 -999.9 365
sta5 2011 2 12 43 2.3 9.8 3.5 0.4 0.4 -999.9 -999.9 365
sta5 2011 2 13 44 0.8 11.3 7.3 0.4 0.8 -999.9 -999.9 365
sta5 2011 2 14 45 4.7 9.9 6.1 0.7 2 -999.9 -999.9 365
sta5 2011 2 15 46 1.9 10.3 5.3 0.6 4 -999.9 -999.9 365
sta5 2011 2 16 47 0.1 10.8 9.1 0.5 0 -999.9 -999.9 365
sta5 2011 2 17 48 1.6 9.1 7.2 0.5 0 -999.9 -999.9 365
sta5 2011 2 18 49 1.9 4.1 2.5 0.2 0.6 -999.9 -999.9 365
sta5 2011 2 19 50 2.2 7.5 2.4 0.1 3.8 -999.9 -999.9 365
sta5 2011 2 20 51 3.6 9.6 3.4 0.4 0.8 -999.9 -999.9 365
sta5 2011 2 21 52 1.7 8.5 3 0.2 8.2 -999.9 -999.9 365
sta5 2011 2 22 53 4.1 7.4 7 0.5 0 -999.9 -999.9 365
sta5 2011 2 23 54 1.5 8.4 4.4 0.6 4 -999.9 -999.9 365
sta5 2011 2 24 55 5.3 12.8 5.9 0.5 0.2 -999.9 -999.9 365
sta5 2011 2 25 56 3.3 13.5 8.2 0.6 0 -999.9 -999.9 365
sta5 2011 2 26 57 7.6 12.4 5.4 1.2 1.6 -999.9 -999.9 365
sta5 2011 2 27 58 2 9.3 8.8 0.9 0.2 -999.9 -999.9 365
sta5 2011 2 28 59 -0.1 7.5 5.8 0.7 0 -999.9 -999.9 365
sta5 2011 3 1 60 0.8 8.1 10.1 0.9 0 -999.9 -999.9 365
sta5 2011 3 2 61 1.1 9.2 12.3 1.3 0 -999.9 -999.9 365
sta5 2011 3 3 62 -0.4 8.7 13.7 1.4 0 -999.9 -999.9 365
sta5 2011 3 4 63 -1.4 10.8 13.6 1.2 0 -999.9 -999.9 365
sta5 2011 3 5 64 -1.8 12.1 13.6 1.2 0 -999.9 -999.9 365
sta5 2011 3 6 65 -1.2 9.7 14.7 1.3 0 -999.9 -999.9 365
sta5 2011 3 7 66 -1.8 9.8 15.3 1.4 0 -999.9 -999.9 365
sta5 2011 3 8 67 -2.6 15.5 14.8 1.3 0 -999.9 -999.9 365
sta5 2011 3 9 68 3 12.8 13.3 1.5 0 -999.9 -999.9 365
sta5 2011 3 10 69 0.1 12.3 11.2 1.1 0.2 -999.9 -999.9 365
sta5 2011 3 11 70 5.7 12.8 7.8 1.2 0 -999.9 -999.9 365
sta5 2011 3 12 71 1.8 13.1 6.5 1.1 0.8 -999.9 -999.9 365
sta5 2011 3 13 72 7.6 12.4 6.5 1.1 0.2 -999.9 -999.9 365
sta5 2011 3 14 73 7 17.2 14.7 1.8 0 -999.9 -999.9 365
sta5 2011 3 15 74 7.5 20.2 10.6 2.1 0 -999.9 -999.9 365
sta5 2011 3 16 75 8 16.9 13.5 2.2 0 -999.9 -999.9 365
sta5 2011 3 17 76 6.3 9.8 4.1 1.1 0 -999.9 -999.9 365
sta5 2011 3 18 77 1.5 12.1 5.3 0.5 1.4 -999.9 -999.9 365
sta5 2011 3 19 78 5.4 8.5 5.3 0.9 0 -999.9 -999.9 365
sta5 2011 3 20 79 1.2 12.3 14.8 1.7 0 -999.9 -999.9 365
sta5 2011 3 21 80 0.8 15 18.9 2.4 0 -999.9 -999.9 365
sta5 2011 3 22 81 1.8 15.6 18.2 2.4 0 -999.9 -999.9 365
sta5 2011 3 23 82 3.1 18.7 18.7 2.7 0 -999.9 -999.9 365
sta5 2011 3 24 83 2.7 20.9 18.1 2.6 0 -999.9 -999.9 365
sta5 2011 3 25 84 1.5 19.1 17.6 2.2 0 -999.9 -999.9 365
sta5 2011 3 26 85 4.7 19 14 1.9 0 -999.9 -999.9 365
sta5 2011 3 27 86 9 16.3 9.3 1.5 0.2 -999.9 -999.9 365
sta5 2011 3 28 87 8.2 18.2 17.4 2.4 0.2 -999.9 -999.9 365
sta5 2011 3 29 88 7.3 15.8 10.3 1.6 1.6 -999.9 -999.9 365
sta5 2011 3 30 89 8.6 13.9 8.3 1.6 5 -999.9 -999.9 365
sta5 2011 3 31 90 9.3 14.9 5.4 0.9 0 -999.9 -999.9 365
sta5 2011 4 1 91 11.2 18 8.1 1.7 0.4 -999.9 -999.9 365
sta5 2011 4 2 92 7 23.6 18 2.8 2.2 -999.9 -999.9 365
sta5 2011 4 3 93 9.4 11.4 3.6 0.7 1.2 -999.9 -999.9 365
sta5 2011 4 4 94 3.7 13.8 13.4 1.7 0.2 -999.9 -999.9 365
sta5 2011 4 5 95 3.1 18 19.3 2.4 0 -999.9 -999.9 365
sta5 2011 4 6 96 5.2 24.4 21.1 3.2 0 -999.9 -999.9 365
sta5 2011 4 7 97 7 24.4 21.7 3.3 0 -999.9 -999.9 365
sta5 2011 4 8 98 8.1 21.4 21.4 3.2 0 -999.9 -999.9 365
sta5 2011 4 9 99 8.3 22.5 22 3.5 0 -999.9 -999.9 365
sta5 2011 4 10 100 7.2 22.7 22.1 3.2 0.2 -999.9 -999.9 365
sta5 2011 4 11 101 8.2 20.7 20.3 3.2 0 -999.9 -999.9 365
sta5 2011 4 12 102 5 14.2 21.4 3.1 0 -999.9 -999.9 365
sta5 2011 4 13 103 -0.5 14 19 2.2 0 -999.9 -999.9 365
sta5 2011 4 14 104 2.4 15.1 19.6 2.6 0 -999.9 -999.9 365
sta5 2011 4 15 105 2.7 15.7 14.4 2.3 0 -999.9 -999.9 365
sta5 2011 4 16 106 -0.2 17 21.6 2.7 0 -999.9 -999.9 365
sta5 2011 4 17 107 4.7 17.5 23.7 3.5 0 -999.9 -999.9 365
sta5 2011 4 18 108 4.7 22.8 22.2 3.4 0 -999.9 -999.9 365
sta5 2011 4 19 109 7 23.8 23.5 3.8 0 -999.9 -999.9 365
sta5 2011 4 20 110 4.5 24.2 24 3.8 0 -999.9 -999.9 365
sta5 2011 4 21 111 5.9 23.1 23.6 3.8 0 -999.9 -999.9 365
sta5 2011 4 22 112 6.8 24.6 24.3 4.1 0 -999.9 -999.9 365
sta5 2011 4 23 113 7.6 24.6 20.1 3.6 0.4 -999.9 -999.9 365
sta5 2011 4 24 114 9.8 22 17.4 2.9 23.2 -999.9 -999.9 365
sta5 2011 4 25 115 11.7 23.8 20.7 4 0 -999.9 -999.9 365
sta5 2011 4 26 116 8.2 21.8 24.4 4 0 -999.9 -999.9 365
sta5 2011 4 27 117 8.5 19.1 19 3.4 0.2 -999.9 -999.9 365
sta5 2011 4 28 118 7.1 11.3 5.7 1.1 0 -999.9 -999.9 365
sta5 2011 4 29 119 9.3 16.2 11.9 2.1 0.4 -999.9 -999.9 365
sta5 2011 4 30 120 7.7 21.7 24.9 3.9 0 -999.9 -999.9 365
sta5 2011 5 1 121 8.7 22.1 18 3.3 3.4 -999.9 -999.9 365
sta5 2011 5 2 122 12.7 19.8 18.5 3.5 0 -999.9 -999.9 365
sta5 2011 5 3 123 8.3 17.6 23.6 3.9 0 -999.9 -999.9 365
sta5 2011 5 4 124 2.5 18.9 27.3 3.8 0 -999.9 -999.9 365
sta5 2011 5 5 125 4.6 22.4 27.2 4.2 0 -999.9 -999.9 365
sta5 2011 5 6 126 5.7 25.4 22.9 3.9 0 -999.9 -999.9 365
sta5 2011 5 7 127 10.1 25.8 22.4 4.4 0 -999.9 -999.9 365
sta5 2011 5 8 128 10.8 23.8 18.6 4 0 -999.9 -999.9 365
sta5 2011 5 9 129 6.1 24.1 25.5 4 0 -999.9 -999.9 365
sta5 2011 5 10 130 12.6 22.9 18.1 3.7 0 -999.9 -999.9 365
sta5 2011 5 11 131 12.2 22.3 23.8 4.6 0 -999.9 -999.9 365
sta5 2011 5 12 132 9.9 19.6 28.6 4.9 0 -999.9 -999.9 365
sta5 2011 5 13 133 4.4 21.2 28.3 4.2 1 -999.9 -999.9 365
sta5 2011 5 14 134 8.6 18.6 19.5 3.8 0.4 -999.9 -999.9 365
sta5 2011 5 15 135 4.2 17.4 18.3 3.1 0.2 -999.9 -999.9 365
sta5 2011 5 16 136 5 19.5 26.9 3.9 0 -999.9 -999.9 365
sta5 2011 5 17 137 6 22.5 26.6 4.1 0 -999.9 -999.9 365
sta5 2011 5 18 138 6.7 25.5 28.4 4.7 0 -999.9 -999.9 365
sta5 2011 5 19 139 10.9 24.5 26.5 4.8 0 -999.9 -999.9 365
sta5 2011 5 20 140 10.3 24 26.4 4.8 0 -999.9 -999.9 365
sta5 2011 5 21 141 8.6 26.6 25.1 4.6 0 -999.9 -999.9 365
sta5 2011 5 22 142 12.1 22 23.7 4.8 0 -999.9 -999.9 365
sta5 2011 5 23 143 4.7 26.1 29.8 5.1 0 -999.9 -999.9 365
sta5 2011 5 24 144 6.1 19.8 25.3 4.1 0 -999.9 -999.9 365
sta5 2011 5 25 145 6.3 24.6 30.3 5.2 0 -999.9 -999.9 365
sta5 2011 5 26 146 10.1 19.6 19.9 4.5 1.6 -999.9 -999.9 365
sta5 2011 5 27 147 10 17.4 16.1 3.5 0 -999.9 -999.9 365
sta5 2011 5 28 148 2.9 21.4 29.1 4.4 0 -999.9 -999.9 365
sta5 2011 5 29 149 5.6 26.2 28.7 4.9 0 -999.9 -999.9 365
sta5 2011 5 30 150 7 26.9 22.6 4.4 1.4 -999.9 -999.9 365
sta5 2011 5 31 151 10 17.8 22 4.7 0 -999.9 -999.9 365
sta5 2011 6 1 152 2.6 21.3 30.7 5 0 -999.9 -999.9 365
sta5 2011 6 2 153 8.9 25 29.3 5.9 0 -999.9 -999.9 365
sta5 2011 6 3 154 12.8 26.3 26.6 5.7 0 -999.9 -999.9 365
sta5 2011 6 4 155 14.6 29.1 26.1 5.6 18.4 -999.9 -999.9 365
sta5 2011 6 5 156 14.7 26.1 21.3 4.4 7.4 -999.9 -999.9 365
sta5 2011 6 6 157 15.3 21.3 13 2.9 1 -999.9 -999.9 365
sta5 2011 6 7 158 12.9 17.9 8.7 1.8 8.8 -999.9 -999.9 365
sta5 2011 6 8 159 11.1 19.5 22.3 4.3 0 -999.9 -999.9 365
sta5 2011 6 9 160 6.8 18.8 20.1 3.4 0.4 -999.9 -999.9 365
sta5 2011 6 10 161 11 18.4 20.8 3.9 0 -999.9 -999.9 365
sta5 2011 6 11 162 6.8 18.3 23.1 4 0 -999.9 -999.9 365
sta5 2011 6 12 163 4.5 20.4 19.6 3.4 1.6 -999.9 -999.9 365
sta5 2011 6 13 164 12.1 22.8 19.2 3.7 3.6 -999.9 -999.9 365
sta5 2011 6 14 165 13.9 22.2 11.8 2.5 0 -999.9 -999.9 365
sta5 2011 6 15 166 11.1 22.6 17.2 3.3 0 -999.9 -999.9 365
sta5 2011 6 16 167 14 21.5 23.7 5.3 0 -999.9 -999.9 365
sta5 2011 6 17 168 8.6 20.7 12.4 2.9 1.8 -999.9 -999.9 365
sta5 2011 6 18 169 10.1 20.3 20.1 4.5 0.6 -999.9 -999.9 365
sta5 2011 6 19 170 9.4 19.4 17.6 3.7 0 -999.9 -999.9 365
sta5 2011 6 20 171 13.3 22.1 11.5 3 0.2 -999.9 -999.9 365
sta5 2011 6 21 172 14.3 23.7 12.7 3.1 5.8 -999.9 -999.9 365
sta5 2011 6 22 173 13.2 22.5 21.7 4.9 9.4 -999.9 -999.9 365
sta5 2011 6 23 174 11.3 20.7 21.5 4.4 0 -999.9 -999.9 365
sta5 2011 6 24 175 10.1 20.6 24.3 4.4 0 -999.9 -999.9 365
sta5 2011 6 25 176 9.4 27.1 28.4 5.2 0 -999.9 -999.9 365
sta5 2011 6 26 177 14.9 32 30.8 6.8 0 -999.9 -999.9 365
sta5 2011 6 27 178 17.8 36.5 27.7 6.8 0.8 -999.9 -999.9 365
sta5 2011 6 28 179 20.1 33.3 23.9 6.7 2.2 -999.9 -999.9 365
sta5 2011 6 29 180 12 22.7 25.1 5.1 0 -999.9 -999.9 365
sta5 2011 6 30 181 6.5 22.7 29.6 5 0 -999.9 -999.9 365
sta5 2011 7 1 182 8 23.2 30 5.3 0 -999.9 -999.9 365
sta5 2011 7 2 183 9.9 22.9 30 5.5 0 -999.9 -999.9 365
sta5 2011 7 3 184 9.3 24.6 30.4 5.7 0 -999.9 -999.9 365
sta5 2011 7 4 185 10.9 27.8 29.7 5.7 0 -999.9 -999.9 365
sta5 2011 7 5 186 10.1 30.3 27.2 6.1 0.4 -999.9 -999.9 365
sta5 2011 7 6 187 13.2 24.1 18.4 4.7 0 -999.9 -999.9 365
sta5 2011 7 7 188 8.3 23.7 22.8 4.9 0 -999.9 -999.9 365
sta5 2011 7 8 189 13.1 23.7 20.1 4.9 0 -999.9 -999.9 365
sta5 2011 7 9 190 14.3 22.8 17.9 4.5 0 -999.9 -999.9 365
sta5 2011 7 10 191 9 24.4 20.7 4.1 0 -999.9 -999.9 365
sta5 2011 7 11 192 11.7 28.3 27.6 5.6 0 -999.9 -999.9 365
sta5 2011 7 12 193 15.2 23.8 15 3.6 11 -999.9 -999.9 365
sta5 2011 7 13 194 14.8 21 15.6 4 0 -999.9 -999.9 365
sta5 2011 7 14 195 6.9 23.7 25.5 4.6 0 -999.9 -999.9 365
sta5 2011 7 15 196 9.2 26.5 26 5.1 0 -999.9 -999.9 365
sta5 2011 7 16 197 15.1 20.6 8.4 2.8 20.8 -999.9 -999.9 365
sta5 2011 7 17 198 11.7 19.7 18.7 3.9 5.4 -999.9 -999.9 365
sta5 2011 7 18 199 11.7 20.6 18.4 4.1 14.6 -999.9 -999.9 365
sta5 2011 7 19 200 12.1 18.1 10.5 2.4 10.8 -999.9 -999.9 365
sta5 2011 7 20 201 12.9 18.7 13.2 2.8 16.4 -999.9 -999.9 365
sta5 2011 7 21 202 14.3 20.8 10.9 2.4 11.8 -999.9 -999.9 365
sta5 2011 7 22 203 13.8 19.6 9.4 2.1 1.2 -999.9 -999.9 365
sta5 2011 7 23 204 8.1 21.2 19 3.6 0.2 -999.9 -999.9 365
sta5 2011 7 24 205 7.6 21.6 22.5 4 9.8 -999.9 -999.9 365
sta5 2011 7 25 206 14.6 24.6 17.9 3.8 2.2 -999.9 -999.9 365
sta5 2011 7 26 207 12.6 23.2 15.6 3.3 0.2 -999.9 -999.9 365
sta5 2011 7 27 208 14.1 20.8 11.9 2.7 0 -999.9 -999.9 365
sta5 2011 7 28 209 11.5 23.2 15.1 3.1 0 -999.9 -999.9 365
sta5 2011 7 29 210 11.3 21.6 19.7 3.3 0 -999.9 -999.9 365
sta5 2011 7 30 211 12.7 23 22 4.2 0 -999.9 -999.9 365
sta5 2011 7 31 212 9.3 26 25.8 4.5 0 -999.9 -999.9 365
sta5 2011 8 1 213 12.7 27.3 24.3 4.9 0 -999.9 -999.9 365
sta5 2011 8 2 214 12.9 27.7 14.6 3.6 1.2 -999.9 -999.9 365
sta5 2011 8 3 215 17.6 27.6 15.8 4.1 0 -999.9 -999.9 365
sta5 2011 8 4 216 14 22.8 11 2.7 2 -999.9 -999.9 365
sta5 2011 8 5 217 18.8 26.7 16 4.3 6.2 -999.9 -999.9 365
sta5 2011 8 6 218 15.6 20.3 8 2.3 10 -999.9 -999.9 365
sta5 2011 8 7 219 12 20.5 18.4 3.7 3 -999.9 -999.9 365
sta5 2011 8 8 220 13 20 17 4.1 1.2 -999.9 -999.9 365
sta5 2011 8 9 221 10.8 22.5 16.6 3.7 0 -999.9 -999.9 365
sta5 2011 8 10 222 8.4 23.9 24.7 4.1 0 -999.9 -999.9 365
sta5 2011 8 11 223 9.9 26.2 20.9 4.4 0 -999.9 -999.9 365
sta5 2011 8 12 224 15.8 24.1 11.9 3.2 2.4 -999.9 -999.9 365
sta5 2011 8 13 225 13.4 23.6 11.6 2.7 3.2 -999.9 -999.9 365
sta5 2011 8 14 226 16.9 22.3 9.1 2.4 0.4 -999.9 -999.9 365
sta5 2011 8 15 227 13 24.6 24.3 4.4 0 -999.9 -999.9 365
sta5 2011 8 16 228 10.5 27 23.5 4.2 0 -999.9 -999.9 365
sta5 2011 8 17 229 14.9 25 9.5 2.5 0 -999.9 -999.9 365
sta5 2011 8 18 230 15.7 24.2 8.5 2.4 0 -999.9 -999.9 365
sta5 2011 8 19 231 14.6 26.6 20.5 4 0 -999.9 -999.9 365
sta5 2011 8 20 232 12 30.2 21.5 4.1 1.2 -999.9 -999.9 365
sta5 2011 8 21 233 20.1 32.6 19.7 5.2 0 -999.9 -999.9 365
sta5 2011 8 22 234 18.2 29.5 19.9 5.1 0 -999.9 -999.9 365
sta5 2011 8 23 235 17.1 26.3 15.2 4.1 0 -999.9 -999.9 365
sta5 2011 8 24 236 14.4 23.4 16.5 3.5 0 -999.9 -999.9 365
sta5 2011 8 25 237 13.1 24.2 16.8 3.5 12.8 -999.9 -999.9 365
sta5 2011 8 26 238 12.2 17.1 4.9 1.3 5.8 -999.9 -999.9 365
sta5 2011 8 27 239 10.7 20.5 17.2 3.3 0 -999.9 -999.9 365
sta5 2011 8 28 240 9.9 20.6 18.9 3.1 0 -999.9 -999.9 365
sta5 2011 8 29 241 7.7 20.1 16.2 2.7 0 -999.9 -999.9 365
sta5 2011 8 30 242 8.2 21.1 16.5 2.8 0 -999.9 -999.9 365
sta5 2011 8 31 243 10 22.9 15.8 3.2 0.4 -999.9 -999.9 365
sta5 2011 9 1 244 13.1 23.1 6.7 1.7 0.4 -999.9 -999.9 365
sta5 2011 9 2 245 12.4 29.2 19.1 3.4 0 -999.9 -999.9 365
sta5 2011 9 3 246 14.2 29.3 15.4 3.4 6.2 -999.9 -999.9 365
sta5 2011 9 4 247 16.6 22.4 11.3 3.1 1 -999.9 -999.9 365
sta5 2011 9 5 248 12.3 20.9 18.3 3.9 0.2 -999.9 -999.9 365
sta5 2011 9 6 249 10.9 22.6 13.2 3.4 1.4 -999.9 -999.9 365
sta5 2011 9 7 250 13.9 20.2 15 3.6 0.2 -999.9 -999.9 365
sta5 2011 9 8 251 11.9 21 6.5 1.6 0 -999.9 -999.9 365
sta5 2011 9 9 252 17.7 24.9 10.5 2.7 0.2 -999.9 -999.9 365
sta5 2011 9 10 253 15.2 29.6 17.4 4.2 0 -999.9 -999.9 365
sta5 2011 9 11 254 15.2 20 7.2 2 10.2 -999.9 -999.9 365
sta5 2011 9 12 255 13.3 22.1 9.1 2 2.6 -999.9 -999.9 365
sta5 2011 9 13 256 13.9 18.8 9.5 2 0.4 -999.9 -999.9 365
sta5 2011 9 14 257 7.7 20 18.1 2.5 0 -999.9 -999.9 365
sta5 2011 9 15 258 6.7 20.7 15.9 2.5 0 -999.9 -999.9 365
sta5 2011 9 16 259 9.8 25.9 11.5 2.6 0.8 -999.9 -999.9 365
sta5 2011 9 17 260 10.7 18.4 8.6 2 6.6 -999.9 -999.9 365
sta5 2011 9 18 261 8.9 17.5 13.4 2.5 2.2 -999.9 -999.9 365
sta5 2011 9 19 262 11.6 19 11.9 2.4 0 -999.9 -999.9 365
sta5 2011 9 20 263 12.5 19.8 9.6 1.8 0 -999.9 -999.9 365
sta5 2011 9 21 264 13 20.8 11.7 2.2 0 -999.9 -999.9 365
sta5 2011 9 22 265 11 20.4 15.4 2.4 0 -999.9 -999.9 365
sta5 2011 9 23 266 8.5 20.8 16.7 2.3 0 -999.9 -999.9 365
sta5 2011 9 24 267 8.4 23.3 12.8 1.9 0 -999.9 -999.9 365
sta5 2011 9 25 268 11.4 24.8 14.6 2.3 0 -999.9 -999.9 365
sta5 2011 9 26 269 11.4 26.2 14.8 2.3 0 -999.9 -999.9 365
sta5 2011 9 27 270 12.1 27 13.5 2.4 0 -999.9 -999.9 365
sta5 2011 9 28 271 13.8 27.9 15.3 2.9 0 -999.9 -999.9 365
sta5 2011 9 29 272 11.1 29.1 14.9 2.4 0 -999.9 -999.9 365
sta5 2011 9 30 273 11.3 29.5 14.6 2.4 0 -999.9 -999.9 365
sta5 2011 10 1 274 10.9 28.1 14.9 2.6 0 -999.9 -999.9 365
sta5 2011 10 2 275 8.5 28.5 14.7 2.2 0 -999.9 -999.9 365
sta5 2011 10 3 276 8.2 28 14.6 2.2 0 -999.9 -999.9 365
sta5 2011 10 4 277 11.2 21.7 9.7 1.7 0 -999.9 -999.9 365
sta5 2011 10 5 278 12.1 20.2 5.7 1.4 0 -999.9 -999.9 365
sta5 2011 10 6 279 12.8 19 3.8 1.9 2.8 -999.9 -999.9 365
sta5 2011 10 7 280 7.7 14.4 5.4 1.4 0.2 -999.9 -999.9 365
sta5 2011 10 8 281 7.1 14.2 4.9 1.1 0 -999.9 -999.9 365
sta5 2011 10 9 282 11.9 19.3 4.6 1.5 0 -999.9 -999.9 365
sta5 2011 10 10 283 12.5 16 3.4 1 0 -999.9 -999.9 365
sta5 2011 10 11 284 14.3 15.6 3.1 1.1 0 -999.9 -999.9 365
sta5 2011 10 12 285 13.5 16.2 3.4 1.1 2.2 -999.9 -999.9 365
sta5 2011 10 13 286 13.4 20.7 8.5 1.4 0.2 -999.9 -999.9 365
sta5 2011 10 14 287 9.9 17 12.7 1.6 0 -999.9 -999.9 365
sta5 2011 10 15 288 2.7 17.8 12.8 1.1 0 -999.9 -999.9 365
sta5 2011 10 16 289 1.6 20.1 11.9 1 0.2 -999.9 -999.9 365
sta5 2011 10 17 290 2.9 18.4 10.5 0.9 0 -999.9 -999.9 365
sta5 2011 10 18 291 8.6 16.5 3.5 1.1 15.6 -999.9 -999.9 365
sta5 2011 10 19 292 6.5 13.4 10.2 1.1 0.8 -999.9 -999.9 365
sta5 2011 10 20 293 1.9 12.1 9.8 0.7 0.2 -999.9 -999.9 365
sta5 2011 10 21 294 -1.3 11.6 11.6 0.6 0.2 -999.9 -999.9 365
sta5 2011 10 22 295 -0.1 16.5 11.2 0.9 0.2 -999.9 -999.9 365
sta5 2011 10 23 296 3.5 18.9 11 1.2 0 -999.9 -999.9 365
sta5 2011 10 24 297 5.8 20.1 8.5 1.3 5 -999.9 -999.9 365
sta5 2011 10 25 298 10.2 14.2 7.3 1 0.4 -999.9 -999.9 365
sta5 2011 10 26 299 4.5 15.9 9.6 0.9 0 -999.9 -999.9 365
sta5 2011 10 27 300 5.4 16.6 3.8 0.7 0.2 -999.9 -999.9 365
sta5 2011 10 28 301 10 17.3 3.6 0.6 0 -999.9 -999.9 365
sta5 2011 10 29 302 11.6 16.4 3.2 0.6 0.4 -999.9 -999.9 365
sta5 2011 10 30 303 7.8 14.8 5.3 0.4 0.2 -999.9 -999.9 365
sta5 2011 10 31 304 6 17.7 9.2 0.6 0.2 -999.9 -999.9 365
sta5 2011 11 1 305 7.5 14.6 2.9 0.6 8.4 -999.9 -999.9 365
sta5 2011 11 2 306 5.8 18.7 6.8 0.5 1 -999.9 -999.9 365
sta5 2011 11 3 307 14.2 17.9 2.5 1.2 15 -999.9 -999.9 365
sta5 2011 11 4 308 9.1 17.8 8.3 0.7 12.6 -999.9 -999.9 365
sta5 2011 11 5 309 11.9 14.5 2 0.4 0.6 -999.9 -999.9 365
sta5 2011 11 6 310 12.5 15 2.6 0.9 0 -999.9 -999.9 365
sta5 2011 11 7 311 9 10.8 0.9 0.2 0.6 -999.9 -999.9 365
sta5 2011 11 8 312 8.7 10.4 1.5 0.2 0.2 -999.9 -999.9 365
sta5 2011 11 9 313 8.5 15.8 6.1 0.4 0 -999.9 -999.9 365
sta5 2011 11 10 314 6.9 17.4 5.7 0.4 0.2 -999.9 -999.9 365
sta5 2011 11 11 315 7.5 11.3 2.7 0.3 0.2 -999.9 -999.9 365
sta5 2011 11 12 316 7 19.4 6.8 0.4 0.2 -999.9 -999.9 365
sta5 2011 11 13 317 7 16.5 7.4 0.4 0.2 -999.9 -999.9 365
sta5 2011 11 14 318 1.9 14.3 6.8 0.1 0.2 -999.9 -999.9 365
sta5 2011 11 15 319 1.9 12.2 6.8 0.1 0.2 -999.9 -999.9 365
sta5 2011 11 16 320 0.8 11.6 6.1 0 0.2 -999.9 -999.9 365
sta5 2011 11 17 321 3.8 13.2 2.4 0 0.8 -999.9 -999.9 365
sta5 2011 11 18 322 4.4 14.3 5.9 0.2 0.2 -999.9 -999.9 365
sta5 2011 11 19 323 2.5 14.5 6.4 0.1 0.2 -999.9 -999.9 365
sta5 2011 11 20 324 1 12.9 6.4 0 0 -999.9 -999.9 365
sta5 2011 11 21 325 4.2 17.4 5.1 0.1 0 -999.9 -999.9 365
sta5 2011 11 22 326 3.7 15.2 5.9 0 0.4 -999.9 -999.9 365
sta5 2011 11 23 327 3.6 12.3 2.4 0 0 -999.9 -999.9 365
sta5 2011 11 24 328 7 9.1 2 0.1 0.2 -999.9 -999.9 365
sta5 2011 11 25 329 3.6 7.7 1.9 0.1 0.2 -999.9 -999.9 365
sta5 2011 11 26 330 4.9 8.3 2.2 0.2 0.2 -999.9 -999.9 365
sta5 2011 11 27 331 5.7 13.2 2.6 0.1 0.4 -999.9 -999.9 365
sta5 2011 11 28 332 3 10.7 2.2 0 0.4 -999.9 -999.9 365
sta5 2011 11 29 333 2.1 11.3 3.6 0 0.4 -999.9 -999.9 365
sta5 2011 11 30 334 1.6 10.5 5 0 0 -999.9 -999.9 365
sta5 2011 12 1 335 3.3 12.9 1 0 3.2 -999.9 -999.9 365
sta5 2011 12 2 336 5.3 10.9 4.9 0 0 -999.9 -999.9 365
sta5 2011 12 3 337 5 11.7 0.7 0 9.2 -999.9 -999.9 365
sta5 2011 12 4 338 10.7 12.8 1.5 0.5 4.4 -999.9 -999.9 365
sta5 2011 12 5 339 4.1 9 4.4 0.1 0 -999.9 -999.9 365
sta5 2011 12 6 340 3.4 9.6 3.6 0.1 0 -999.9 -999.9 365
sta5 2011 12 7 341 6.6 11.6 2.4 0.4 0.2 -999.9 -999.9 365
sta5 2011 12 8 342 3.8 11.4 3.2 0 0.4 -999.9 -999.9 365
sta5 2011 12 9 343 8.2 10.8 1.2 0.3 11.6 -999.9 -999.9 365
sta5 2011 12 10 344 4.4 9.7 4.9 0 0 -999.9 -999.9 365
sta5 2011 12 11 345 0.4 9.8 2.3 0 3.2 -999.9 -999.9 365
sta5 2011 12 12 346 4.7 9.8 5.2 0 1 -999.9 -999.9 365
sta5 2011 12 13 347 4.9 11.8 2.7 0.4 5.8 -999.9 -999.9 365
sta5 2011 12 14 348 5 8.5 3.4 0.4 0.4 -999.9 -999.9 365
sta5 2011 12 15 349 4.3 12.4 3.1 0.9 35 -999.9 -999.9 365
sta5 2011 12 16 350 3.3 13 2.5 0.8 13.8 -999.9 -999.9 365
sta5 2011 12 17 351 1 6.8 4.2 0 0.4 -999.9 -999.9 365
sta5 2011 12 18 352 -0.2 5.6 4.9 0 0.4 -999.9 -999.9 365
sta5 2011 12 19 353 -0.2 8.8 2 0.3 4.4 -999.9 -999.9 365
sta5 2011 12 20 354 3.8 10.2 2.1 0 6.6 -999.9 -999.9 365
sta5 2011 12 21 355 6.3 12.3 1.8 0.1 0.6 -999.9 -999.9 365
sta5 2011 12 22 356 7.9 11 2.8 0 0 -999.9 -999.9 365
sta5 2011 12 23 357 7.7 9.4 1.2 0.3 2.2 -999.9 -999.9 365
sta5 2011 12 24 358 1.7 8 4.9 0 0 -999.9 -999.9 365
sta5 2011 12 25 359 1.1 8.5 2.4 0 0 -999.9 -999.9 365
sta5 2011 12 26 360 2.8 10.4 5 0 0 -999.9 -999.9 365
sta5 2011 12 27 361 -1.8 1.6 1.9 0 0.2 -999.9 -999.9 365
sta5 2011 12 28 362 0.1 7.1 1.5 0.1 0.4 -999.9 -999.9 365
sta5 2011 12 29 363 0.7 7.7 4.6 0 0.2 -999.9 -999.9 365
sta5 2011 12 30 364 5.3 11.3 1.5 0.2 11.6 -999.9 -999.9 365
sta5 2011 12 31 365 8.6 12.5 1.3 0 0.4 -999.9 -999.9 365
sta5 2012 1 1 1 11.6 13.3 1.9 0.5 11.4 -999.9 -999.9 365
sta5 2012 1 2 2 4.3 9.8 4.1 0 0.2 -999.9 -999.9 365
sta5 2012 1 3 3 3.7 12 1.7 0 17.8 -999.9 -999.9 365
sta5 2012 1 4 4 4.7 9.4 4.7 0.1 0.2 -999.9 -999.9 365
sta5 2012 1 5 5 7.3 11.9 1.7 1.3 0.8 -999.9 -999.9 365
sta5 2012 1 6 6 2.4 8.6 5.5 0 0 -999.9 -999.9 365
sta5 2012 1 7 7 1.2 10.3 2.3 0 0 -999.9 -999.9 365
sta5 2012 1 8 8 6.6 7.6 1 0.2 0 -999.9 -999.9 365
sta5 2012 1 9 9 5.5 9.4 2.2 0.1 0 -999.9 -999.9 365
sta5 2012 1 10 10 5.1 10 2.2 0 0.4 -999.9 -999.9 365
sta5 2012 1 11 11 7.3 10.9 3.1 0.4 0 -999.9 -999.9 365
sta5 2012 1 12 12 -1 4.8 3.3 0 0.2 -999.9 -999.9 365
sta5 2012 1 13 13 3 8 4.3 0 0.2 -999.9 -999.9 365
sta5 2012 1 14 14 -0.7 5.1 5.6 0 0 -999.9 -999.9 365
sta5 2012 1 15 15 -2.6 4.7 7 0 0 -999.9 -999.9 365
sta5 2012 1 16 16 -2.7 4.1 6.3 0 0 -999.9 -999.9 365
sta5 2012 1 17 17 -4.6 4.8 6.2 0 0 -999.9 -999.9 365
sta5 2012 1 18 18 -1.8 8.5 2.6 0 0.2 -999.9 -999.9 365
sta5 2012 1 19 19 5.6 12.1 2.3 0 0.4 -999.9 -999.9 365
sta5 2012 1 20 20 5.5 9.1 1.9 0.4 0 -999.9 -999.9 365
sta5 2012 1 21 21 7.3 11.5 1.7 0.3 0 -999.9 -999.9 365
sta5 2012 1 22 22 7.7 9.5 1.7 0.4 0 -999.9 -999.9 365
sta5 2012 1 23 23 6.4 10 4.5 0.3 0.6 -999.9 -999.9 365
sta5 2012 1 24 24 3.1 9.5 3.4 0 1.2 -999.9 -999.9 365
sta5 2012 1 25 25 8 10.4 2.5 0.2 0.6 -999.9 -999.9 365
sta5 2012 1 26 26 4.8 8 2.5 0.3 1 -999.9 -999.9 365
sta5 2012 1 27 27 -0.8 8.9 7.1 0 3.6 -999.9 -999.9 365
sta5 2012 1 28 28 1.3 5.6 3.5 0.1 0 -999.9 -999.9 365
sta5 2012 1 29 29 1.2 4.2 5.2 0.2 0 -999.9 -999.9 365
sta5 2012 1 30 30 -0.2 1.2 1.6 0.2 1.4 -999.9 -999.9 365
sta5 2012 1 31 31 -1.9 0.1 2.6 0.2 0 -999.9 -999.9 365
sta5 2012 2 1 32 -3.7 -1 6.1 0.3 0 -999.9 -999.9 365
sta5 2012 2 2 33 -7.5 -1.8 8.4 0.6 0 -999.9 -999.9 365
sta5 2012 2 3 34 -9.4 -1.7 8.6 0.4 0 -999.9 -999.9 365
sta5 2012 2 4 35 -7.1 -1.5 9 0.2 0 -999.9 -999.9 365
sta5 2012 2 5 36 -8.7 -4.9 4.8 0.2 3.8 -999.9 -999.9 365
sta5 2012 2 6 37 -13.5 -2.6 6.6 0 0 -999.9 -999.9 365
sta5 2012 2 7 38 -13.7 -4.8 10.1 0.2 0 -999.9 -999.9 365
sta5 2012 2 8 39 -10.3 -4.7 6.6 0.1 0 -999.9 -999.9 365
sta5 2012 2 9 40 -11.3 -2.2 10.9 0.1 0 -999.9 -999.9 365
sta5 2012 2 10 41 -10.6 -1.4 11.7 0.2 0 -999.9 -999.9 365
sta5 2012 2 11 42 -11.2 -2.9 10.4 0.3 0 -999.9 -999.9 365
sta5 2012 2 12 43 -13 -0.6 10.1 0.2 0 -999.9 -999.9 365
sta5 2012 2 13 44 -3.4 3.1 4.3 0.1 1.2 -999.9 -999.9 365
sta5 2012 2 14 45 1.3 5.7 5.2 0.4 0.2 -999.9 -999.9 365
sta5 2012 2 15 46 0.7 8.6 5.8 0.5 0 -999.9 -999.9 365
sta5 2012 2 16 47 2.2 7.5 2.7 0.4 0 -999.9 -999.9 365
sta5 2012 2 17 48 2 9.4 7.2 0.5 0 -999.9 -999.9 365
sta5 2012 2 18 49 5.9 9.2 2.5 0.4 2 -999.9 -999.9 365
sta5 2012 2 19 50 0.4 8 9.9 0.6 0.2 -999.9 -999.9 365
sta5 2012 2 20 51 -2.8 6.3 11.9 0.5 0 -999.9 -999.9 365
sta5 2012 2 21 52 -4.6 7.2 11.7 0.4 0 -999.9 -999.9 365
sta5 2012 2 22 53 -4 9.1 11.9 0.6 0.6 -999.9 -999.9 365
sta5 2012 2 23 54 3.2 12.1 4.5 0.4 0.4 -999.9 -999.9 365
sta5 2012 2 24 55 8.6 14.7 6.9 0.8 0.2 -999.9 -999.9 365
sta5 2012 2 25 56 6.6 13 4.1 0.6 0 -999.9 -999.9 365
sta5 2012 2 26 57 3.8 10.6 8.4 0.9 0 -999.9 -999.9 365
sta5 2012 2 27 58 -1 12.4 11.5 0.7 0.2 -999.9 -999.9 365
sta5 2012 2 28 59 0.1 11.5 7.5 0.5 0.2 -999.9 -999.9 365
sta5 2012 2 29 60 0.6 15.5 12.5 0.9 0 -999.9 -999.9 365
sta5 2012 3 1 61 7.5 9.7 2.6 0.3 0 -999.9 -999.9 365
sta5 2012 3 2 62 7.8 9.9 2.9 0.5 0.2 -999.9 -999.9 365
sta5 2012 3 3 63 1.7 10.9 3.8 0.4 1.2 -999.9 -999.9 365
sta5 2012 3 4 64 4.9 10 3.5 0.8 4.2 -999.9 -999.9 365
sta5 2012 3 5 65 1.2 9.6 11.9 1.5 0 -999.9 -999.9 365
sta5 2012 3 6 66 1.7 6.6 5.7 0.8 0 -999.9 -999.9 365
sta5 2012 3 7 67 -2.3 8 5.3 0.5 3.2 -999.9 -999.9 365
sta5 2012 3 8 68 0.1 10.1 13 1.1 0.2 -999.9 -999.9 365
sta5 2012 3 9 69 -1.9 12.6 14.7 1.1 0 -999.9 -999.9 365
sta5 2012 3 10 70 2 12.5 6.9 0.8 0 -999.9 -999.9 365
sta5 2012 3 11 71 7.7 14.3 6.7 1.2 0 -999.9 -999.9 365
sta5 2012 3 12 72 3.7 16.9 14.8 1.6 0 -999.9 -999.9 365
sta5 2012 3 13 73 4.6 15.7 12.3 1.5 0.4 -999.9 -999.9 365
sta5 2012 3 14 74 2.8 17.9 15.6 1.8 0 -999.9 -999.9 365
sta5 2012 3 15 75 2.3 20.9 16.3 1.8 0 -999.9 -999.9 365
sta5 2012 3 16 76 2.4 22.6 15.8 2.1 0.2 -999.9 -999.9 365
sta5 2012 3 17 77 5.6 12.4 4.4 0.9 1.4 -999.9 -999.9 365
sta5 2012 3 18 78 5.5 10 6.3 1.1 7 -999.9 -999.9 365
sta5 2012 3 19 79 3.3 9.5 7.8 1.2 0 -999.9 -999.9 365
sta5 2012 3 20 80 -1.5 12.3 14.3 1.4 0 -999.9 -999.9 365
sta5 2012 3 21 81 2.6 17.3 15.7 2.2 0 -999.9 -999.9 365
sta5 2012 3 22 82 6 21.1 16.4 2.5 0 -999.9 -999.9 365
sta5 2012 3 23 83 4.7 21.3 16.1 2.3 0 -999.9 -999.9 365
sta5 2012 3 24 84 5.1 21.2 17.1 2.5 0 -999.9 -999.9 365
sta5 2012 3 25 85 3.9 21.4 17.2 2.5 0 -999.9 -999.9 365
sta5 2012 3 26 86 7.6 21.2 18.7 3.2 0 -999.9 -999.9 365
sta5 2012 3 27 87 6.4 20.5 18.6 3.1 0 -999.9 -999.9 365
sta5 2012 3 28 88 6.9 21 18 2.9 0 -999.9 -999.9 365
sta5 2012 3 29 89 7 21.1 18.5 3.2 0 -999.9 -999.9 365
sta5 2012 3 30 90 5.7 18.9 18.6 2.6 0 -999.9 -999.9 365
sta5 2012 3 31 91 4.9 15.4 13.7 2 0 -999.9 -999.9 365
sta5 2012 4 1 92 1.5 13.2 19.8 2.7 0 -999.9 -999.9 365
sta5 2012 4 2 93 1.3 17.4 20.1 2.8 0 -999.9 -999.9 365
sta5 2012 4 3 94 -0.8 17.1 18 2.2 0 -999.9 -999.9 365
sta5 2012 4 4 95 0.4 14.3 10.8 1.4 0.2 -999.9 -999.9 365
sta5 2012 4 5 96 4.2 15.4 17.8 2.4 0 -999.9 -999.9 365
sta5 2012 4 6 97 4.9 14.6 17.2 2.5 0 -999.9 -999.9 365
sta5 2012 4 7 98 1.2 13.2 12.6 1.9 0 -999.9 -999.9 365
sta5 2012 4 8 99 1.8 12.3 17.5 2.2 0 -999.9 -999.9 365
sta5 2012 4 9 100 8.8 13.9 6 2.2 0 -999.9 -999.9 365
sta5 2012 4 10 101 7.9 13.4 7 2.1 3.4 -999.9 -999.9 365
sta5 2012 4 11 102 1.3 13.9 18.1 2.2 4.6 -999.9 -999.9 365
sta5 2012 4 12 103 1.9 14.2 16.5 2.1 0 -999.9 -999.9 365
sta5 2012 4 13 104 0.4 14.4 19.1 2.2 1.6 -999.9 -999.9 365
sta5 2012 4 14 105 4.4 13.2 10.6 1.8 0.2 -999.9 -999.9 365
sta5 2012 4 15 106 3.3 10.1 10.5 2.2 0.2 -999.9 -999.9 365
sta5 2012 4 16 107 0.1 10.6 18.4 2.6 0 -999.9 -999.9 365
sta5 2012 4 17 108 -2.3 8.7 6 0.8 5.6 -999.9 -999.9 365
sta5 2012 4 18 109 2.8 11.3 8.9 1.5 16.8 -999.9 -999.9 365
sta5 2012 4 19 110 4.7 13.5 17.9 2.6 0.8 -999.9 -999.9 365
sta5 2012 4 20 111 3.8 13.3 17.2 2.5 2.4 -999.9 -999.9 365
sta5 2012 4 21 112 5.1 13.2 14.1 2.4 4.2 -999.9 -999.9 365
sta5 2012 4 22 113 3.5 13.7 19.7 2.9 0 -999.9 -999.9 365
sta5 2012 4 23 114 2.2 11.4 9.1 1.4 15.6 -999.9 -999.9 365
sta5 2012 4 24 115 6.9 14 14.2 2.7 1.4 -999.9 -999.9 365
sta5 2012 4 25 116 4.6 12.3 6.7 1.3 6.2 -999.9 -999.9 365
sta5 2012 4 26 117 8.2 16 13 2.8 1 -999.9 -999.9 365
sta5 2012 4 27 118 8.2 12.4 7.5 1.4 2.8 -999.9 -999.9 365
sta5 2012 4 28 119 8.7 14 4 0.7 6.4 -999.9 -999.9 365
sta5 2012 4 29 120 10.4 14.5 13.1 2.7 1.8 -999.9 -999.9 365
sta5 2012 4 30 121 4.6 15 11.6 1.6 6.6 -999.9 -999.9 365
sta5 2012 5 1 122 5.5 17.6 21.8 3.2 0 -999.9 -999.9 365
sta5 2012 5 2 123 5.5 14.4 8.9 1.5 0 -999.9 -999.9 365
sta5 2012 5 3 124 8 21.4 24.6 3.8 0 -999.9 -999.9 365
sta5 2012 5 4 125 10.4 17.4 9.8 1.9 3 -999.9 -999.9 365
sta5 2012 5 5 126 7.6 16.2 9.1 1.6 7.4 -999.9 -999.9 365
sta5 2012 5 6 127 9.3 14.9 12.6 2.1 0.4 -999.9 -999.9 365
sta5 2012 5 7 128 4.9 18 20.8 3 0 -999.9 -999.9 365
sta5 2012 5 8 129 9.1 18.3 9.3 1.7 5 -999.9 -999.9 365
sta5 2012 5 9 130 14.1 21.4 17.3 3.5 0.2 -999.9 -999.9 365
sta5 2012 5 10 131 12.8 27.2 22.9 4.6 0 -999.9 -999.9 365
sta5 2012 5 11 132 14 21.1 16.2 3.3 0 -999.9 -999.9 365
sta5 2012 5 12 133 9.9 16.9 25.3 4.4 0 -999.9 -999.9 365
sta5 2012 5 13 134 4.6 15.7 26.9 3.9 0 -999.9 -999.9 365
sta5 2012 5 14 135 1.5 18.8 26.8 3.6 0 -999.9 -999.9 365
sta5 2012 5 15 136 5.4 12.7 17.9 3 1.2 -999.9 -999.9 365
sta5 2012 5 16 137 0.8 15.5 26.3 3.4 0 -999.9 -999.9 365
sta5 2012 5 17 138 3.4 16.6 13.3 2.7 0.2 -999.9 -999.9 365
sta5 2012 5 18 139 7 18.2 14.4 2.7 0 -999.9 -999.9 365
sta5 2012 5 19 140 6.4 18 12.1 1.9 10.8 -999.9 -999.9 365
sta5 2012 5 20 141 11.7 19.3 9.6 2 1 -999.9 -999.9 365
sta5 2012 5 21 142 10.9 12.5 2.7 0.6 19.4 -999.9 -999.9 365
sta5 2012 5 22 143 11.2 21.8 20.5 4 0.2 -999.9 -999.9 365
sta5 2012 5 23 144 11.7 24.8 22.4 4.1 0 -999.9 -999.9 365
sta5 2012 5 24 145 11.5 26.7 25.2 4.6 0 -999.9 -999.9 365
sta5 2012 5 25 146 16.7 25.9 27.4 5.7 0 -999.9 -999.9 365
sta5 2012 5 26 147 11.2 25.6 28 5.2 0 -999.9 -999.9 365
sta5 2012 5 27 148 13.5 21.5 17.2 3.3 0 -999.9 -999.9 365
sta5 2012 5 28 149 13.1 24.2 26.6 5.1 0 -999.9 -999.9 365
sta5 2012 5 29 150 10.8 24.9 27.4 4.8 0 -999.9 -999.9 365
sta5 2012 5 30 151 10.4 25.2 18.8 3.5 6.4 -999.9 -999.9 365
sta5 2012 5 31 152 11.9 20.3 22.7 3.8 0.2 -999.9 -999.9 365
sta5 2012 6 1 153 9.5 23.6 22.2 3.8 0 -999.9 -999.9 365
sta5 2012 6 2 154 12.7 28.8 25.8 5.1 30 -999.9 -999.9 365
sta5 2012 6 3 155 14 20 15.2 3.3 1.2 -999.9 -999.9 365
sta5 2012 6 4 156 9.9 16.9 13.3 2.6 1.6 -999.9 -999.9 365
sta5 2012 6 5 157 6.6 17.3 16 2.4 1.8 -999.9 -999.9 365
sta5 2012 6 6 158 13 20.8 17.6 3.7 0.8 -999.9 -999.9 365
sta5 2012 6 7 159 12.7 22.4 15.4 3.5 4 -999.9 -999.9 365
sta5 2012 6 8 160 11.6 19.7 21.4 4.6 0 -999.9 -999.9 365
sta5 2012 6 9 161 7 16.9 18.6 3 0 -999.9 -999.9 365
sta5 2012 6 10 162 10.2 15.9 7.4 1.4 9.4 -999.9 -999.9 365
sta5 2012 6 11 163 11.9 18.6 16.4 3.2 1.4 -999.9 -999.9 365
sta5 2012 6 12 164 9.9 15.4 8.4 1.7 1.6 -999.9 -999.9 365
sta5 2012 6 13 165 10.7 18.7 21.2 3.7 0.4 -999.9 -999.9 365
sta5 2012 6 14 166 6.9 22.2 24.7 4 1.4 -999.9 -999.9 365
sta5 2012 6 15 167 14.1 21.4 15.6 3.5 5.8 -999.9 -999.9 365
sta5 2012 6 16 168 13.6 18.1 9.6 2.4 10.2 -999.9 -999.9 365
sta5 2012 6 17 169 8.3 21.1 26.5 4.3 18 -999.9 -999.9 365
sta5 2012 6 18 170 12.6 20.1 16 3.2 0 -999.9 -999.9 365
sta5 2012 6 19 171 12.2 20.2 11.9 2.4 5.4 -999.9 -999.9 365
sta5 2012 6 20 172 12 24 22.9 4.1 0.2 -999.9 -999.9 365
sta5 2012 6 21 173 16.2 26.1 21.5 5.4 3 -999.9 -999.9 365
sta5 2012 6 22 174 11.1 20.9 21.3 4.4 0 -999.9 -999.9 365
sta5 2012 6 23 175 7.9 20.5 19.7 3.4 0 -999.9 -999.9 365
sta5 2012 6 24 176 9.9 20.6 10.6 2.3 3.2 -999.9 -999.9 365
sta5 2012 6 25 177 13.8 20.4 13.5 2.6 2.4 -999.9 -999.9 365
sta5 2012 6 26 178 16.4 21.8 10.4 2.3 0.4 -999.9 -999.9 365
sta5 2012 6 27 179 13.7 27.4 24.1 4.6 0 -999.9 -999.9 365
sta5 2012 6 28 180 17.4 31.2 24.4 5.9 1.6 -999.9 -999.9 365
sta5 2012 6 29 181 13.6 22 14.7 3.2 0 -999.9 -999.9 365
sta5 2012 6 30 182 10.5 24.1 24.3 4.6 0.2 -999.9 -999.9 365
sta5 2012 7 1 183 10.3 21.3 24.2 4.5 0 -999.9 -999.9 365
sta5 2012 7 2 184 7.9 22.5 23.6 4.1 0 -999.9 -999.9 365
sta5 2012 7 3 185 12 24.6 22.5 4.2 0 -999.9 -999.9 365
sta5 2012 7 4 186 14.2 25 19.5 4 2.6 -999.9 -999.9 365
sta5 2012 7 5 187 15.4 20.7 13.1 2.8 3.4 -999.9 -999.9 365
sta5 2012 7 6 188 11.7 22.3 19.3 3.9 8 -999.9 -999.9 365
sta5 2012 7 7 189 11.2 22.7 12.8 2.5 11.6 -999.9 -999.9 365
sta5 2012 7 8 190 15 22 14.8 3.7 0 -999.9 -999.9 365
sta5 2012 7 9 191 12.3 24.1 18.5 3.9 0 -999.9 -999.9 365
sta5 2012 7 10 192 13.2 19.2 11.9 2.9 0 -999.9 -999.9 365
sta5 2012 7 11 193 11.3 21.1 17.3 3.7 4 -999.9 -999.9 365
sta5 2012 7 12 194 10.6 19.4 12.1 2.4 4 -999.9 -999.9 365
sta5 2012 7 13 195 13.3 17.1 6 1.4 25.2 -999.9 -999.9 365
sta5 2012 7 14 196 11.4 21.8 18.4 3.8 6.6 -999.9 -999.9 365
sta5 2012 7 15 197 12.1 19.8 16.6 3.6 0 -999.9 -999.9 365
sta5 2012 7 16 198 7.6 23.2 24.1 4.4 0 -999.9 -999.9 365
sta5 2012 7 17 199 12.7 25.7 22.3 4.5 0 -999.9 -999.9 365
sta5 2012 7 18 200 12.3 27.3 26.1 5.5 0 -999.9 -999.9 365
sta5 2012 7 19 201 14.9 21.7 17.6 4.2 2.6 -999.9 -999.9 365
sta5 2012 7 20 202 13.3 20.4 10.6 2.4 1.8 -999.9 -999.9 365
sta5 2012 7 21 203 6.9 23.4 21.6 3.8 0 -999.9 -999.9 365
sta5 2012 7 22 204 10.3 24 25.7 4.7 0 -999.9 -999.9 365
sta5 2012 7 23 205 12.5 26.5 27.4 5.5 0 -999.9 -999.9 365
sta5 2012 7 24 206 10 29.2 26.7 5.1 0 -999.9 -999.9 365
sta5 2012 7 25 207 12.6 32.2 24.8 5.1 0 -999.9 -999.9 365
sta5 2012 7 26 208 17.5 32.3 24.1 5.8 0 -999.9 -999.9 365
sta5 2012 7 27 209 18.7 26.2 8.4 2.7 2.8 -999.9 -999.9 365
sta5 2012 7 28 210 16.7 24 12.2 3.4 0 -999.9 -999.9 365
sta5 2012 7 29 211 9.2 22.1 19.9 3.8 2.6 -999.9 -999.9 365
sta5 2012 7 30 212 12.1 18 8.9 1.7 3 -999.9 -999.9 365
sta5 2012 7 31 213 11.7 24.8 23 4.2 0 -999.9 -999.9 365
sta5 2012 8 1 214 11.6 28.1 18.4 4.1 0.2 -999.9 -999.9 365
sta5 2012 8 2 215 14.5 24.4 18.3 4.3 0 -999.9 -999.9 365
sta5 2012 8 3 216 10.5 24.3 16.9 3.5 0.4 -999.9 -999.9 365
sta5 2012 8 4 217 12.1 25 21.3 4.2 0 -999.9 -999.9 365
sta5 2012 8 5 218 11.4 19.4 8.1 1.7 6.2 -999.9 -999.9 365
sta5 2012 8 6 219 13.5 21.9 17.4 3.9 0 -999.9 -999.9 365
sta5 2012 8 7 220 10.7 23.2 18.4 3.6 0 -999.9 -999.9 365
sta5 2012 8 8 221 8.7 25.9 24 4 0 -999.9 -999.9 365
sta5 2012 8 9 222 13.1 28.7 23.1 4.6 0 -999.9 -999.9 365
sta5 2012 8 10 223 14.4 26.8 24.6 5.1 0 -999.9 -999.9 365
sta5 2012 8 11 224 12.2 28.5 24.3 5.1 0 -999.9 -999.9 365
sta5 2012 8 12 225 13.1 25.2 17.3 3.8 0 -999.9 -999.9 365
sta5 2012 8 13 226 14.4 24 12.8 2.8 0 -999.9 -999.9 365
sta5 2012 8 14 227 13.8 24.5 7.5 1.9 0 -999.9 -999.9 365
sta5 2012 8 15 228 16.6 27.3 14.1 4.2 0 -999.9 -999.9 365
sta5 2012 8 16 229 10.8 26.4 22 4.2 0 -999.9 -999.9 365
sta5 2012 8 17 230 13.1 32.3 23 5.3 0 -999.9 -999.9 365
sta5 2012 8 18 231 14.4 37.5 22.1 5.5 0 -999.9 -999.9 365
sta5 2012 8 19 232 17.6 35.4 19.5 5.2 0 -999.9 -999.9 365
sta5 2012 8 20 233 15.9 32 18.6 4.1 0 -999.9 -999.9 365
sta5 2012 8 21 234 18.1 30.7 20.7 5 0 -999.9 -999.9 365
sta5 2012 8 22 235 11.1 24.8 22.3 4 0 -999.9 -999.9 365
sta5 2012 8 23 236 11.6 26.6 17.1 3.7 0 -999.9 -999.9 365
sta5 2012 8 24 237 11.9 23.8 11.3 2.7 0.8 -999.9 -999.9 365
sta5 2012 8 25 238 15.4 23.9 14.8 4.6 0 -999.9 -999.9 365
sta5 2012 8 26 239 13.8 22.5 14.4 3.6 0 -999.9 -999.9 365
sta5 2012 8 27 240 11.4 27 20.9 4.4 0 -999.9 -999.9 365
sta5 2012 8 28 241 16.5 26.4 17.8 4.3 0 -999.9 -999.9 365
sta5 2012 8 29 242 12.3 26.2 18.9 4.1 0 -999.9 -999.9 365
sta5 2012 8 30 243 13.3 22.7 16.5 3.9 0 -999.9 -999.9 365
sta5 2012 8 31 244 9.7 18.7 19 3.6 0 -999.9 -999.9 365
sta5 2012 9 1 245 3.8 21 20 2.9 0 -999.9 -999.9 365
sta5 2012 9 2 246 7.6 22.2 11.2 2 0 -999.9 -999.9 365
sta5 2012 9 3 247 11.3 22.4 9 2 0 -999.9 -999.9 365
sta5 2012 9 4 248 13.2 25.5 18.5 3.6 0 -999.9 -999.9 365
sta5 2012 9 5 249 13.9 26 15.7 3.5 0 -999.9 -999.9 365
sta5 2012 9 6 250 9.5 23.9 20.5 3.6 0 -999.9 -999.9 365
sta5 2012 9 7 251 4.2 27 20.8 3.3 0 -999.9 -999.9 365
sta5 2012 9 8 252 9.4 28.9 20 3.8 0 -999.9 -999.9 365
sta5 2012 9 9 253 7.4 30.2 19.6 3.8 0 -999.9 -999.9 365
sta5 2012 9 10 254 15.5 25 9.7 2.5 0 -999.9 -999.9 365
sta5 2012 9 11 255 13.9 20.2 6.4 1.7 8.8 -999.9 -999.9 365
sta5 2012 9 12 256 9.5 17.5 10 1.9 0.6 -999.9 -999.9 365
sta5 2012 9 13 257 12.1 18.8 13.5 2.8 0.2 -999.9 -999.9 365
sta5 2012 9 14 258 5.6 18 10.7 1.6 0 -999.9 -999.9 365
sta5 2012 9 15 259 10.2 21.9 16.2 2.5 0 -999.9 -999.9 365
sta5 2012 9 16 260 7.2 24.4 17.3 2.5 0 -999.9 -999.9 365
sta5 2012 9 17 261 8 25.4 17.6 2.7 0 -999.9 -999.9 365
sta5 2012 9 18 262 8.6 19.7 8 1.9 0 -999.9 -999.9 365
sta5 2012 9 19 263 4.3 18 16.5 2.3 0 -999.9 -999.9 365
sta5 2012 9 20 264 1.9 18.8 15.1 2.1 0 -999.9 -999.9 365
sta5 2012 9 21 265 2.5 18 6.6 1.2 6 -999.9 -999.9 365
sta5 2012 9 22 266 10.6 17.8 11.2 1.9 0 -999.9 -999.9 365
sta5 2012 9 23 267 9.8 25.5 10.8 2.3 11.6 -999.9 -999.9 365
sta5 2012 9 24 268 14.3 19 9.3 2.9 21.4 -999.9 -999.9 365
sta5 2012 9 25 269 11.3 15.1 4.7 1.6 0.8 -999.9 -999.9 365
sta5 2012 9 26 270 11.1 17.4 8.4 2.1 3 -999.9 -999.9 365
sta5 2012 9 27 271 11.8 17.4 7.1 1.9 1.8 -999.9 -999.9 365
sta5 2012 9 28 272 6.7 17.6 14 1.7 0 -999.9 -999.9 365
sta5 2012 9 29 273 5.8 18.1 11.9 1.6 0 -999.9 -999.9 365
sta5 2012 9 30 274 1.9 18.3 15.8 1.5 0 -999.9 -999.9 365
sta5 2012 10 1 275 3.3 18.9 14.1 1.7 1 -999.9 -999.9 365
sta5 2012 10 2 276 12.8 18.9 8.4 2.1 0 -999.9 -999.9 365
sta5 2012 10 3 277 11.9 19.3 7.7 2 10.6 -999.9 -999.9 365
sta5 2012 10 4 278 12.9 18.3 12.1 2.2 3.6 -999.9 -999.9 365
sta5 2012 10 5 279 14.2 20.5 7.8 1.9 0.2 -999.9 -999.9 365
sta5 2012 10 6 280 11.6 17.8 4 1.1 2.2 -999.9 -999.9 365
sta5 2012 10 7 281 11.9 13.9 5 0.8 4.4 -999.9 -999.9 365
sta5 2012 10 8 282 12 18.3 2.2 0.4 36.4 -999.9 -999.9 365
sta5 2012 10 9 283 14.7 19.6 5.7 1 6.2 -999.9 -999.9 365
sta5 2012 10 10 284 15.3 19.5 5.8 1.1 1 -999.9 -999.9 365
sta5 2012 10 11 285 13.8 19.6 6 1.2 8.2 -999.9 -999.9 365
sta5 2012 10 12 286 10.6 15.7 11.9 1.9 0 -999.9 -999.9 365
sta5 2012 10 13 287 8.4 12.3 3.6 0.9 18.8 -999.9 -999.9 365
sta5 2012 10 14 288 7 9.7 1.5 0.2 24 -999.9 -999.9 365
sta5 2012 10 15 289 3.1 13.9 11.8 1 2 -999.9 -999.9 365
sta5 2012 10 16 290 8.3 15.3 8 1.2 0.4 -999.9 -999.9 365
sta5 2012 10 17 291 8.4 16.5 4 0.8 1 -999.9 -999.9 365
sta5 2012 10 18 292 12.7 19.6 4.4 0.9 2.2 -999.9 -999.9 365
sta5 2012 10 19 293 13.7 16.8 1.4 0.4 13.4 -999.9 -999.9 365
sta5 2012 10 20 294 12.5 14.5 2.4 0.3 13.2 -999.9 -999.9 365
sta5 2012 10 21 295 13.8 22.2 6.2 1 0.2 -999.9 -999.9 365
sta5 2012 10 22 296 12.1 21.8 9.8 0.9 0.2 -999.9 -999.9 365
sta5 2012 10 23 297 9.6 16.6 2.9 0.4 0 -999.9 -999.9 365
sta5 2012 10 24 298 9.9 16.9 6.6 0.9 0.2 -999.9 -999.9 365
sta5 2012 10 25 299 7.3 11.2 2 0 0.2 -999.9 -999.9 365
sta5 2012 10 26 300 8.9 11.3 1.6 0.4 0 -999.9 -999.9 365
sta5 2012 10 27 301 1.2 8.6 9.1 0.9 0.2 -999.9 -999.9 365
sta5 2012 10 28 302 0.4 9.7 9.4 0.4 0.6 -999.9 -999.9 365
sta5 2012 10 29 303 2 11.3 7 0.5 0 -999.9 -999.9 365
sta5 2012 10 30 304 0.8 13.2 9.4 0.4 0.2 -999.9 -999.9 365
sta5 2012 10 31 305 -0.1 13.1 9.4 0.4 1.6 -999.9 -999.9 365
sta5 2012 11 1 306 5.7 11.3 5.4 0.9 8 -999.9 -999.9 365
sta5 2012 11 2 307 4.1 12.3 3.2 0.6 9.8 -999.9 -999.9 365
sta5 2012 11 3 308 7.7 12.6 3.2 0.7 1.8 -999.9 -999.9 365
sta5 2012 11 4 309 6.1 11.4 4.8 0.6 0.2 -999.9 -999.9 365
sta5 2012 11 5 310 4.6 12.4 6.6 0.6 0 -999.9 -999.9 365
sta5 2012 11 6 311 3.5 10.9 7.9 0.3 0 -999.9 -999.9 365
sta5 2012 11 7 312 2.7 11.3 3.6 0.3 0 -999.9 -999.9 365
sta5 2012 11 8 313 3.1 10 4.4 0.3 0 -999.9 -999.9 365
sta5 2012 11 9 314 -0.2 11.8 4.3 0.1 3.6 -999.9 -999.9 365
sta5 2012 11 10 315 8.4 14.3 2.9 0.6 2.8 -999.9 -999.9 365
sta5 2012 11 11 316 4.3 8.1 3.1 0.3 0 -999.9 -999.9 365
sta5 2012 11 12 317 2.6 7.3 3.5 0.1 0 -999.9 -999.9 365
sta5 2012 11 13 318 3.4 10 4.1 0.3 0 -999.9 -999.9 365
sta5 2012 11 14 319 2.5 4.4 1.6 0 0.2 -999.9 -999.9 365
sta5 2012 11 15 320 2.5 4.8 2.3 0.1 0 -999.9 -999.9 365
sta5 2012 11 16 321 2.5 6.3 2.7 0.1 0.2 -999.9 -999.9 365
sta5 2012 11 17 322 5.2 11 3.8 0.1 1.4 -999.9 -999.9 365
sta5 2012 11 18 323 7.1 9.2 0.8 0 3.4 -999.9 -999.9 365
sta5 2012 11 19 324 8 11.6 1.9 0.2 0.2 -999.9 -999.9 365
sta5 2012 11 20 325 5.9 11.5 5.1 0 0.4 -999.9 -999.9 365
sta5 2012 11 21 326 5.8 12 2.2 0.4 1.8 -999.9 -999.9 365
sta5 2012 11 22 327 2.6 8.4 3.5 0 0.2 -999.9 -999.9 365
sta5 2012 11 23 328 4.7 11 1.6 0.2 0 -999.9 -999.9 365
sta5 2012 11 24 329 5.7 14.4 2.3 0.7 0.2 -999.9 -999.9 365
sta5 2012 11 25 330 7.8 11.4 3.4 0.7 0 -999.9 -999.9 365
sta5 2012 11 26 331 5.6 11.3 3 0.4 0.2 -999.9 -999.9 365
sta5 2012 11 27 332 5 8.6 2.5 0.3 0.2 -999.9 -999.9 365
sta5 2012 11 28 333 4.9 7.9 3 0.2 0.2 -999.9 -999.9 365
sta5 2012 11 29 334 2.1 7 5.1 0.1 0 -999.9 -999.9 365
sta5 2012 11 30 335 -1.9 2.1 1.4 0 0.2 -999.9 -999.9 365
sta5 2012 12 1 336 -1.6 3.6 2.8 0 0.4 -999.9 -999.9 365
sta5 2012 12 2 337 0.9 7.3 4.4 0 1.2 -999.9 -999.9 365
sta5 2012 12 3 338 1.2 11.1 1.1 0 11.4 -999.9 -999.9 365
sta5 2012 12 4 339 3.2 7.4 4.2 0.2 0.8 -999.9 -999.9 365
sta5 2012 12 5 340 1.3 6.5 1.8 0.4 1.4 -999.9 -999.9 365
sta5 2012 12 6 341 -1.2 4.5 4.7 0 0.2 -999.9 -999.9 365
sta5 2012 12 7 342 0 6.3 3.5 0.2 6.4 -999.9 -999.9 365
sta5 2012 12 8 343 2.8 4.5 1.5 0.2 0 -999.9 -999.9 365
sta5 2012 12 9 344 0.6 5.4 1.5 0.2 1.6 -999.9 -999.9 365
sta5 2012 12 10 345 2.6 7.2 4.8 0 0 -999.9 -999.9 365
sta5 2012 12 11 346 0 4.4 5.1 0 0 -999.9 -999.9 365
sta5 2012 12 12 347 -4.3 0.6 6.6 0 0 -999.9 -999.9 365
sta5 2012 12 13 348 -3.3 5.8 1.5 0.2 0.4 -999.9 -999.9 365
sta5 2012 12 14 349 2 11.3 0.8 0 15 -999.9 -999.9 365
sta5 2012 12 15 350 6.8 11.4 3.5 0.5 4.2 -999.9 -999.9 365
sta5 2012 12 16 351 6.9 10.5 2.8 0.4 14 -999.9 -999.9 365
sta5 2012 12 17 352 5.7 10 2.8 0.5 0 -999.9 -999.9 365
sta5 2012 12 18 353 4.2 9.6 3.7 0 0 -999.9 -999.9 365
sta5 2012 12 19 354 2.4 7.4 1.6 0 12.7 -999.9 -999.9 365
sta5 2012 12 20 355 6 10.2 1.1 0.2 5.7 -999.9 -999.9 365
sta5 2012 12 21 356 5.1 9.4 2.4 0.1 3.4 -999.9 -999.9 365
sta5 2012 12 22 357 4.9 13.7 0.8 0 7.4 -999.9 -999.9 365
sta5 2012 12 23 358 11.3 14.1 2.7 0.7 0.2 -999.9 -999.9 365
sta5 2012 12 24 359 4.8 12.7 3.3 0.1 2.6 -999.9 -999.9 365
sta5 2012 12 25 360 8.2 11.7 3.7 0.6 0.4 -999.9 -999.9 365
sta5 2012 12 26 361 5.4 10.9 3.6 0.1 5.6 -999.9 -999.9 365
sta5 2012 12 27 362 8.5 11.6 3.9 0.8 4.4 -999.9 -999.9 365
sta5 2012 12 28 363 6.4 11.1 1.5 0.1 1.2 -999.9 -999.9 365
sta5 2012 12 29 364 5.2 12.5 4.8 0.1 0.8 -999.9 -999.9 365
sta5 2012 12 30 365 5.5 10.4 4.2 0.3 0 -999.9 -999.9 365
sta5 2012 12 31 366 6 10.7 3 0.3 7.4 -999.9 -999.9 365
