sta8 2015 1 1 1 -4.5 5.3 6.3 0 0.2 -999.9 -999.9 365
sta8 2015 1 2 2 0.5 6.6 1.2 0.1 1.2 -999.9 -999.9 365
sta8 2015 1 3 3 0.5 12 0.9 0 2.6 -999.9 -999.9 365
sta8 2015 1 4 4 2.4 5.8 2.6 0.2 0 -999.9 -999.9 365
sta8 2015 1 5 5 -3.2 1.1 2 0 0.2 -999.9 -999.9 365
sta8 2015 1 6 6 -2.2 4.2 1.4 0 0.2 -999.9 -999.9 365
sta8 2015 1 7 7 0.4 8.3 1.4 0.1 0.2 -999.9 -999.9 365
sta8 2015 1 8 8 4.8 11.1 1.1 0.1 2 -999.9 -999.9 365
sta8 2015 1 9 9 5.3 13 2 0 1 -999.9 -999.9 365
sta8 2015 1 10 10 11.1 12.4 1.8 0.7 4.4 -999.9 -999.9 365
sta8 2015 1 11 11 3.6 7.9 5.3 0.1 0 -999.9 -999.9 365
sta8 2015 1 12 12 4.4 8.9 3.5 0.5 0 -999.9 -999.9 365
sta8 2015 1 13 13 5.7 10.2 1.8 0.7 5.4 -999.9 -999.9 365
sta8 2015 1 14 14 4.4 8.8 4 0.3 3 -999.9 -999.9 365
sta8 2015 1 15 15 7.1 11.1 1.5 1.2 2.4 -999.9 -999.9 365
sta8 2015 1 16 16 4.4 6.6 3.4 0.1 1.2 -999.9 -999.9 365
sta8 2015 1 17 17 0.8 5.7 4.8 0 0.2 -999.9 -999.9 365
sta8 2015 1 18 18 -1.1 5.9 6.5 0 0.2 -999.9 -999.9 365
sta8 2015 1 19 19 -1.8 1.7 1.4 0 2.2 -999.9 -999.9 365
sta8 2015 1 20 20 -4.3 1.8 3.9 0 0.2 -999.9 -999.9 365
sta8 2015 1 21 21 -1.5 2.7 3.5 0.1 0 -999.9 -999.9 365
sta8 2015 1 22 22 -1.3 2 4.1 0.1 0.2 -999.9 -999.9 365
sta8 2015 1 23 23 -1 1.6 4 0.2 0 -999.9 -999.9 365
sta8 2015 1 24 24 -1.9 6.7 4.7 0.3 0.8 -999.9 -999.9 365
sta8 2015 1 25 25 -1 5.9 4.4 0.1 0.2 -999.9 -999.9 365
sta8 2015 1 26 26 2.3 8.1 1.6 0.1 1.2 -999.9 -999.9 365
sta8 2015 1 27 27 1.9 6.8 3.4 0.2 0 -999.9 -999.9 365
sta8 2015 1 28 28 3.9 8.4 1.9 0.5 1.8 -999.9 -999.9 365
sta8 2015 1 29 29 4 6 1.7 0.6 3.8 -999.9 -999.9 365
sta8 2015 1 30 30 0.6 5.5 3.6 0.6 2.8 -999.9 -999.9 365
sta8 2015 1 31 31 0.3 6.4 6.8 0.2 3.2 -999.9 -999.9 365
sta8 2015 2 1 32 0.5 4.7 4.1 0.3 1 -999.9 -999.9 365
sta8 2015 2 2 33 0.9 3.8 4.7 0.4 0 -999.9 -999.9 365
sta8 2015 2 3 34 -2.5 2.8 6.8 0.2 0 -999.9 -999.9 365
sta8 2015 2 4 35 -1.1 3.7 6.4 0.5 0 -999.9 -999.9 365
sta8 2015 2 5 36 0 2.9 7.7 0.7 0 -999.9 -999.9 365
sta8 2015 2 6 37 -2.2 1.4 9.1 0.8 0 -999.9 -999.9 365
sta8 2015 2 7 38 -3 4.5 9.5 0.8 0.4 -999.9 -999.9 365
sta8 2015 2 8 39 1.2 6.7 5.1 0.7 0 -999.9 -999.9 365
sta8 2015 2 9 40 -2.1 4.9 4.2 0.2 0.2 -999.9 -999.9 365
sta8 2015 2 10 41 1 5.8 2.7 0.5 0 -999.9 -999.9 365
sta8 2015 2 11 42 -0.9 8.4 9.9 0.4 0 -999.9 -999.9 365
sta8 2015 2 12 43 -5.3 9 8 0.3 0.2 -999.9 -999.9 365
sta8 2015 2 13 44 -1.2 13.3 8.2 0.8 2 -999.9 -999.9 365
sta8 2015 2 14 45 5.6 7.8 3.8 0.6 6.2 -999.9 -999.9 365
sta8 2015 2 15 46 4.6 7.8 3.3 0.5 0 -999.9 -999.9 365
sta8 2015 2 16 47 -1.1 5 3.2 0.3 0.2 -999.9 -999.9 365
sta8 2015 2 17 48 0.7 6.1 1.3 0 0 -999.9 -999.9 365
sta8 2015 2 18 49 1.2 5.8 4 0.5 0 -999.9 -999.9 365
sta8 2015 2 19 50 -3.4 5.8 7.6 0.3 0.2 -999.9 -999.9 365
sta8 2015 2 20 51 4.1 9.3 3.1 1 6.2 -999.9 -999.9 365
sta8 2015 2 21 52 0.7 6.4 5.5 0.6 1.8 -999.9 -999.9 365
sta8 2015 2 22 53 -1.6 7.8 11.4 0.6 3.6 -999.9 -999.9 365
sta8 2015 2 23 54 3.6 11.2 8 1.1 7.2 -999.9 -999.9 365
sta8 2015 2 24 55 1.2 8 5.2 0.9 1.2 -999.9 -999.9 365
sta8 2015 2 25 56 0.9 7.6 3.7 0.4 0.4 -999.9 -999.9 365
sta8 2015 2 26 57 5 11.3 3.9 0.4 4.8 -999.9 -999.9 365
sta8 2015 2 27 58 3.2 8.7 11.8 1.1 0 -999.9 -999.9 365
sta8 2015 2 28 59 -2.3 10.1 9.7 0.9 5.8 -999.9 -999.9 365
sta8 2015 3 1 60 6.9 11.8 4.5 0.7 5.4 -999.9 -999.9 365
sta8 2015 3 2 61 5.5 9.8 9.7 1.7 0.4 -999.9 -999.9 365
sta8 2015 3 3 62 2.1 10.4 8.2 1.1 0.8 -999.9 -999.9 365
sta8 2015 3 4 63 0.4 9 11.2 1.1 1.2 -999.9 -999.9 365
sta8 2015 3 5 64 0.4 10.6 13.7 1.1 0 -999.9 -999.9 365
sta8 2015 3 6 65 -1.7 11.6 13.7 1 0.2 -999.9 -999.9 365
sta8 2015 3 7 66 -1.8 15.5 13.4 1.3 0 -999.9 -999.9 365
sta8 2015 3 8 67 -1.3 18.5 14.3 1.4 0.2 -999.9 -999.9 365
sta8 2015 3 9 68 6 12.2 7.5 1 0 -999.9 -999.9 365
sta8 2015 3 10 69 3.7 13 4.8 0.6 0.2 -999.9 -999.9 365
sta8 2015 3 11 70 4.4 13.6 13.9 1.6 0 -999.9 -999.9 365
sta8 2015 3 12 71 0.6 13.6 16.1 1.9 0 -999.9 -999.9 365
sta8 2015 3 13 72 0.7 11.6 9.5 1.5 0 -999.9 -999.9 365
sta8 2015 3 14 73 1.7 9.6 10.4 1.6 0 -999.9 -999.9 365
sta8 2015 3 15 74 4.3 7.6 5.7 1.2 0 -999.9 -999.9 365
sta8 2015 3 16 75 1.1 13.5 14.7 1.5 0 -999.9 -999.9 365
sta8 2015 3 17 76 -0.6 17.4 16.1 1.7 0 -999.9 -999.9 365
sta8 2015 3 18 77 4.7 16.5 12.6 2.2 0 -999.9 -999.9 365
sta8 2015 3 19 78 4.4 9 6.4 1.4 0 -999.9 -999.9 365
sta8 2015 3 20 79 5.8 12.7 10.6 1.9 0 -999.9 -999.9 365
sta8 2015 3 21 80 4.1 11 9.4 1.8 0 -999.9 -999.9 365
sta8 2015 3 22 81 4.6 10.9 9 2.1 0 -999.9 -999.9 365
sta8 2015 3 23 82 -1.4 14.3 17.6 1.8 0 -999.9 -999.9 365
sta8 2015 3 24 83 4.3 6.9 2.4 0.6 9.2 -999.9 -999.9 365
sta8 2015 3 25 84 3.1 9.7 10.1 1.6 0.2 -999.9 -999.9 365
sta8 2015 3 26 85 -2.1 8.7 6.4 0.6 2.4 -999.9 -999.9 365
sta8 2015 3 27 86 2.4 11.3 14.3 1.7 0.4 -999.9 -999.9 365
sta8 2015 3 28 87 4.2 14.7 6.7 1 2.6 -999.9 -999.9 365
sta8 2015 3 29 88 9.3 12.5 3.1 0.9 8.2 -999.9 -999.9 365
sta8 2015 3 30 89 9 12.6 11.8 2 0.2 -999.9 -999.9 365
sta8 2015 3 31 90 10 13.6 13.1 3.7 0.2 -999.9 -999.9 365
sta8 2015 4 1 91 3.9 11.5 15.9 2.7 0 -999.9 -999.9 365
sta8 2015 4 2 92 6 13.2 8.7 1.7 2.2 -999.9 -999.9 365
sta8 2015 4 3 93 6.9 10.3 3.5 0.5 12.4 -999.9 -999.9 365
sta8 2015 4 4 94 7.1 10.7 5.6 1.4 0.6 -999.9 -999.9 365
sta8 2015 4 5 95 1.5 10.7 19.1 2.5 0.2 -999.9 -999.9 365
sta8 2015 4 6 96 0.4 13.8 20.3 2.6 0 -999.9 -999.9 365
sta8 2015 4 7 97 2.1 15.4 22.3 3.1 0 -999.9 -999.9 365
sta8 2015 4 8 98 -0.3 17.5 21.5 2.8 0 -999.9 -999.9 365
sta8 2015 4 9 99 1.5 22.1 22.2 3 0 -999.9 -999.9 365
sta8 2015 4 10 100 4.2 20.7 20.8 3.4 0.2 -999.9 -999.9 365
sta8 2015 4 11 101 10.2 15.9 7.7 2.1 0.2 -999.9 -999.9 365
sta8 2015 4 12 102 5.1 19.2 20.1 2.7 0.2 -999.9 -999.9 365
sta8 2015 4 13 103 4.8 21 22.4 3 0 -999.9 -999.9 365
sta8 2015 4 14 104 6.5 24.7 23 3.6 0 -999.9 -999.9 365
sta8 2015 4 15 105 6.4 25.9 21.9 3.5 0 -999.9 -999.9 365
sta8 2015 4 16 106 8.7 21 13.3 2.7 0 -999.9 -999.9 365
sta8 2015 4 17 107 10.4 17.6 13.7 2.5 13 -999.9 -999.9 365
sta8 2015 4 18 108 7 15.4 23.3 4.3 0 -999.9 -999.9 365
sta8 2015 4 19 109 3.3 17.7 24.9 4.2 0 -999.9 -999.9 365
sta8 2015 4 20 110 4.9 21.4 24.1 4.2 0 -999.9 -999.9 365
sta8 2015 4 21 111 6.6 22.2 24.5 4.6 0 -999.9 -999.9 365
sta8 2015 4 22 112 8.6 22.7 24.9 5.2 0 -999.9 -999.9 365
sta8 2015 4 23 113 5.5 21.4 25.2 4.1 0 -999.9 -999.9 365
sta8 2015 4 24 114 4.5 16.1 9.8 1.5 0.8 -999.9 -999.9 365
sta8 2015 4 25 115 11.5 18.7 14.2 2.6 1.4 -999.9 -999.9 365
sta8 2015 4 26 116 7.8 16.4 8.1 1.4 8.4 -999.9 -999.9 365
sta8 2015 4 27 117 9.1 13.5 16.9 3.4 0 -999.9 -999.9 365
sta8 2015 4 28 118 1.4 13.5 19 2.6 0 -999.9 -999.9 365
sta8 2015 4 29 119 2.3 15.1 17.9 2.6 0.4 -999.9 -999.9 365
sta8 2015 4 30 120 6.7 11.2 7.7 1.2 16.4 -999.9 -999.9 365
sta8 2015 5 1 121 8.6 10.6 4.5 0.7 2.4 -999.9 -999.9 365
sta8 2015 5 2 122 8.8 14.3 6.4 1.1 11.2 -999.9 -999.9 365
sta8 2015 5 3 123 11.7 18.8 9.3 2 4 -999.9 -999.9 365
sta8 2015 5 4 124 9.7 19.3 11.1 2 6.6 -999.9 -999.9 365
sta8 2015 5 5 125 13.9 17.3 19.3 4.3 0 -999.9 -999.9 365
sta8 2015 5 6 126 6.9 15.8 21.3 3.6 1 -999.9 -999.9 365
sta8 2015 5 7 127 5.7 16.7 22.3 3.2 0 -999.9 -999.9 365
sta8 2015 5 8 128 6.4 19.1 13.6 2.3 0.2 -999.9 -999.9 365
sta8 2015 5 9 129 12 19.1 24 4.4 0 -999.9 -999.9 365
sta8 2015 5 10 130 7.6 21.9 25.8 4.1 0 -999.9 -999.9 365
sta8 2015 5 11 131 9.6 27.1 23.6 4.2 0 -999.9 -999.9 365
sta8 2015 5 12 132 12.4 21.2 22.4 4 0 -999.9 -999.9 365
sta8 2015 5 13 133 8.2 22.3 21 3.7 0 -999.9 -999.9 365
sta8 2015 5 14 134 11 18.2 10.5 2.5 8 -999.9 -999.9 365
sta8 2015 5 15 135 6.4 15.1 14.9 2.4 0 -999.9 -999.9 365
sta8 2015 5 16 136 5.5 17.6 12 2.1 0 -999.9 -999.9 365
sta8 2015 5 17 137 5.6 18.4 28.7 4.1 0 -999.9 -999.9 365
sta8 2015 5 18 138 4.8 19.8 25.2 4 0.4 -999.9 -999.9 365
sta8 2015 5 19 139 5.4 15.8 22.8 3.7 0.4 -999.9 -999.9 365
sta8 2015 5 20 140 3.6 14.8 23.9 3.4 0.8 -999.9 -999.9 365
sta8 2015 5 21 141 2.1 17.7 22 3.3 0 -999.9 -999.9 365
sta8 2015 5 22 142 4.8 19.8 26 4 0 -999.9 -999.9 365
sta8 2015 5 23 143 7.7 21.5 21.5 3.8 0 -999.9 -999.9 365
sta8 2015 5 24 144 11.2 20.8 21.7 4.1 1.4 -999.9 -999.9 365
sta8 2015 5 25 145 12.2 20.1 15.5 3.5 0 -999.9 -999.9 365
sta8 2015 5 26 146 10.2 18.1 19.6 3.7 0 -999.9 -999.9 365
sta8 2015 5 27 147 6.9 20.7 25.5 4 0 -999.9 -999.9 365
sta8 2015 5 28 148 7.3 20.3 26 4.2 0 -999.9 -999.9 365
sta8 2015 5 29 149 8 19.4 21.8 4 0.2 -999.9 -999.9 365
sta8 2015 5 30 150 9.1 19 24.9 4.3 0 -999.9 -999.9 365
sta8 2015 5 31 151 9.8 18.2 8.6 1.9 3 -999.9 -999.9 365
sta8 2015 6 1 152 8.6 17.6 23.1 3.9 0 -999.9 -999.9 365
sta8 2015 6 2 153 11.4 24.2 25.4 5.6 0 -999.9 -999.9 365
sta8 2015 6 3 154 13.3 21.5 17.3 3.7 0.2 -999.9 -999.9 365
sta8 2015 6 4 155 8.4 26.4 28.9 5.1 0 -999.9 -999.9 365
sta8 2015 6 5 156 14.8 32.1 27.6 6.3 0 -999.9 -999.9 365
sta8 2015 6 6 157 11.5 22.7 26.2 5.2 0 -999.9 -999.9 365
sta8 2015 6 7 158 8.9 22.2 27.5 5.3 0 -999.9 -999.9 365
sta8 2015 6 8 159 9.9 20.8 29.8 6.2 0 -999.9 -999.9 365
sta8 2015 6 9 160 10.2 20.5 26.2 5.7 0 -999.9 -999.9 365
sta8 2015 6 10 161 12.7 22.8 20.7 5.1 0 -999.9 -999.9 365
sta8 2015 6 11 162 13.6 29 26.7 5.6 0.2 -999.9 -999.9 365
sta8 2015 6 12 163 15.7 25.8 24.8 5.4 0 -999.9 -999.9 365
sta8 2015 6 13 164 13.8 24.9 27.8 5.3 0 -999.9 -999.9 365
sta8 2015 6 14 165 13.8 25 17.9 4.5 0 -999.9 -999.9 365
sta8 2015 6 15 166 14.7 22.2 17.6 4.1 0 -999.9 -999.9 365
sta8 2015 6 16 167 9.8 22.4 26.6 5.2 0 -999.9 -999.9 365
sta8 2015 6 17 168 8.5 24.7 28.2 5.1 0 -999.9 -999.9 365
sta8 2015 6 18 169 14.2 20.3 8.5 2.3 0.8 -999.9 -999.9 365
sta8 2015 6 19 170 8.2 22.5 26.4 4.7 0 -999.9 -999.9 365
sta8 2015 6 20 171 7.8 21.9 19.9 3.5 0 -999.9 -999.9 365
sta8 2015 6 21 172 15.2 23.3 19.9 4.5 0 -999.9 -999.9 365
sta8 2015 6 22 173 8.9 20.9 11.6 2.8 4 -999.9 -999.9 365
sta8 2015 6 23 174 7.7 19.9 20.6 3.7 0 -999.9 -999.9 365
sta8 2015 6 24 175 6.5 24.4 27 4.5 0 -999.9 -999.9 365
sta8 2015 6 25 176 10.4 28 27.2 5.1 0 -999.9 -999.9 365
sta8 2015 6 26 177 12.4 31.7 26 5.8 0 -999.9 -999.9 365
sta8 2015 6 27 178 14.9 25.6 25.1 5.6 0 -999.9 -999.9 365
sta8 2015 6 28 179 10.5 30.3 29.1 5.9 0 -999.9 -999.9 365
sta8 2015 6 29 180 13.5 28.9 27.4 5.7 0 -999.9 -999.9 365
sta8 2015 6 30 181 13.5 33.6 29.2 6.3 0 -999.9 -999.9 365
sta8 2015 7 1 182 17 37.8 27.1 6.9 0 -999.9 -999.9 365
sta8 2015 7 2 183 19.3 32.4 21.2 5.3 0 -999.9 -999.9 365
sta8 2015 7 3 184 17.8 36.1 24.5 6.5 0 -999.9 -999.9 365
sta8 2015 7 4 185 18.9 30.1 13.6 3.7 3.2 -999.9 -999.9 365
sta8 2015 7 5 186 17.8 29.6 18 5 0.6 -999.9 -999.9 365
sta8 2015 7 6 187 10.6 31.2 28.9 5.7 0 -999.9 -999.9 365
sta8 2015 7 7 188 15.8 28.9 14.7 4.5 0 -999.9 -999.9 365
sta8 2015 7 8 189 14.9 21.1 16.4 4.7 0 -999.9 -999.9 365
sta8 2015 7 9 190 9.9 23.5 24.9 4.8 0 -999.9 -999.9 365
sta8 2015 7 10 191 7.7 29.1 29.3 5.8 0 -999.9 -999.9 365
sta8 2015 7 11 192 11.5 29 28.2 6 0 -999.9 -999.9 365
sta8 2015 7 12 193 10.9 26.1 19.5 4 0 -999.9 -999.9 365
sta8 2015 7 13 194 16.8 27.8 21.4 5.4 0 -999.9 -999.9 365
sta8 2015 7 14 195 13.3 26.1 17.2 3.9 0 -999.9 -999.9 365
sta8 2015 7 15 196 12.9 31.4 27.7 5.6 0 -999.9 -999.9 365
sta8 2015 7 16 197 17 35.8 23.6 6.4 0 -999.9 -999.9 365
sta8 2015 7 17 198 17.8 29.8 26.4 6.4 0 -999.9 -999.9 365
sta8 2015 7 18 199 15.2 30.2 23.9 5.2 25.6 -999.9 -999.9 365
sta8 2015 7 19 200 16.4 25.8 15.8 3.9 0 -999.9 -999.9 365
sta8 2015 7 20 201 19.4 26.6 10.1 3.4 0 -999.9 -999.9 365
sta8 2015 7 21 202 16.6 29.8 19 4.6 0 -999.9 -999.9 365
sta8 2015 7 22 203 17.6 27.7 21.2 5.1 0 -999.9 -999.9 365
sta8 2015 7 23 204 16.9 25.4 21.6 4.8 0 -999.9 -999.9 365
sta8 2015 7 24 205 13.4 27.5 16.3 4.4 0.2 -999.9 -999.9 365
sta8 2015 7 25 206 14.5 21.9 16.4 5 0 -999.9 -999.9 365
sta8 2015 7 26 207 8.3 20.2 8.5 2.2 3.6 -999.9 -999.9 365
sta8 2015 7 27 208 14.5 23.9 17.7 5.3 0 -999.9 -999.9 365
sta8 2015 7 28 209 13.5 19.8 13.4 3.8 3.2 -999.9 -999.9 365
sta8 2015 7 29 210 11.1 21.5 21.7 4.4 0 -999.9 -999.9 365
sta8 2015 7 30 211 7.2 21.9 21.2 3.8 0 -999.9 -999.9 365
sta8 2015 7 31 212 7.2 23.6 24.1 4.3 0 -999.9 -999.9 365
sta8 2015 8 1 213 11.5 26.4 20.7 4.4 0 -999.9 -999.9 365
sta8 2015 8 2 214 9.8 29.8 26.3 5.2 0 -999.9 -999.9 365
sta8 2015 8 3 215 14 34.3 24.9 5.9 5.2 -999.9 -999.9 365
sta8 2015 8 4 216 17.3 24.9 20.3 5 0 -999.9 -999.9 365
sta8 2015 8 5 217 10.7 30.9 23.7 4.8 0 -999.9 -999.9 365
sta8 2015 8 6 218 16.7 30.3 24.2 5.7 0 -999.9 -999.9 365
sta8 2015 8 7 219 14.8 29.6 19 4.5 0 -999.9 -999.9 365
sta8 2015 8 8 220 15.9 25.3 9 2.8 5.6 -999.9 -999.9 365
sta8 2015 8 9 221 16 23.4 11.2 2.7 0 -999.9 -999.9 365
sta8 2015 8 10 222 13.1 28.5 25.1 4.7 0 -999.9 -999.9 365
sta8 2015 8 11 223 15.9 30.4 23.3 5.2 0 -999.9 -999.9 365
sta8 2015 8 12 224 19 33.4 22.1 5.5 0 -999.9 -999.9 365
sta8 2015 8 13 225 19.6 28.2 12.1 3.8 5.8 -999.9 -999.9 365
sta8 2015 8 14 226 16.8 23.9 14 3.4 5 -999.9 -999.9 365
sta8 2015 8 15 227 14.7 20.4 13.5 3.7 0 -999.9 -999.9 365
sta8 2015 8 16 228 9.5 22.1 19.8 3.4 0 -999.9 -999.9 365
sta8 2015 8 17 229 12.9 20.9 12.2 2.8 0 -999.9 -999.9 365
sta8 2015 8 18 230 11.5 22.3 17.7 3.2 0 -999.9 -999.9 365
sta8 2015 8 19 231 11.4 26.1 18.7 3.8 0.6 -999.9 -999.9 365
sta8 2015 8 20 232 15.7 24.5 13.3 3 0 -999.9 -999.9 365
sta8 2015 8 21 233 14.6 29 22.9 4.4 0 -999.9 -999.9 365
sta8 2015 8 22 234 13.8 30.5 23.1 4.9 0 -999.9 -999.9 365
sta8 2015 8 23 235 14.9 22.7 13.6 3.3 4 -999.9 -999.9 365
sta8 2015 8 24 236 13.3 20.6 11.3 3.3 4 -999.9 -999.9 365
sta8 2015 8 25 237 10.2 21.3 14 3 0 -999.9 -999.9 365
sta8 2015 8 26 238 14.5 30 18.6 5.1 4.6 -999.9 -999.9 365
sta8 2015 8 27 239 13.2 14.1 3 0.4 29 -999.9 -999.9 365
sta8 2015 8 28 240 13.7 21.8 13.7 2.4 0.2 -999.9 -999.9 365
sta8 2015 8 29 241 14.2 30.8 21.3 4.1 0 -999.9 -999.9 365
sta8 2015 8 30 242 18.5 33.5 20.7 4.8 0 -999.9 -999.9 365
sta8 2015 8 31 243 17.2 29 15.4 4 17 -999.9 -999.9 365
sta8 2015 9 1 244 15.3 21.6 13.8 3.1 0 -999.9 -999.9 365
sta8 2015 9 2 245 9.7 21.5 21.3 3.3 0 -999.9 -999.9 365
sta8 2015 9 3 246 8.2 20.2 18.7 3.1 0 -999.9 -999.9 365
sta8 2015 9 4 247 11 18.2 11.3 2.4 0 -999.9 -999.9 365
sta8 2015 9 5 248 10.2 19.8 12.1 2.3 0 -999.9 -999.9 365
sta8 2015 9 6 249 9.6 17.8 17.7 2.7 0 -999.9 -999.9 365
sta8 2015 9 7 250 5.4 20.6 16.3 2.4 0 -999.9 -999.9 365
sta8 2015 9 8 251 9.6 19.3 13.9 2.4 0 -999.9 -999.9 365
sta8 2015 9 9 252 9 22.7 20.3 3.3 0 -999.9 -999.9 365
sta8 2015 9 10 253 8.8 22.9 20.2 3.3 0 -999.9 -999.9 365
sta8 2015 9 11 254 6 23.5 17.5 2.6 0 -999.9 -999.9 365
sta8 2015 9 12 255 14.6 19.7 5.3 1.8 1 -999.9 -999.9 365
sta8 2015 9 13 256 11.8 19.9 7.6 1.6 1.6 -999.9 -999.9 365
sta8 2015 9 14 257 12.2 18.8 14.4 3.3 1 -999.9 -999.9 365
sta8 2015 9 15 258 10.9 18.8 12.6 2.7 9.4 -999.9 -999.9 365
sta8 2015 9 16 259 13.2 17.6 3.8 1 23.2 -999.9 -999.9 365
sta8 2015 9 17 260 13.9 17.6 8 2 1.8 -999.9 -999.9 365
sta8 2015 9 18 261 9.8 18.4 8.5 1.7 7.4 -999.9 -999.9 365
sta8 2015 9 19 262 9.2 19.1 11.4 1.8 0 -999.9 -999.9 365
sta8 2015 9 20 263 7.5 18.5 15 1.9 0 -999.9 -999.9 365
sta8 2015 9 21 264 4.1 18.9 15.6 1.8 0.6 -999.9 -999.9 365
sta8 2015 9 22 265 11.9 16.3 10.5 2.5 3.4 -999.9 -999.9 365
sta8 2015 9 23 266 8.3 18.2 15.1 2.2 0 -999.9 -999.9 365
sta8 2015 9 24 267 7.7 15.8 7.8 1.1 0.8 -999.9 -999.9 365
sta8 2015 9 25 268 11.6 18.8 12.1 1.8 0 -999.9 -999.9 365
sta8 2015 9 26 269 8 18.6 15.8 2.1 0 -999.9 -999.9 365
sta8 2015 9 27 270 7.8 19.8 16.2 2.6 0 -999.9 -999.9 365
sta8 2015 9 28 271 7 18.7 16.5 2.6 0 -999.9 -999.9 365
sta8 2015 9 29 272 7.7 18.7 16.4 2.9 0 -999.9 -999.9 365
sta8 2015 9 30 273 6.4 18.2 15.9 2.2 0 -999.9 -999.9 365
sta8 2015 10 1 274 5.1 16.9 15.6 2.2 0 -999.9 -999.9 365
sta8 2015 10 2 275 4.7 20.1 14.9 1.8 0 -999.9 -999.9 365
sta8 2015 10 3 276 8.5 20.7 11.5 1.6 1.6 -999.9 -999.9 365
sta8 2015 10 4 277 8.8 13.7 3.5 0.5 0.6 -999.9 -999.9 365
sta8 2015 10 5 278 11.7 16.8 2.9 0.4 25.8 -999.9 -999.9 365
sta8 2015 10 6 279 15.2 20.4 8.5 2 4.8 -999.9 -999.9 365
sta8 2015 10 7 280 11.2 15.5 8.1 1.6 0 -999.9 -999.9 365
sta8 2015 10 8 281 9 15.3 7.1 1.1 0 -999.9 -999.9 365
sta8 2015 10 9 282 5.7 15.8 11.4 1.2 0.4 -999.9 -999.9 365
sta8 2015 10 10 283 7.8 14.7 8.8 1 0.2 -999.9 -999.9 365
sta8 2015 10 11 284 6.9 12.2 6.9 0.7 0 -999.9 -999.9 365
sta8 2015 10 12 285 7.1 15.2 9.8 1.3 0.2 -999.9 -999.9 365
sta8 2015 10 13 286 4.7 12 9.2 1.1 0 -999.9 -999.9 365
sta8 2015 10 14 287 3.8 8.8 7.4 0.9 0.6 -999.9 -999.9 365
sta8 2015 10 15 288 3.6 6.6 3.2 0.7 0 -999.9 -999.9 365
sta8 2015 10 16 289 2.4 6.6 1.8 0 0.4 -999.9 -999.9 365
sta8 2015 10 17 290 6 13.4 4.8 0.6 0.6 -999.9 -999.9 365
sta8 2015 10 18 291 7.4 10.7 4 0.6 0 -999.9 -999.9 365
sta8 2015 10 19 292 1.7 13.4 10.4 0.6 0 -999.9 -999.9 365
sta8 2015 10 20 293 7.3 13 5.5 0.7 0.4 -999.9 -999.9 365
sta8 2015 10 21 294 4.7 13.5 8.3 0.6 3.4 -999.9 -999.9 365
sta8 2015 10 22 295 9.4 14.2 4 0.6 0.8 -999.9 -999.9 365
sta8 2015 10 23 296 10 13.9 4.9 0.8 0 -999.9 -999.9 365
sta8 2015 10 24 297 7.7 15 6.2 0.6 0 -999.9 -999.9 365
sta8 2015 10 25 298 10.3 14.3 6.8 0.8 0.2 -999.9 -999.9 365
sta8 2015 10 26 299 7.8 18.1 7.4 0.8 0 -999.9 -999.9 365
sta8 2015 10 27 300 10.4 21.4 8.5 1.1 11.6 -999.9 -999.9 365
sta8 2015 10 28 301 9.2 13.1 3.7 0.4 0 -999.9 -999.9 365
sta8 2015 10 29 302 9 15.9 5.7 0.8 0.2 -999.9 -999.9 365
sta8 2015 10 30 303 6.9 16 7.5 0.6 0.4 -999.9 -999.9 365
sta8 2015 10 31 304 6.2 17.5 8.7 0.5 0 -999.9 -999.9 365
sta8 2015 11 1 305 3.8 19.5 9.3 0.4 0 -999.9 -999.9 365
sta8 2015 11 2 306 3.3 12.1 5.2 0.2 0.4 -999.9 -999.9 365
sta8 2015 11 3 307 9.1 15.7 3.6 0.7 0.6 -999.9 -999.9 365
sta8 2015 11 4 308 11.7 16.9 4.1 0.8 0.6 -999.9 -999.9 365
sta8 2015 11 5 309 9.4 18.6 6.7 0.6 0.4 -999.9 -999.9 365
sta8 2015 11 6 310 14.4 18 3 0.6 1.2 -999.9 -999.9 365
sta8 2015 11 7 311 12.9 21.8 6.4 0.7 0.4 -999.9 -999.9 365
sta8 2015 11 8 312 10.6 21.2 7.2 0.5 0 -999.9 -999.9 365
sta8 2015 11 9 313 12.1 16.8 7.1 0.8 0 -999.9 -999.9 365
sta8 2015 11 10 314 9.3 14.5 5 0.7 0.2 -999.9 -999.9 365
sta8 2015 11 11 315 7.3 14.1 2.8 0.1 0 -999.9 -999.9 365
sta8 2015 11 12 316 10 16.2 4.2 0.5 0 -999.9 -999.9 365
sta8 2015 11 13 317 9.1 14.6 2.6 0.7 1 -999.9 -999.9 365
sta8 2015 11 14 318 4.8 11.6 4.9 0.3 0 -999.9 -999.9 365
sta8 2015 11 15 319 10.4 15.1 6.1 0.8 0 -999.9 -999.9 365
sta8 2015 11 16 320 9.4 14.9 3.3 0.6 0.6 -999.9 -999.9 365
sta8 2015 11 17 321 13.3 15.8 2.4 0.8 1.2 -999.9 -999.9 365
sta8 2015 11 18 322 9.3 15 5.2 0.3 0.2 -999.9 -999.9 365
sta8 2015 11 19 323 11.7 15.8 2.2 0.7 7.2 -999.9 -999.9 365
sta8 2015 11 20 324 8.4 13.3 0.7 0.2 45 -999.9 -999.9 365
sta8 2015 11 21 325 3.1 6.8 4.5 0.4 3.2 -999.9 -999.9 365
sta8 2015 11 22 326 -0.5 6.7 7.1 0 0 -999.9 -999.9 365
sta8 2015 11 23 327 -0.3 6.8 6.5 0 0 -999.9 -999.9 365
sta8 2015 11 24 328 -1.4 7.5 1.9 0.3 5.2 -999.9 -999.9 365
sta8 2015 11 25 329 4.7 9.5 3 0.1 4.4 -999.9 -999.9 365
sta8 2015 11 26 330 1.6 9.4 5.5 0 0 -999.9 -999.9 365
sta8 2015 11 27 331 -1.9 7.2 2.7 0.1 1.4 -999.9 -999.9 365
sta8 2015 11 28 332 3 9.4 5.9 0 0 -999.9 -999.9 365
sta8 2015 11 29 333 6.2 12.5 3.4 0.4 0 -999.9 -999.9 365
sta8 2015 11 30 334 8.9 12 2.4 0.7 0.2 -999.9 -999.9 365
sta8 2015 12 1 335 8.7 12.1 2 0.6 0 -999.9 -999.9 365
sta8 2015 12 2 336 8.4 12 3.3 0.5 0 -999.9 -999.9 365
sta8 2015 12 3 337 0.6 10.4 5 0 0.2 -999.9 -999.9 365
sta8 2015 12 4 338 4.4 11.1 3.9 0.2 0 -999.9 -999.9 365
sta8 2015 12 5 339 -1 9.4 5.8 0 0.2 -999.9 -999.9 365
sta8 2015 12 6 340 4.5 11.8 2.6 0.2 0.2 -999.9 -999.9 365
sta8 2015 12 7 341 6.6 14.4 5.4 0 0 -999.9 -999.9 365
sta8 2015 12 8 342 4.5 12.2 2.7 0.1 11.6 -999.9 -999.9 365
sta8 2015 12 9 343 2.4 8.2 4.2 0 0 -999.9 -999.9 365
sta8 2015 12 10 344 1.5 4.5 1.9 0.1 0 -999.9 -999.9 365
sta8 2015 12 11 345 0.8 9.1 1.9 0 0.2 -999.9 -999.9 365
sta8 2015 12 12 346 7.4 9.2 1 0.1 0 -999.9 -999.9 365
sta8 2015 12 13 347 3.4 4.9 1.9 0 0.2 -999.9 -999.9 365
sta8 2015 12 14 348 1.1 8.9 3.9 0 0 -999.9 -999.9 365
sta8 2015 12 15 349 5.1 11.1 2 0.1 14 -999.9 -999.9 365
sta8 2015 12 16 350 10 13.1 1.8 0.1 0 -999.9 -999.9 365
sta8 2015 12 17 351 9.1 15.4 4.3 0 0.4 -999.9 -999.9 365
sta8 2015 12 18 352 9.2 12.4 1.1 0.1 0.2 -999.9 -999.9 365
sta8 2015 12 19 353 6.5 13.8 4.3 0 0 -999.9 -999.9 365
sta8 2015 12 20 354 7.8 13.2 2.2 0.3 0.4 -999.9 -999.9 365
sta8 2015 12 21 355 8.8 12.6 4.5 0.2 0.2 -999.9 -999.9 365
sta8 2015 12 22 356 8.8 13.8 4.2 0.6 0 -999.9 -999.9 365
sta8 2015 12 23 357 7.9 12.6 3.9 0 0.6 -999.9 -999.9 365
sta8 2015 12 24 358 6.6 12.4 3.3 0 0.4 -999.9 -999.9 365
sta8 2015 12 25 359 9.7 15.2 3.9 0.4 0 -999.9 -999.9 365
sta8 2015 12 26 360 5.5 13.8 4.9 0 0.2 -999.9 -999.9 365
sta8 2015 12 27 361 4.9 13.4 4.8 0 0 -999.9 -999.9 365
sta8 2015 12 28 362 2.4 12.5 4.7 0 0.2 -999.9 -999.9 365
sta8 2015 12 29 363 6.5 11.7 3.9 0.2 0.6 -999.9 -999.9 365
sta8 2015 12 30 364 3.7 10.4 4.5 0 1.6 -999.9 -999.9 365
sta8 2015 12 31 365 6.4 10.9 4.4 0 0.2 -999.9 -999.9 365
sta8 2016 1 1 1 2.2 9.1 1.9 0.2 1.4 -999.9 -999.9 365
sta8 2016 1 2 2 6.5 11 3.9 0.3 0.4 -999.9 -999.9 365
sta8 2016 1 3 3 4.5 8 1.1 0.1 9.4 -999.9 -999.9 365
sta8 2016 1 4 4 5.3 9.4 4.5 0.1 0.2 -999.9 -999.9 365
sta8 2016 1 5 5 4.7 9.3 2.8 0.3 2 -999.9 -999.9 365
sta8 2016 1 6 6 5.9 8.8 2.8 0.2 1.6 -999.9 -999.9 365
sta8 2016 1 7 7 5.6 11.5 3.9 0.7 6.2 -999.9 -999.9 365
sta8 2016 1 8 8 0.7 8 2.9 0 0 -999.9 -999.9 365
sta8 2016 1 9 9 0.2 11.4 4.5 0 2.2 -999.9 -999.9 365
sta8 2016 1 10 10 3 7.8 1.5 0.2 5.6 -999.9 -999.9 365
sta8 2016 1 11 11 4.4 8.6 4 0.2 4.2 -999.9 -999.9 365
sta8 2016 1 12 12 4.5 7.3 2.3 0.6 0.4 -999.9 -999.9 365
sta8 2016 1 13 13 1.2 5.9 4 0.1 0 -999.9 -999.9 365
sta8 2016 1 14 14 1.3 7.5 4.2 0.3 1 -999.9 -999.9 365
sta8 2016 1 15 15 -0.4 5.5 3.7 0.3 0.8 -999.9 -999.9 365
sta8 2016 1 16 16 -1.7 5 4.7 0 0.4 -999.9 -999.9 365
sta8 2016 1 17 17 -0.4 3.1 1.6 0.2 0.2 -999.9 -999.9 365
sta8 2016 1 18 18 -2.1 -0.1 3.2 0.2 0 -999.9 -999.9 365
sta8 2016 1 19 19 -1.4 0.8 2.5 0.2 0 -999.9 -999.9 365
sta8 2016 1 20 20 -3.4 -0.8 2.8 0.1 0 -999.9 -999.9 365
sta8 2016 1 21 21 -5.3 4.2 6.3 0 0 -999.9 -999.9 365
sta8 2016 1 22 22 -3.2 6.8 2.2 0.1 1.8 -999.9 -999.9 365
sta8 2016 1 23 23 5.2 7.3 1.8 0.2 0.4 -999.9 -999.9 365
sta8 2016 1 24 24 1.4 11.7 3.5 0 0 -999.9 -999.9 365
sta8 2016 1 25 25 2.1 13.8 6.9 0.1 0.2 -999.9 -999.9 365
sta8 2016 1 26 26 4.8 11.3 2.9 0.2 0.2 -999.9 -999.9 365
sta8 2016 1 27 27 8.9 12.5 3.5 1.1 1.6 -999.9 -999.9 365
sta8 2016 1 28 28 6.3 9.1 2.3 0.4 0 -999.9 -999.9 365
sta8 2016 1 29 29 1.3 9.4 4.7 0.2 0 -999.9 -999.9 365
sta8 2016 1 30 30 6.8 9.9 1.1 0.6 10 -999.9 -999.9 365
sta8 2016 1 31 31 6.3 13 2.6 0.2 1.8 -999.9 -999.9 365
sta8 2016 2 1 32 9.9 11.7 2.4 0.7 0 -999.9 -999.9 365
sta8 2016 2 2 33 7.4 11.5 2.9 0.5 5 -999.9 -999.9 365
sta8 2016 2 3 34 4.7 8.5 6.2 0.7 0.2 -999.9 -999.9 365
sta8 2016 2 4 35 2 9.9 1.7 0.1 0.2 -999.9 -999.9 365
sta8 2016 2 5 36 8.6 9.9 1.9 0.4 0.2 -999.9 -999.9 365
sta8 2016 2 6 37 5.7 14.3 7.1 1.1 3.2 -999.9 -999.9 365
sta8 2016 2 7 38 6.6 11 7.1 1.1 0.6 -999.9 -999.9 365
sta8 2016 2 8 39 7.3 11.4 5.7 1.3 8 -999.9 -999.9 365
sta8 2016 2 9 40 3.6 11.8 3 1.1 11 -999.9 -999.9 365
sta8 2016 2 10 41 1.5 7.4 9 0.7 0 -999.9 -999.9 365
sta8 2016 2 11 42 -0.2 6.4 5.4 0.4 0 -999.9 -999.9 365
sta8 2016 2 12 43 0.2 4.3 1.9 0.1 10 -999.9 -999.9 365
sta8 2016 2 13 44 2.2 9.5 2.4 0.3 6 -999.9 -999.9 365
sta8 2016 2 14 45 4.5 8.2 3.2 0.7 1.4 -999.9 -999.9 365
sta8 2016 2 15 46 1.5 6.8 8.1 1 0 -999.9 -999.9 365
sta8 2016 2 16 47 -1.1 5.4 11.4 0.6 0.2 -999.9 -999.9 365
sta8 2016 2 17 48 -5.3 2.5 5.6 0.3 0 -999.9 -999.9 365
sta8 2016 2 18 49 -3.5 2.9 3.6 0.2 1 -999.9 -999.9 365
sta8 2016 2 19 50 -0.9 8.6 9.6 0.6 0.8 -999.9 -999.9 365
sta8 2016 2 20 51 3.7 11.6 3.6 0 0.2 -999.9 -999.9 365
sta8 2016 2 21 52 9.4 11.9 4.8 1 0.2 -999.9 -999.9 365
sta8 2016 2 22 53 8.7 11.6 4.9 1 3.2 -999.9 -999.9 365
sta8 2016 2 23 54 4.8 9.2 7.2 0.9 0.6 -999.9 -999.9 365
sta8 2016 2 24 55 -1.9 7 5.5 0.5 4.4 -999.9 -999.9 365
sta8 2016 2 25 56 -0.2 7.4 10.5 0.7 0 -999.9 -999.9 365
sta8 2016 2 26 57 -3.1 6 6.5 0.7 0.2 -999.9 -999.9 365
sta8 2016 2 27 58 -1.1 7.4 10.4 1.1 0 -999.9 -999.9 365
sta8 2016 2 28 59 0 5.6 7.4 1.5 0 -999.9 -999.9 365
sta8 2016 2 29 60 -0.3 7.9 13.5 1.6 0 -999.9 -999.9 365
sta8 2016 3 1 61 -2.3 9.2 3.7 0.4 2.4 -999.9 -999.9 365
sta8 2016 3 2 62 2.7 9.8 8.4 1.1 2.2 -999.9 -999.9 365
sta8 2016 3 3 63 2.6 9.3 10.7 1.5 0.8 -999.9 -999.9 365
sta8 2016 3 4 64 2.8 7.9 4.4 0.5 7.2 -999.9 -999.9 365
sta8 2016 3 5 65 2.1 6.8 7 1 0 -999.9 -999.9 365
sta8 2016 3 6 66 0.4 8.2 9.3 1 0 -999.9 -999.9 365
sta8 2016 3 7 67 -0.2 5.4 8.5 0.8 1.2 -999.9 -999.9 365
sta8 2016 3 8 68 -1.8 8 9 0.9 0.2 -999.9 -999.9 365
sta8 2016 3 9 69 3.5 9.5 5.8 1.3 7.8 -999.9 -999.9 365
sta8 2016 3 10 70 1.5 8.3 5.1 0.6 0 -999.9 -999.9 365
sta8 2016 3 11 71 4.3 10.3 11.7 1.4 0 -999.9 -999.9 365
sta8 2016 3 12 72 0.4 11.1 15.5 1.5 0 -999.9 -999.9 365
sta8 2016 3 13 73 0.4 10.8 15.9 1.7 0 -999.9 -999.9 365
sta8 2016 3 14 74 1.6 9.7 14.1 1.7 0 -999.9 -999.9 365
sta8 2016 3 15 75 -0.5 12 15.9 1.9 0 -999.9 -999.9 365
sta8 2016 3 16 76 2.5 7.5 7.5 1.8 0 -999.9 -999.9 365
sta8 2016 3 17 77 0.5 13 16.8 1.9 0 -999.9 -999.9 365
sta8 2016 3 18 78 0.3 12.2 16.5 1.7 0 -999.9 -999.9 365
sta8 2016 3 19 79 3.1 6.2 4.5 0.9 0 -999.9 -999.9 365
sta8 2016 3 20 80 2.9 8.4 12.5 1.7 0 -999.9 -999.9 365
sta8 2016 3 21 81 2.8 11 10.5 1.6 0 -999.9 -999.9 365
sta8 2016 3 22 82 4 12.2 15.1 2.3 0 -999.9 -999.9 365
sta8 2016 3 23 83 3.1 9.4 7 1.3 0 -999.9 -999.9 365
sta8 2016 3 24 84 5.5 10.6 8.8 1.6 1.6 -999.9 -999.9 365
sta8 2016 3 25 85 6.4 14 6.3 1.6 2.4 -999.9 -999.9 365
sta8 2016 3 26 86 3.2 15.9 8.8 1.2 7.2 -999.9 -999.9 365
sta8 2016 3 27 87 5.9 13.5 12.8 2.2 1 -999.9 -999.9 365
sta8 2016 3 28 88 7.8 14 12 3.1 6.2 -999.9 -999.9 365
sta8 2016 3 29 89 6 13.3 12.7 1.9 1 -999.9 -999.9 365
sta8 2016 3 30 90 7.9 9.4 4 0.7 5.8 -999.9 -999.9 365
sta8 2016 3 31 91 5.2 6.5 1.7 0.2 17.8 -999.9 -999.9 365
sta8 2016 4 1 92 2.7 11.8 14 1.8 0 -999.9 -999.9 365
sta8 2016 4 2 93 -0.3 11 5.2 0.5 2.6 -999.9 -999.9 365
sta8 2016 4 3 94 7.7 19.7 17 2.6 3.8 -999.9 -999.9 365
sta8 2016 4 4 95 8.9 16.2 15.6 2.5 0 -999.9 -999.9 365
sta8 2016 4 5 96 7.4 15.9 16.9 2.4 0 -999.9 -999.9 365
sta8 2016 4 6 97 4.7 12.6 13.4 1.8 0.8 -999.9 -999.9 365
sta8 2016 4 7 98 3.8 11.8 19.5 2.6 0 -999.9 -999.9 365
sta8 2016 4 8 99 3 12.3 14.6 1.9 0 -999.9 -999.9 365
sta8 2016 4 9 100 0.5 13.3 13.2 1.7 2.6 -999.9 -999.9 365
sta8 2016 4 10 101 0.6 18 21.5 2.8 0 -999.9 -999.9 365
sta8 2016 4 11 102 9 14.6 9.4 1.9 1.6 -999.9 -999.9 365
sta8 2016 4 12 103 2.4 16.3 15.4 1.9 2.8 -999.9 -999.9 365
sta8 2016 4 13 104 8 17.5 19.4 2.9 5.6 -999.9 -999.9 365
sta8 2016 4 14 105 6.1 16.4 15.4 2.2 2 -999.9 -999.9 365
sta8 2016 4 15 106 8.5 15.8 12.5 2.3 2.4 -999.9 -999.9 365
sta8 2016 4 16 107 8.7 14.2 13.7 2.4 2.2 -999.9 -999.9 365
sta8 2016 4 17 108 2.7 10.8 14.9 2.1 0.2 -999.9 -999.9 365
sta8 2016 4 18 109 0.5 13.2 23.7 2.8 0 -999.9 -999.9 365
sta8 2016 4 19 110 1 16.1 23.8 3 0 -999.9 -999.9 365
sta8 2016 4 20 111 4.6 18.5 22 4 0 -999.9 -999.9 365
sta8 2016 4 21 112 9.3 21 14.9 3 0 -999.9 -999.9 365
sta8 2016 4 22 113 10.9 15.3 8.6 1.6 3 -999.9 -999.9 365
sta8 2016 4 23 114 8 10.9 8.7 2.1 0.2 -999.9 -999.9 365
sta8 2016 4 24 115 0 8.7 10.8 1.5 0 -999.9 -999.9 365
sta8 2016 4 25 116 0.3 11 12.1 1.8 1.4 -999.9 -999.9 365
sta8 2016 4 26 117 3.2 9 13.4 2.1 2.4 -999.9 -999.9 365
sta8 2016 4 27 118 -0.8 11.1 19.8 2.4 0.6 -999.9 -999.9 365
sta8 2016 4 28 119 -1.2 12.3 20.6 2.5 0 -999.9 -999.9 365
sta8 2016 4 29 120 2.8 13.8 18 2.6 2.4 -999.9 -999.9 365
sta8 2016 4 30 121 5.9 9.6 8.2 1.6 0.6 -999.9 -999.9 365
sta8 2016 5 1 122 1.6 15.6 26 3.8 0 -999.9 -999.9 365
sta8 2016 5 2 123 1.3 17.3 23.4 3.1 1.8 -999.9 -999.9 365
sta8 2016 5 3 124 7.6 16.1 19.8 3.5 0 -999.9 -999.9 365
sta8 2016 5 4 125 2.4 17.5 25.9 3.8 0 -999.9 -999.9 365
sta8 2016 5 5 126 4.9 19.4 26.7 4.4 0 -999.9 -999.9 365
sta8 2016 5 6 127 5.3 23.7 26.3 4.4 0 -999.9 -999.9 365
sta8 2016 5 7 128 10.1 22.7 20.4 4.1 0 -999.9 -999.9 365
sta8 2016 5 8 129 10.1 24.4 23.5 5 0 -999.9 -999.9 365
sta8 2016 5 9 130 15.2 19.6 8.8 2.6 3.8 -999.9 -999.9 365
sta8 2016 5 10 131 13.5 16.7 6.2 1.2 4.6 -999.9 -999.9 365
sta8 2016 5 11 132 8.5 15.7 8 1.1 4.2 -999.9 -999.9 365
sta8 2016 5 12 133 12.5 17.5 8.1 1.6 1.8 -999.9 -999.9 365
sta8 2016 5 13 134 14 21.2 15.5 3.2 30.2 -999.9 -999.9 365
sta8 2016 5 14 135 8.7 13.2 10.9 2.4 0 -999.9 -999.9 365
sta8 2016 5 15 136 2.5 14.9 17.4 2.5 0 -999.9 -999.9 365
sta8 2016 5 16 137 4.9 17 20.5 3.1 0 -999.9 -999.9 365
sta8 2016 5 17 138 6.1 18.1 23.1 3.4 0 -999.9 -999.9 365
sta8 2016 5 18 139 10.3 16.4 13.8 2.8 5.2 -999.9 -999.9 365
sta8 2016 5 19 140 7.9 16.5 11.7 2.3 0 -999.9 -999.9 365
sta8 2016 5 20 141 8.4 19.5 13 2.3 0 -999.9 -999.9 365
sta8 2016 5 21 142 10.7 23.1 21.3 3.8 11.6 -999.9 -999.9 365
sta8 2016 5 22 143 12.8 16 5.6 1.2 13.8 -999.9 -999.9 365
sta8 2016 5 23 144 9.4 14.5 7.5 1.7 8.6 -999.9 -999.9 365
sta8 2016 5 24 145 6 15.3 16.5 2.5 0.2 -999.9 -999.9 365
sta8 2016 5 25 146 6.8 19.9 23.7 3.7 0.2 -999.9 -999.9 365
sta8 2016 5 26 147 9.3 22.2 17.1 3 0.2 -999.9 -999.9 365
sta8 2016 5 27 148 11 23.4 21.4 3.7 0 -999.9 -999.9 365
sta8 2016 5 28 149 11.8 21.7 20.7 3.5 10.4 -999.9 -999.9 365
sta8 2016 5 29 150 13.6 17.3 6.1 1.2 25.2 -999.9 -999.9 365
sta8 2016 5 30 151 11.8 13.6 2.8 0.4 37.6 -999.9 -999.9 365
sta8 2016 5 31 152 11.6 14.3 3.9 0.7 11.4 -999.9 -999.9 365
sta8 2016 6 1 153 12.8 17.8 12.2 2.3 7.8 -999.9 -999.9 365
sta8 2016 6 2 154 12.2 13.2 3.2 0.5 0.6 -999.9 -999.9 365
sta8 2016 6 3 155 10.5 13.1 4.7 0.8 0.2 -999.9 -999.9 365
sta8 2016 6 4 156 12 17.8 7.5 1.6 0.2 -999.9 -999.9 365
sta8 2016 6 5 157 13.3 18 8 1.7 0.2 -999.9 -999.9 365
sta8 2016 6 6 158 9.6 24 17.6 3 0 -999.9 -999.9 365
sta8 2016 6 7 159 12.2 26.5 26.2 4.9 0 -999.9 -999.9 365
sta8 2016 6 8 160 13.3 24.1 23 4.4 0.2 -999.9 -999.9 365
sta8 2016 6 9 161 12.5 22.8 26.7 4.8 0 -999.9 -999.9 365
sta8 2016 6 10 162 11.6 23 17.9 3.4 1.8 -999.9 -999.9 365
sta8 2016 6 11 163 14.2 18.8 9 1.8 23.4 -999.9 -999.9 365
sta8 2016 6 12 164 13.6 18.7 9.7 2 7.6 -999.9 -999.9 365
sta8 2016 6 13 165 13.1 18.4 13.8 2.6 4 -999.9 -999.9 365
sta8 2016 6 14 166 12.8 18.9 17.3 3.5 7.6 -999.9 -999.9 365
sta8 2016 6 15 167 10.7 20.4 22.3 4 1 -999.9 -999.9 365
sta8 2016 6 16 168 11.4 18 12.7 2.4 3.4 -999.9 -999.9 365
sta8 2016 6 17 169 12.1 20.5 15.9 3.2 7.6 -999.9 -999.9 365
sta8 2016 6 18 170 10.6 21.1 18.5 3.4 12 -999.9 -999.9 365
sta8 2016 6 19 171 10.7 21.7 16.7 3.2 0 -999.9 -999.9 365
sta8 2016 6 20 172 11.7 16.8 6.9 1.2 8.4 -999.9 -999.9 365
sta8 2016 6 21 173 15.4 21 8.2 1.8 1 -999.9 -999.9 365
sta8 2016 6 22 174 15.1 29.4 22.4 4.6 0 -999.9 -999.9 365
sta8 2016 6 23 175 18.8 32.3 27 6.2 0 -999.9 -999.9 365
sta8 2016 6 24 176 17.6 24.7 15.4 3.7 0 -999.9 -999.9 365
sta8 2016 6 25 177 14.1 22.2 22.4 4.7 0 -999.9 -999.9 365
sta8 2016 6 26 178 9.6 22.3 23.2 4.3 0 -999.9 -999.9 365
sta8 2016 6 27 179 12.4 21.5 11.2 2.4 0.4 -999.9 -999.9 365
sta8 2016 6 28 180 14 23.5 16.2 3.5 0 -999.9 -999.9 365
sta8 2016 6 29 181 11.5 24.4 21.8 4.3 0 -999.9 -999.9 365
sta8 2016 6 30 182 15.1 22.2 13.1 3.2 10.8 -999.9 -999.9 365
sta8 2016 7 1 183 15.5 22.7 12.7 3.3 2.4 -999.9 -999.9 365
sta8 2016 7 2 184 12 21.7 21.5 4.5 0 -999.9 -999.9 365
sta8 2016 7 3 185 10.3 18.9 11.7 2.3 0.2 -999.9 -999.9 365
sta8 2016 7 4 186 15.1 20.8 13.1 2.8 0 -999.9 -999.9 365
sta8 2016 7 5 187 12.5 24 17.9 3.8 0 -999.9 -999.9 365
sta8 2016 7 6 188 10.1 24.4 26.5 4.7 0 -999.9 -999.9 365
sta8 2016 7 7 189 10.1 27.6 28.6 5.2 0 -999.9 -999.9 365
sta8 2016 7 8 190 12.3 29.3 26.5 5.8 0 -999.9 -999.9 365
sta8 2016 7 9 191 12.9 28.5 27 5.3 0 -999.9 -999.9 365
sta8 2016 7 10 192 15 31 26.5 6.3 0 -999.9 -999.9 365
sta8 2016 7 11 193 15.8 21.8 12.2 3.5 0 -999.9 -999.9 365
sta8 2016 7 12 194 12.9 23 19.3 4.4 24.6 -999.9 -999.9 365
sta8 2016 7 13 195 12.2 18.8 18 3.7 3.6 -999.9 -999.9 365
sta8 2016 7 14 196 11.1 21.4 20.2 4.1 2.4 -999.9 -999.9 365
sta8 2016 7 15 197 8 23.3 25.7 4.3 0 -999.9 -999.9 365
sta8 2016 7 16 198 11.2 26.1 23.5 4.3 0 -999.9 -999.9 365
sta8 2016 7 17 199 15.2 29.2 27.1 5.5 0 -999.9 -999.9 365
sta8 2016 7 18 200 16.2 31.5 26.9 5.9 0 -999.9 -999.9 365
sta8 2016 7 19 201 16.7 35.1 27.1 6.3 0 -999.9 -999.9 365
sta8 2016 7 20 202 18 29.4 13.6 4.1 0 -999.9 -999.9 365
sta8 2016 7 21 203 17.3 25.6 16.1 3.9 0 -999.9 -999.9 365
sta8 2016 7 22 204 16.2 27.1 21.3 5 0 -999.9 -999.9 365
sta8 2016 7 23 205 14.5 27.3 24.3 5.4 0 -999.9 -999.9 365
sta8 2016 7 24 206 13.7 29.1 22.9 4.9 0 -999.9 -999.9 365
sta8 2016 7 25 207 16.9 27.1 13 3.3 0.2 -999.9 -999.9 365
sta8 2016 7 26 208 13.5 25.2 25.6 5.2 0 -999.9 -999.9 365
sta8 2016 7 27 209 11.5 25.3 18.4 3.9 0.2 -999.9 -999.9 365
sta8 2016 7 28 210 17.3 24.3 14.4 3.8 1.2 -999.9 -999.9 365
sta8 2016 7 29 211 16.4 23.9 11.6 3.2 0.2 -999.9 -999.9 365
sta8 2016 7 30 212 15.5 25.1 19.4 4.2 0 -999.9 -999.9 365
sta8 2016 7 31 213 15.9 25.7 17.8 4.3 0 -999.9 -999.9 365
sta8 2016 8 1 214 12.7 24.9 24.3 5.1 0 -999.9 -999.9 365
sta8 2016 8 2 215 15.2 23.7 10.9 3.4 1.6 -999.9 -999.9 365
sta8 2016 8 3 216 17.4 27.7 19.9 5.6 0 -999.9 -999.9 365
sta8 2016 8 4 217 16.1 21.1 9.7 2.7 1.2 -999.9 -999.9 365
sta8 2016 8 5 218 11.4 22.8 18.1 3.7 0 -999.9 -999.9 365
sta8 2016 8 6 219 10.5 24.8 20.4 3.9 0 -999.9 -999.9 365
sta8 2016 8 7 220 11.3 29.9 24.7 4.9 0 -999.9 -999.9 365
sta8 2016 8 8 221 15 23 18.4 4.1 0 -999.9 -999.9 365
sta8 2016 8 9 222 10 23.1 23.4 4.7 0 -999.9 -999.9 365
sta8 2016 8 10 223 6.6 20 17.7 3.3 0 -999.9 -999.9 365
sta8 2016 8 11 224 6.6 23.4 21.1 3.9 0 -999.9 -999.9 365
sta8 2016 8 12 225 11 27.7 21.2 4.1 0 -999.9 -999.9 365
sta8 2016 8 13 226 11.4 29.7 23.8 4.7 0 -999.9 -999.9 365
sta8 2016 8 14 227 13.7 27.8 20.8 4.5 0 -999.9 -999.9 365
sta8 2016 8 15 228 13.9 28.6 23.7 5.2 0 -999.9 -999.9 365
sta8 2016 8 16 229 14.1 30.3 22.8 5 0 -999.9 -999.9 365
sta8 2016 8 17 230 15.2 31.3 23.1 5 8.2 -999.9 -999.9 365
sta8 2016 8 18 231 17.3 22.3 11.4 2.8 2.6 -999.9 -999.9 365
sta8 2016 8 19 232 15.9 22 11.2 2.8 0.4 -999.9 -999.9 365
sta8 2016 8 20 233 14.2 24.9 20.3 5 0 -999.9 -999.9 365
sta8 2016 8 21 234 11.6 22.3 13 3.7 0 -999.9 -999.9 365
sta8 2016 8 22 235 12.6 28 22.2 4.3 0 -999.9 -999.9 365
sta8 2016 8 23 236 14.2 32.7 22.6 5 0 -999.9 -999.9 365
sta8 2016 8 24 237 15.5 36.1 22.4 5.2 0 -999.9 -999.9 365
sta8 2016 8 25 238 17.3 36.6 21.8 5.2 0 -999.9 -999.9 365
sta8 2016 8 26 239 16.2 35 19.3 4.5 0 -999.9 -999.9 365
sta8 2016 8 27 240 17 34.6 19.6 5 0 -999.9 -999.9 365
sta8 2016 8 28 241 18.9 27.3 17.2 5.2 0 -999.9 -999.9 365
sta8 2016 8 29 242 14.6 23.5 11 2.8 0.4 -999.9 -999.9 365
sta8 2016 8 30 243 13.4 26.4 20.3 4 0 -999.9 -999.9 365
sta8 2016 8 31 244 12.6 28 16.9 3.6 0 -999.9 -999.9 365
sta8 2016 9 1 245 11.5 28 19.7 3.7 0 -999.9 -999.9 365
sta8 2016 9 2 246 12.2 29.6 18.3 3.8 0 -999.9 -999.9 365
sta8 2016 9 3 247 13.6 28.8 19 3.9 0 -999.9 -999.9 365
sta8 2016 9 4 248 16.9 21.7 6.1 2 1.6 -999.9 -999.9 365
sta8 2016 9 5 249 14.6 20.2 5.7 1.1 1.2 -999.9 -999.9 365
sta8 2016 9 6 250 16.9 23.1 7.3 1.7 0.2 -999.9 -999.9 365
sta8 2016 9 7 251 11.5 28.3 20.4 3.7 0 -999.9 -999.9 365
sta8 2016 9 8 252 11.2 25.4 17.4 3.2 0 -999.9 -999.9 365
sta8 2016 9 9 253 7.8 26.5 19.9 3.1 0 -999.9 -999.9 365
sta8 2016 9 10 254 9.2 26.9 19 3.3 0 -999.9 -999.9 365
sta8 2016 9 11 255 17.1 25.3 11.1 2.6 0 -999.9 -999.9 365
sta8 2016 9 12 256 13.6 31.3 15 3.2 0 -999.9 -999.9 365
sta8 2016 9 13 257 18.8 32.6 13.9 4.4 0 -999.9 -999.9 365
sta8 2016 9 14 258 14.6 26.6 15.2 3.4 19.2 -999.9 -999.9 365
sta8 2016 9 15 259 16.6 18.4 6.7 1.5 0.4 -999.9 -999.9 365
sta8 2016 9 16 260 11.1 19.6 12.5 2.1 6 -999.9 -999.9 365
sta8 2016 9 17 261 11.7 17.9 7.4 1.7 0.2 -999.9 -999.9 365
sta8 2016 9 18 262 12.1 20.7 7 1.6 0.4 -999.9 -999.9 365
sta8 2016 9 19 263 13.3 19.6 7.2 1.5 0.2 -999.9 -999.9 365
sta8 2016 9 20 264 13.4 19.9 8.1 1.7 0.2 -999.9 -999.9 365
sta8 2016 9 21 265 6.4 22.8 16.6 2.1 0 -999.9 -999.9 365
sta8 2016 9 22 266 7.6 22.9 13.9 2 0 -999.9 -999.9 365
sta8 2016 9 23 267 10.9 24.5 16.2 2.4 0 -999.9 -999.9 365
sta8 2016 9 24 268 8.8 24.2 17.6 2.9 0 -999.9 -999.9 365
sta8 2016 9 25 269 11.2 19.4 7.4 1.7 2.8 -999.9 -999.9 365
sta8 2016 9 26 270 7.6 20.7 11.9 1.8 0.2 -999.9 -999.9 365
sta8 2016 9 27 271 8.1 22.9 16.2 2.2 0 -999.9 -999.9 365
sta8 2016 9 28 272 11.2 20.6 6.6 1.5 0.2 -999.9 -999.9 365
sta8 2016 9 29 273 12.7 24 12.4 2.4 0 -999.9 -999.9 365
sta8 2016 9 30 274 13 17.7 5.7 1.2 6.4 -999.9 -999.9 365
sta8 2016 10 1 275 11.7 18.1 9.5 1.8 0.8 -999.9 -999.9 365
sta8 2016 10 2 276 7.6 17.4 8.9 1.6 0 -999.9 -999.9 365
sta8 2016 10 3 277 3.3 18.6 15.2 1.5 0 -999.9 -999.9 365
sta8 2016 10 4 278 6.1 18.6 15.3 2 0 -999.9 -999.9 365
sta8 2016 10 5 279 8.8 16.9 15.6 2.6 0 -999.9 -999.9 365
sta8 2016 10 6 280 3.5 15.5 14.7 1.9 0 -999.9 -999.9 365
sta8 2016 10 7 281 6.1 13.7 5.5 1 0 -999.9 -999.9 365
sta8 2016 10 8 282 7.9 16.4 8.5 1.4 0 -999.9 -999.9 365
sta8 2016 10 9 283 3 16.3 13.5 1.3 0 -999.9 -999.9 365
sta8 2016 10 10 284 0.1 14.4 11.2 0.9 0 -999.9 -999.9 365
sta8 2016 10 11 285 3.7 13.3 11.6 1.1 0 -999.9 -999.9 365
sta8 2016 10 12 286 1.8 14.5 12.6 1.3 0 -999.9 -999.9 365
sta8 2016 10 13 287 3.5 9.2 3.6 0.5 1.2 -999.9 -999.9 365
sta8 2016 10 14 288 8.2 12.2 2.9 0.5 3.4 -999.9 -999.9 365
sta8 2016 10 15 289 6.4 17.6 11.2 1.2 0 -999.9 -999.9 365
sta8 2016 10 16 290 7.1 20.8 11.4 1.4 0 -999.9 -999.9 365
sta8 2016 10 17 291 10.6 18.4 6.8 1.1 3.4 -999.9 -999.9 365
sta8 2016 10 18 292 5.7 16.5 10 1 1.2 -999.9 -999.9 365
sta8 2016 10 19 293 5.2 12.7 7.2 0.7 0.4 -999.9 -999.9 365
sta8 2016 10 20 294 7.9 14.3 7.3 1 0 -999.9 -999.9 365
sta8 2016 10 21 295 7.9 12.9 4.8 0.6 1.4 -999.9 -999.9 365
sta8 2016 10 22 296 7.1 12.2 5.9 0.6 0 -999.9 -999.9 365
sta8 2016 10 23 297 3.2 11.4 5.2 0.4 7.2 -999.9 -999.9 365
sta8 2016 10 24 298 8.9 13.8 2.6 0.3 2.6 -999.9 -999.9 365
sta8 2016 10 25 299 10.4 12.9 2 0.2 0.4 -999.9 -999.9 365
sta8 2016 10 26 300 10.4 12.1 3.4 0.5 0.2 -999.9 -999.9 365
sta8 2016 10 27 301 5.4 11.9 4.4 0.4 0 -999.9 -999.9 365
sta8 2016 10 28 302 3.3 13.7 7.6 0.3 0 -999.9 -999.9 365
sta8 2016 10 29 303 10.6 13 2.2 0.7 0.4 -999.9 -999.9 365
sta8 2016 10 30 304 5.4 16.8 9.6 0.6 0 -999.9 -999.9 365
sta8 2016 10 31 305 5.5 17.2 10.1 0.6 0 -999.9 -999.9 365
sta8 2016 11 1 306 1.9 9.3 3.7 0.1 0.2 -999.9 -999.9 365
sta8 2016 11 2 307 6.5 12.6 4.8 0.6 0 -999.9 -999.9 365
sta8 2016 11 3 308 -1.5 11.2 9.4 0.1 0.2 -999.9 -999.9 365
sta8 2016 11 4 309 0.5 8.4 3 0.2 4.6 -999.9 -999.9 365
sta8 2016 11 5 310 6.4 10.6 5.3 0.5 1.6 -999.9 -999.9 365
sta8 2016 11 6 311 3 9.2 7.4 0.3 0 -999.9 -999.9 365
sta8 2016 11 7 312 0 3.2 1.8 0.1 6.8 -999.9 -999.9 365
sta8 2016 11 8 313 1.1 7.4 5.6 0.2 3.8 -999.9 -999.9 365
sta8 2016 11 9 314 4.6 10.2 2.7 0.8 3.8 -999.9 -999.9 365
sta8 2016 11 10 315 6.4 10.4 3.2 0.4 1.4 -999.9 -999.9 365
sta8 2016 11 11 316 4.2 10 5.7 0.6 0 -999.9 -999.9 365
sta8 2016 11 12 317 -2.5 7 4.6 0 5.8 -999.9 -999.9 365
sta8 2016 11 13 318 5.4 9 1.5 0 0.4 -999.9 -999.9 365
sta8 2016 11 14 319 4.5 7.5 3.1 0.2 0.2 -999.9 -999.9 365
sta8 2016 11 15 320 6 11.2 1.8 0.1 0.8 -999.9 -999.9 365
sta8 2016 11 16 321 10.5 11.7 1.7 0.3 2 -999.9 -999.9 365
sta8 2016 11 17 322 9.5 14 4.8 0.6 5.6 -999.9 -999.9 365
sta8 2016 11 18 323 6 10.2 6.2 0.5 0.2 -999.9 -999.9 365
sta8 2016 11 19 324 3.9 11.3 6.7 0.5 0 -999.9 -999.9 365
sta8 2016 11 20 325 6.6 13.7 1.4 0.8 4.8 -999.9 -999.9 365
sta8 2016 11 21 326 10.7 16.5 2.2 1.4 2.2 -999.9 -999.9 365
sta8 2016 11 22 327 7.7 11.6 2.4 0.5 5.4 -999.9 -999.9 365
sta8 2016 11 23 328 7.5 15.9 3.9 0.4 0.2 -999.9 -999.9 365
sta8 2016 11 24 329 8.7 11.8 2.4 0.5 0 -999.9 -999.9 365
sta8 2016 11 25 330 7.6 9.6 0.9 0.3 0.8 -999.9 -999.9 365
sta8 2016 11 26 331 7.1 9.8 2.1 0.2 0 -999.9 -999.9 365
sta8 2016 11 27 332 3.3 8.4 4.1 0.1 0 -999.9 -999.9 365
sta8 2016 11 28 333 2 6.6 6.7 0.6 0 -999.9 -999.9 365
sta8 2016 11 29 334 -1.9 3.8 6.5 0.2 0 -999.9 -999.9 365
sta8 2016 11 30 335 -5.5 6.2 7.2 0 0.2 -999.9 -999.9 365
sta8 2016 12 1 336 -6 5.5 7.2 0 0 -999.9 -999.9 365
sta8 2016 12 2 337 -3.4 4.8 2.2 0 0.2 -999.9 -999.9 365
sta8 2016 12 3 338 3.3 6.7 5.9 0 0 -999.9 -999.9 365
sta8 2016 12 4 339 -2.8 5.3 5.9 0 0 -999.9 -999.9 365
sta8 2016 12 5 340 -0.9 9.8 5.5 0 0.2 -999.9 -999.9 365
sta8 2016 12 6 341 -2.2 11 5.2 0 0 -999.9 -999.9 365
sta8 2016 12 7 342 -1.1 10 4.8 0 0.2 -999.9 -999.9 365
sta8 2016 12 8 343 -2 10.6 5.3 0 0.2 -999.9 -999.9 365
sta8 2016 12 9 344 -0.5 10.5 4.8 0 0 -999.9 -999.9 365
sta8 2016 12 10 345 -1.5 5.3 2.1 0 0.2 -999.9 -999.9 365
sta8 2016 12 11 346 -0.8 7.4 3.1 0 0.2 -999.9 -999.9 365
sta8 2016 12 12 347 3.5 5.5 1.8 0.1 0.4 -999.9 -999.9 365
sta8 2016 12 13 348 4.5 9 2.4 0.3 0 -999.9 -999.9 365
sta8 2016 12 14 349 0.8 9.1 5.3 0 0.2 -999.9 -999.9 365
sta8 2016 12 15 350 -1.9 8 4.6 0 0.2 -999.9 -999.9 365
sta8 2016 12 16 351 3.6 10.5 4.3 0 0 -999.9 -999.9 365
sta8 2016 12 17 352 -1.7 8.6 5 0 0.2 -999.9 -999.9 365
sta8 2016 12 18 353 1.5 2.6 1.1 0 0.4 -999.9 -999.9 365
sta8 2016 12 19 354 1.1 4.9 1.4 0.1 0 -999.9 -999.9 365
sta8 2016 12 20 355 1.8 5.9 2.7 0.1 0 -999.9 -999.9 365
sta8 2016 12 21 356 0.1 6.9 4 0 7.2 -999.9 -999.9 365
sta8 2016 12 22 357 5.3 8.4 1 0 4 -999.9 -999.9 365
sta8 2016 12 23 358 1.1 8.4 1.4 0.2 1.4 -999.9 -999.9 365
sta8 2016 12 24 359 4.5 9.3 3.8 0 0.2 -999.9 -999.9 365
sta8 2016 12 25 360 6 9.7 1.7 1 0 -999.9 -999.9 365
sta8 2016 12 26 361 7 11.1 2.9 0.2 0.4 -999.9 -999.9 365
sta8 2016 12 27 362 -2.8 7 6.1 0 0.4 -999.9 -999.9 365
sta8 2016 12 28 363 -1.2 7.7 5.9 0 0.2 -999.9 -999.9 365
sta8 2016 12 29 364 -1.9 1.1 3.8 0 0 -999.9 -999.9 365
sta8 2016 12 30 365 -4.5 -2.6 1.4 0 0 -999.9 -999.9 365
sta8 2016 12 31 366 -4 -2.9 1.1 0 0 -999.9 -999.9 365
